#         COST_U        COST_H      COST_D       COST_S       REGU_H       REGU_S          HPO           COSTGLEN 
58.2294311523 0.0000000000 0.0000000000 0.0000000000 141.6919708252 0.0000000000 -0.5052522421
56.9618034363 0.0021926234 0.0000000000 0.0000000000 141.7216949463 1475.8515625000 -0.6302118301
58.6242332458 0.0086892936 0.0000000000 0.0000000000 145.2140045166 13346.9326171875 -0.8886360526
61.1975326538 0.0186108537 0.0000000000 0.0000000000 146.6532287598 9529.2265625000 -1.0824520588
64.1757888794 0.0326055661 0.0000000000 0.0000000000 146.6498260498 8535.8994140625 -1.2696431875
67.4168624878 0.0505566448 0.0000000000 0.0000000000 145.7246551514 7200.5419921875 -1.4800125360
70.8815231323 0.0722748637 0.0000000000 0.0000000000 144.0048828125 5987.8715820312 -1.6961953640
74.8592224121 0.0974934995 0.0000000000 0.0000000000 141.6896514893 5159.4311523438 -1.9055726528
79.5447921753 0.1259057969 0.0000000000 0.0000000000 139.6817016602 4660.6748046875 -2.1045665741
85.0498962402 0.1572253555 0.0000000000 0.0000000000 138.4530487061 4264.8974609375 -2.2992746830
91.5614471436 0.1912106425 0.0000000000 0.0000000000 138.0167541504 3794.4018554688 -2.4966986179
99.3081130981 0.2276939899 0.0000000000 0.0000000000 137.4745025635 3298.5007324219 -2.7055439949
108.6527175903 0.2665643394 0.0000000000 0.0000000000 137.5387878418 2891.6479492188 -2.9168372154
119.7966995239 0.3077118993 0.0000000000 0.0000000000 137.6733398438 2617.4860839844 -3.1152904034
132.4261016846 0.3511109352 0.0000000000 0.0000000000 137.7657623291 2387.0270996094 -3.3073992729
145.4730224609 0.3966951370 0.0000000000 0.0000000000 137.1397399902 2134.3193359375 -3.4998993874
157.8397979736 0.4444052279 0.0000000000 0.0000000000 135.9910430908 1890.4006347656 -3.7008352280
169.3364868164 0.4941804111 0.0000000000 0.0000000000 134.9495697021 1701.1464843750 -3.9042711258
180.5403747559 0.5459445715 0.0000000000 0.0000000000 134.1877899170 1560.9744873047 -4.0979928970
192.2569732666 0.5996666551 0.0000000000 0.0000000000 133.9806213379 1426.7126464844 -4.2881646156
205.6105651855 0.6553527713 0.0000000000 0.0000000000 133.9883575439 1279.6645507812 -4.4785337448
221.2075195312 0.7130253315 0.0000000000 0.0000000000 133.9908905029 1147.9898681641 -4.6647758484
239.0027770996 0.7727309465 0.0000000000 0.0000000000 133.8876342773 1043.5609130859 -4.8426203728
258.0807495117 0.8344818354 0.0000000000 0.0000000000 133.8149414062 954.6390380859 -5.0096182823
277.0620117188 0.8982595205 0.0000000000 0.0000000000 133.5279083252 866.2416381836 -5.1699481010
295.4350585938 0.9640237689 0.0000000000 0.0000000000 133.1991119385 778.5449829102 -5.3213291168
313.9377441406 1.0317567587 0.0000000000 0.0000000000 132.8979034424 699.3048706055 -5.4629087448
334.0856933594 1.1013894081 0.0000000000 0.0000000000 132.5368957520 631.6329345703 -5.5921254158
357.3461914062 1.1728733778 0.0000000000 0.0000000000 132.1165008545 577.9619140625 -5.7119560242
384.3681030273 1.2461805344 0.0000000000 0.0000000000 131.7167816162 530.5767822266 -5.8244600296
414.5267333984 1.3213315010 0.0000000000 0.0000000000 131.3775634766 480.3729553223 -5.9272060394
445.3072814941 1.3983254433 0.0000000000 0.0000000000 130.9161224365 432.7399902344 -6.0182161331
472.5803833008 1.4771628380 0.0000000000 0.0000000000 130.3618164062 392.5880432129 -6.0986275673
494.0121459961 1.5577565432 0.0000000000 0.0000000000 129.7212371826 357.7962646484 -6.1696958542
511.2784729004 1.6400165558 0.0000000000 0.0000000000 129.0957794189 324.7099914551 -6.2289524078
526.3265991211 1.7238150835 0.0000000000 0.0000000000 128.5514068604 294.5236206055 -6.2715396881
541.4747314453 1.8090393543 0.0000000000 0.0000000000 128.1212463379 269.0820312500 -6.3259181976
557.2637939453 1.8955819607 0.0000000000 0.0000000000 127.7385864258 245.3957977295 -6.3577313423
572.0055541992 1.9832416773 0.0000000000 0.0000000000 127.3389587402 222.8302001953 -6.3933949471
584.3790283203 2.0719099045 0.0000000000 0.0000000000 126.9211578369 204.2299194336 -6.4145622253
594.3611450195 2.1614992619 0.0000000000 0.0000000000 126.2797622681 187.8477172852 -6.4357337952
603.4257202148 2.2519857883 0.0000000000 0.0000000000 125.7060623169 172.0107879639 -6.4511156082
613.3508300781 2.3432989120 0.0000000000 0.0000000000 125.2227172852 158.1581573486 -6.4622879028
624.3706665039 2.4354455471 0.0000000000 0.0000000000 124.8125305176 146.6045227051 -6.4788279533
636.7536010742 2.5284168720 0.0000000000 0.0000000000 124.5059280396 136.4999389648 -6.4754371643
648.6336669922 2.6222321987 0.0000000000 0.0000000000 124.2659454346 126.9944686890 -6.4934887886
658.3889160156 2.7169442177 0.0000000000 0.0000000000 124.1423034668 118.9021148682 -6.4938688278
664.3770141602 2.8125755787 0.0000000000 0.0000000000 124.0218124390 112.5102157593 -6.4894185066
665.6555175781 2.9091446400 0.0000000000 0.0000000000 123.9300231934 107.6752853394 -6.4988446236
664.6495971680 3.0065815449 0.0000000000 0.0000000000 124.1477890015 103.0123901367 -6.4814181328
662.9724121094 3.1049067974 0.0000000000 0.0000000000 124.3071975708 98.7200164795 -6.4824724197
662.9863281250 3.2040250301 0.0000000000 0.0000000000 124.5152893066 95.6909942627 -6.4810872078
665.5495605469 3.3039376736 0.0000000000 0.0000000000 124.7493286133 93.7959899902 -6.4690308571
669.2150878906 3.4046428204 0.0000000000 0.0000000000 125.1033248901 92.3367691040 -6.4712095261
673.2509155273 3.5062067509 0.0000000000 0.0000000000 125.4322052002 90.7556304932 -6.4576649666
677.2537231445 3.6086919308 0.0000000000 0.0000000000 125.5670242310 90.0947875977 -6.4375834465
680.6688232422 3.7121438980 0.0000000000 0.0000000000 125.6181106567 89.7681503296 -6.4315462112
685.4140625000 3.8165967464 0.0000000000 0.0000000000 125.6494369507 89.8013763428 -6.4036149979
690.4736938477 3.9221363068 0.0000000000 0.0000000000 125.7745437622 90.6455154419 -6.3694477081
694.0759887695 4.0287866592 0.0000000000 0.0000000000 125.8119506836 91.1934432983 -6.3933854103
698.1530761719 4.1365528107 0.0000000000 0.0000000000 126.0237884521 91.9075317383 -6.3626575470
700.2727661133 4.2454214096 0.0000000000 0.0000000000 126.2384109497 93.6966629028 -6.3283061981
698.7413940430 4.3553590775 0.0000000000 0.0000000000 126.2681579590 94.5783691406 -6.3379192352
698.5598144531 4.4662847519 0.0000000000 0.0000000000 126.3459625244 95.9974365234 -6.2994794846
700.8493041992 4.5781126022 0.0000000000 0.0000000000 126.5828781128 97.9939727783 -6.2948169708
706.0485839844 4.6907987595 0.0000000000 0.0000000000 126.8733444214 99.5762100220 -6.2947487831
712.7965698242 4.8043136597 0.0000000000 0.0000000000 127.1618499756 101.3916168213 -6.2444896698
716.0905761719 4.9187140465 0.0000000000 0.0000000000 127.4501953125 103.3895950317 -6.2398281097
717.3506469727 5.0340490341 0.0000000000 0.0000000000 127.7393493652 105.2177886963 -6.2316555977
719.5598754883 5.1502819061 0.0000000000 0.0000000000 128.0965728760 107.4170227051 -6.1876354218
720.7697753906 5.2674322128 0.0000000000 0.0000000000 128.5909881592 109.0461654663 -6.2042431831
724.4335937500 5.3855104446 0.0000000000 0.0000000000 129.1390533447 110.6806945801 -6.1861591339
727.1992797852 5.5045666695 0.0000000000 0.0000000000 129.6775054932 112.4266510010 -6.1469187737
724.9692382812 5.6245884895 0.0000000000 0.0000000000 130.2096405029 113.8734741211 -6.1482534409
722.0222167969 5.7455201149 0.0000000000 0.0000000000 130.7264709473 115.6849975586 -6.1279535294
720.4208984375 5.8673200607 0.0000000000 0.0000000000 131.3342285156 117.1868438721 -6.0721735954
719.1505737305 5.9899740219 0.0000000000 0.0000000000 132.0006256104 118.5331268311 -6.0630116463
718.1513061523 6.1134066582 0.0000000000 0.0000000000 132.6614074707 120.1670074463 -6.0607385635
719.2525024414 6.2375931740 0.0000000000 0.0000000000 133.2725830078 121.7723541260 -6.0390410423
719.7673339844 6.3625898361 0.0000000000 0.0000000000 133.8952026367 122.8662261963 -6.0395169258
720.4644775391 6.4883904457 0.0000000000 0.0000000000 134.5092468262 124.1717224121 -6.0108084679
720.7152709961 6.6150221825 0.0000000000 0.0000000000 134.9855651855 125.4653091431 -5.9697403908
718.1795043945 6.7425951958 0.0000000000 0.0000000000 135.4700164795 126.2821502686 -5.9876914024
718.6718139648 6.8710441589 0.0000000000 0.0000000000 135.9381103516 127.2556381226 -5.9724516869
720.6940917969 7.0003285408 0.0000000000 0.0000000000 136.3939361572 128.1746215820 -5.9340972900
718.5746459961 7.1305198669 0.0000000000 0.0000000000 136.8607025146 129.1125488281 -5.9231677055
714.7059326172 7.2615499496 0.0000000000 0.0000000000 137.2068481445 129.5991973877 -5.9068179131
710.9219360352 7.3933677673 0.0000000000 0.0000000000 137.5576934814 129.6516113281 -5.8713002205
709.0621948242 7.5259542465 0.0000000000 0.0000000000 137.9934997559 129.7364501953 -5.8625702858
708.7913818359 7.6592297554 0.0000000000 0.0000000000 138.4210662842 129.8498229980 -5.8623442650
710.5424194336 7.7931470871 0.0000000000 0.0000000000 138.8387451172 129.6588745117 -5.8284134865
710.2230834961 7.9277420044 0.0000000000 0.0000000000 139.2508850098 129.2945556641 -5.7990794182
707.4375000000 8.0630102158 0.0000000000 0.0000000000 139.4818725586 129.0142517090 -5.7970733643
707.6414184570 8.1989641190 0.0000000000 0.0000000000 139.8818206787 128.4296264648 -5.7652935982
707.8170166016 8.3355722427 0.0000000000 0.0000000000 140.4386901855 128.1827087402 -5.7357568741
707.0899658203 8.4727954865 0.0000000000 0.0000000000 140.7733001709 127.2377471924 -5.7372145653
704.4071655273 8.6105642319 0.0000000000 0.0000000000 141.1139526367 126.4856567383 -5.7154574394
701.1672973633 8.7487182617 0.0000000000 0.0000000000 141.5611572266 125.8018188477 -5.6812729836
697.4364624023 8.8870992661 0.0000000000 0.0000000000 141.7941589355 124.6577758789 -5.6736679077
695.5153198242 9.0256156921 0.0000000000 0.0000000000 142.1423492432 123.4212646484 -5.6582832336
696.3944702148 9.1641645432 0.0000000000 0.0000000000 142.5325622559 122.6028366089 -5.6258797646
696.9222412109 9.3027210236 0.0000000000 0.0000000000 142.7842102051 121.9253158569 -5.6030950546
696.4072265625 9.4413709641 0.0000000000 0.0000000000 143.1695098877 120.6867675781 -5.5873956680
694.4248046875 9.5800666809 0.0000000000 0.0000000000 143.5230560303 119.7196807861 -5.5591287613
692.9105224609 9.7188014984 0.0000000000 0.0000000000 143.8241424561 118.9073791504 -5.5280036926
688.8324584961 9.8576345444 0.0000000000 0.0000000000 144.1601867676 117.8029022217 -5.5194711685
685.8064575195 9.9964323044 0.0000000000 0.0000000000 144.4702911377 116.4324645996 -5.5040464401
681.8690795898 10.1351299286 0.0000000000 0.0000000000 144.7516479492 115.7295989990 -5.4791803360
677.0364379883 10.2736511230 0.0000000000 0.0000000000 145.0493164062 114.7955551147 -5.4598069191
672.2020263672 10.4118509293 0.0000000000 0.0000000000 145.2921600342 113.4790420532 -5.4429874420
668.4310302734 10.5496864319 0.0000000000 0.0000000000 145.5615539551 112.1165771484 -5.4174642563
666.0647583008 10.6871900558 0.0000000000 0.0000000000 145.8519744873 111.0029373169 -5.3896970749
663.1409301758 10.8243160248 0.0000000000 0.0000000000 146.0748443604 109.6872253418 -5.3694205284
660.4398803711 10.9611454010 0.0000000000 0.0000000000 146.2931976318 108.3564453125 -5.3484253883
656.6125488281 11.0976438522 0.0000000000 0.0000000000 146.5013732910 106.8645019531 -5.3250360489
653.7372436523 11.2338132858 0.0000000000 0.0000000000 146.6435241699 105.4770050049 -5.3060798645
650.2034301758 11.3696584702 0.0000000000 0.0000000000 146.7989959717 104.1408538818 -5.2882952690
647.4710083008 11.5051002502 0.0000000000 0.0000000000 146.9687042236 102.5727691650 -5.2650814056
644.7955932617 11.6401224136 0.0000000000 0.0000000000 147.1121826172 100.5449218750 -5.2411804199
640.8882446289 11.7746829987 0.0000000000 0.0000000000 147.2575683594 98.8000335693 -5.2203335762
637.6873779297 11.9087514877 0.0000000000 0.0000000000 147.3958740234 97.5022964478 -5.1975846291
634.5541992188 12.0423154831 0.0000000000 0.0000000000 147.4946899414 95.8595352173 -5.1736993790
632.0325317383 12.1754045486 0.0000000000 0.0000000000 147.6223449707 93.9600296021 -5.1530060768
628.6812133789 12.3079833984 0.0000000000 0.0000000000 147.7169647217 92.0814819336 -5.1330142021
625.1229858398 12.4400653839 0.0000000000 0.0000000000 147.8084259033 90.8234710693 -5.1106691360
620.6613159180 12.5716400146 0.0000000000 0.0000000000 147.8979797363 89.7022857666 -5.0885496140
616.4043579102 12.7026958466 0.0000000000 0.0000000000 147.9663848877 88.4142837524 -5.0670194626
612.5023803711 12.8332471848 0.0000000000 0.0000000000 148.0306701660 87.0691528320 -5.0442447662
607.8104858398 12.9633674622 0.0000000000 0.0000000000 148.0895385742 85.3732452393 -5.0223255157
603.3480224609 13.0929632187 0.0000000000 0.0000000000 148.1379394531 83.6124572754 -5.0018448830
598.2821655273 13.2219982147 0.0000000000 0.0000000000 148.1837310791 81.7943115234 -4.9802799225
593.3227539062 13.3504724503 0.0000000000 0.0000000000 148.2528228760 79.8526229858 -4.9583649635
589.2470092773 13.4783859253 0.0000000000 0.0000000000 148.2789001465 78.5238113403 -4.9373335838
584.9378662109 13.6056442261 0.0000000000 0.0000000000 148.3017120361 77.3810119629 -4.9160857201
580.6569824219 13.7322778702 0.0000000000 0.0000000000 148.3531646729 75.5615463257 -4.8951630592
576.2846069336 13.8582401276 0.0000000000 0.0000000000 148.4057617188 73.5750503540 -4.8743500710
571.9330444336 13.9835529327 0.0000000000 0.0000000000 148.4523468018 71.6060028076 -4.8531079292
567.9176025391 14.1082687378 0.0000000000 0.0000000000 148.5345001221 70.4532546997 -4.8326797485
563.6896362305 14.2323656082 0.0000000000 0.0000000000 148.5863952637 69.8451766968 -4.8124728203
559.3618774414 14.3558483124 0.0000000000 0.0000000000 148.6475982666 68.4257812500 -4.7919125557
554.6967163086 14.4786186218 0.0000000000 0.0000000000 148.7289428711 66.3638000488 -4.7718601227
549.8269042969 14.6007022858 0.0000000000 0.0000000000 148.8067474365 64.9336547852 -4.7517757416
545.2344360352 14.7221298218 0.0000000000 0.0000000000 148.8747253418 64.0689849854 -4.7317175865
541.0165405273 14.8428373337 0.0000000000 0.0000000000 148.9648590088 62.9598426819 -4.7117996216
536.7637329102 14.9628505707 0.0000000000 0.0000000000 149.0508270264 61.6005477905 -4.6920943260
532.5354003906 15.0821390152 0.0000000000 0.0000000000 149.1449890137 60.2487030029 -4.6725430489
528.2444458008 15.2006950378 0.0000000000 0.0000000000 149.2489929199 59.2190093994 -4.6530523300
523.9266967773 15.3185319901 0.0000000000 0.0000000000 149.3563385010 58.2315292358 -4.6338601112
519.9821166992 15.4356489182 0.0000000000 0.0000000000 149.4652099609 57.1899871826 -4.6147632599
516.3425903320 15.5520648956 0.0000000000 0.0000000000 149.5805816650 56.4852294922 -4.5957622528
512.5542602539 15.6677751541 0.0000000000 0.0000000000 149.7115020752 55.9597778320 -4.5770497322
508.4557189941 15.7827310562 0.0000000000 0.0000000000 149.8298950195 55.7221832275 -4.5586433411
504.5131225586 15.8969898224 0.0000000000 0.0000000000 149.9314727783 55.5052947998 -4.5403037071
500.9192504883 16.0105438232 0.0000000000 0.0000000000 150.0428009033 55.0020523071 -4.5224094391
497.1989135742 16.1233921051 0.0000000000 0.0000000000 150.1537017822 54.5779876709 -4.5043230057
493.3814697266 16.2355403900 0.0000000000 0.0000000000 150.2463226318 53.9772377014 -4.4866437912
489.6003723145 16.3469619751 0.0000000000 0.0000000000 150.3212890625 53.1468658447 -4.4692845345
486.0997009277 16.4576187134 0.0000000000 0.0000000000 150.3920898438 52.9018325806 -4.4518938065
482.7848205566 16.5674037933 0.0000000000 0.0000000000 150.4677276611 53.1104087830 -4.4350318909
479.4017028809 16.6763458252 0.0000000000 0.0000000000 150.5317687988 52.6758384705 -4.4177575111
475.9509582520 16.7844867706 0.0000000000 0.0000000000 150.5758361816 51.7549324036 -4.4010329247
472.7209472656 16.8918399811 0.0000000000 0.0000000000 150.6412963867 51.2630157471 -4.3843846321
469.8785705566 16.9984798431 0.0000000000 0.0000000000 150.7191314697 50.8134956360 -4.3680291176
467.1039123535 17.1043739319 0.0000000000 0.0000000000 150.7795257568 49.9036598206 -4.3518271446
464.1552124023 17.2095699310 0.0000000000 0.0000000000 150.8217620850 49.2171897888 -4.3358530998
460.9700622559 17.3140487671 0.0000000000 0.0000000000 150.8662109375 48.8993530273 -4.3199315071
457.9170837402 17.4178829193 0.0000000000 0.0000000000 150.9192047119 48.2927360535 -4.3040161133
455.0458679199 17.5209884644 0.0000000000 0.0000000000 150.9734802246 47.9099273682 -4.2885618210
452.1095581055 17.6233520508 0.0000000000 0.0000000000 151.0149230957 47.6710853577 -4.2731490135
449.0467834473 17.7250080109 0.0000000000 0.0000000000 151.0608062744 47.1770858765 -4.2577795982
445.8956604004 17.8258895874 0.0000000000 0.0000000000 151.1238708496 47.2901840210 -4.2425451279
442.7920837402 17.9260845184 0.0000000000 0.0000000000 151.1912841797 47.4172286987 -4.2275047302
439.8058166504 18.0255661011 0.0000000000 0.0000000000 151.2570190430 46.5874481201 -4.2125968933
436.8964233398 18.1243400574 0.0000000000 0.0000000000 151.3185424805 45.3843917847 -4.1977896690
433.8447875977 18.2224121094 0.0000000000 0.0000000000 151.4066162109 44.9337997437 -4.1830573082
430.6990356445 18.3198394775 0.0000000000 0.0000000000 151.4839782715 44.9309272766 -4.1686758995
427.7197875977 18.4165935516 0.0000000000 0.0000000000 151.5632019043 44.5633773804 -4.1539330482
424.9247741699 18.5127105713 0.0000000000 0.0000000000 151.6510925293 44.4405212402 -4.1394710541
422.0424194336 18.6081676483 0.0000000000 0.0000000000 151.7374267578 44.8182525635 -4.1245861053
418.9863281250 18.7030277252 0.0000000000 0.0000000000 151.8337554932 45.0425033569 -4.1109247208
415.9237365723 18.7972240448 0.0000000000 0.0000000000 151.9275054932 44.6887092590 -4.0968980789
412.9934997559 18.8907489777 0.0000000000 0.0000000000 152.0126190186 44.0490493774 -4.0826282501
410.1482238770 18.9836635590 0.0000000000 0.0000000000 152.0843963623 43.8988571167 -4.0687203407
407.3101806641 19.0759029388 0.0000000000 0.0000000000 152.1669464111 44.2387924194 -4.0549240112
404.4358825684 19.1674556732 0.0000000000 0.0000000000 152.2442169189 44.0894393921 -4.0412135124
401.5842895508 19.2583293915 0.0000000000 0.0000000000 152.3063201904 43.8651657104 -4.0278425217
398.8888244629 19.3484363556 0.0000000000 0.0000000000 152.3618621826 43.7712860107 -4.0143575668
396.2257690430 19.4378623962 0.0000000000 0.0000000000 152.4210510254 43.0019721985 -4.0010194778
393.4878540039 19.5266113281 0.0000000000 0.0000000000 152.4783935547 43.2646102905 -3.9880363941
390.7219238281 19.6146450043 0.0000000000 0.0000000000 152.5270843506 42.8414840698 -3.9748740196
387.9798278809 19.7020454407 0.0000000000 0.0000000000 152.5745086670 42.7805938721 -3.9620184898
385.2569580078 19.7886943817 0.0000000000 0.0000000000 152.6181335449 42.4583396912 -3.9494268894
382.5118408203 19.8745765686 0.0000000000 0.0000000000 152.6679534912 41.9459991455 -3.9366154671
379.8150939941 19.9597473145 0.0000000000 0.0000000000 152.7166748047 41.5476493835 -3.9242305756
377.2083435059 20.0441303253 0.0000000000 0.0000000000 152.7635345459 40.8805694580 -3.9118990898
374.5180358887 20.1277809143 0.0000000000 0.0000000000 152.8079376221 40.4088211060 -3.8998603821
371.8799438477 20.2106475830 0.0000000000 0.0000000000 152.8566131592 39.1674079895 -3.8875415325
369.3291931152 20.2928028107 0.0000000000 0.0000000000 152.8903656006 38.7663345337 -3.8756253719
366.8563842773 20.3742790222 0.0000000000 0.0000000000 152.9309692383 38.8206481934 -3.8637940884
364.3179016113 20.4550876617 0.0000000000 0.0000000000 152.9793243408 38.6249885559 -3.8520517349
361.8056030273 20.5352516174 0.0000000000 0.0000000000 153.0212860107 38.5198898315 -3.8404462337
359.3140563965 20.6148319244 0.0000000000 0.0000000000 153.0679168701 38.8505859375 -3.8289058208
356.8654785156 20.6937541962 0.0000000000 0.0000000000 153.1118927002 39.1284980774 -3.8174958229
354.4855957031 20.7721099854 0.0000000000 0.0000000000 153.1506195068 38.7655105591 -3.8060669899
352.2332458496 20.8499622345 0.0000000000 0.0000000000 153.1949615479 37.7937164307 -3.7948050499
350.0715332031 20.9272994995 0.0000000000 0.0000000000 153.2405242920 37.8922271729 -3.7836632729
347.8341979980 21.0041675568 0.0000000000 0.0000000000 153.2749938965 38.3723678589 -3.7726526260
345.6875000000 21.0805816650 0.0000000000 0.0000000000 153.3045501709 38.1992874146 -3.7618532181
343.6155700684 21.1565170288 0.0000000000 0.0000000000 153.3531341553 37.8159141541 -3.7511157990
341.5320434570 21.2319793701 0.0000000000 0.0000000000 153.3922119141 37.7845230103 -3.7405886650
339.4117126465 21.3069248199 0.0000000000 0.0000000000 153.4200439453 37.7537498474 -3.7301905155
337.3274230957 21.3812923431 0.0000000000 0.0000000000 153.4463195801 37.1921615601 -3.7198910713
335.3303527832 21.4550209045 0.0000000000 0.0000000000 153.4775695801 36.3473777771 -3.7099242210
333.3989868164 21.5281486511 0.0000000000 0.0000000000 153.5069580078 35.8490180969 -3.6995406151
331.5064086914 21.6007003784 0.0000000000 0.0000000000 153.5459747314 35.8563194275 -3.6887962818
329.7124633789 21.6726875305 0.0000000000 0.0000000000 153.5745239258 35.6328468323 -3.6795656681
327.9492797852 21.7441082001 0.0000000000 0.0000000000 153.5971221924 35.0773696899 -3.6698982716
326.2213745117 21.8148689270 0.0000000000 0.0000000000 153.6123657227 34.6767883301 -3.6598875523
324.5385437012 21.8850650787 0.0000000000 0.0000000000 153.6320037842 34.9103317261 -3.6501502991
322.8945922852 21.9546794891 0.0000000000 0.0000000000 153.6508026123 35.1940307617 -3.6404843330
321.2449645996 22.0237617493 0.0000000000 0.0000000000 153.6692657471 35.0781898499 -3.6309082508
319.5918884277 22.0923519135 0.0000000000 0.0000000000 153.6811676025 34.9118385315 -3.6214153767
317.8797302246 22.1603755951 0.0000000000 0.0000000000 153.6876678467 34.8421325684 -3.6119513512
316.1766052246 22.2279434204 0.0000000000 0.0000000000 153.7015686035 34.6381988525 -3.6024703979
314.5080871582 22.2950382233 0.0000000000 0.0000000000 153.7075042725 34.6290054321 -3.5932390690
312.8764343262 22.3616390228 0.0000000000 0.0000000000 153.7151031494 35.0909194946 -3.5839872360
311.2832336426 22.4277706146 0.0000000000 0.0000000000 153.7181549072 36.0535736084 -3.5731422901
309.6754455566 22.4933624268 0.0000000000 0.0000000000 153.7193756104 37.0477676392 -3.5658838749
308.0673522949 22.5583953857 0.0000000000 0.0000000000 153.7255249023 37.2450599670 -3.5544850826
306.5088195801 22.6228561401 0.0000000000 0.0000000000 153.7296295166 36.7744369507 -3.5482008457
305.0685424805 22.6867370605 0.0000000000 0.0000000000 153.7404785156 36.1591644287 -3.5393350124
303.6377868652 22.7501010895 0.0000000000 0.0000000000 153.7476654053 35.6262130737 -3.5306580067
302.1557922363 22.8129673004 0.0000000000 0.0000000000 153.7470703125 35.2478485107 -3.5221254826
300.6893005371 22.8753776550 0.0000000000 0.0000000000 153.7464294434 34.7226562500 -3.5135838985
299.2427673340 22.9373874664 0.0000000000 0.0000000000 153.7486572266 34.0601654053 -3.5051739216
297.7948303223 22.9989604950 0.0000000000 0.0000000000 153.7545776367 33.7162704468 -3.4968054295
296.2854003906 23.0601177216 0.0000000000 0.0000000000 153.7481079102 33.7823028564 -3.4885284901
294.7971191406 23.1208000183 0.0000000000 0.0000000000 153.7445983887 33.8745346069 -3.4802956581
293.3331604004 23.1810474396 0.0000000000 0.0000000000 153.7577972412 33.9535522461 -3.4722256660
291.8807983398 23.2407894135 0.0000000000 0.0000000000 153.7787017822 34.0096206665 -3.4640507698
290.4603881836 23.3000812531 0.0000000000 0.0000000000 153.7923583984 33.8273277283 -3.4560036659
289.0566101074 23.3589725494 0.0000000000 0.0000000000 153.7981109619 33.6688423157 -3.4480333328
287.6641845703 23.4174480438 0.0000000000 0.0000000000 153.8054809570 33.8017730713 -3.4401121140
286.2638854980 23.4755096436 0.0000000000 0.0000000000 153.8126525879 33.8217773438 -3.4322721958
284.8890380859 23.5331535339 0.0000000000 0.0000000000 153.8190917969 33.5998382568 -3.4244894981
283.5622863770 23.5903129578 0.0000000000 0.0000000000 153.8267974854 33.2295799255 -3.4168243408
282.3182983398 23.6469421387 0.0000000000 0.0000000000 153.8448638916 32.8855514526 -3.4090993404
281.1490478516 23.7031192780 0.0000000000 0.0000000000 153.8607635498 32.7080841064 -3.4014909267
279.9517517090 23.7588367462 0.0000000000 0.0000000000 153.8693542480 32.5187530518 -3.3938648701
278.7365112305 23.8140983582 0.0000000000 0.0000000000 153.8859405518 32.4338569641 -3.3863115311
277.5439453125 23.8689212799 0.0000000000 0.0000000000 153.9104614258 32.6341514587 -3.3787643909
276.3685607910 23.9232597351 0.0000000000 0.0000000000 153.9292144775 32.7987403870 -3.3715672493
275.2453918457 23.9771003723 0.0000000000 0.0000000000 153.9490814209 32.6000099182 -3.3637013435
274.0639038086 24.0304489136 0.0000000000 0.0000000000 153.9707336426 32.2295303345 -3.3561582565
272.8935241699 24.0833492279 0.0000000000 0.0000000000 153.9933471680 31.7855739594 -3.3486580849
271.7790527344 24.1358242035 0.0000000000 0.0000000000 154.0033721924 31.4076557159 -3.3411498070
270.6705322266 24.1878776550 0.0000000000 0.0000000000 154.0104980469 31.4802284241 -3.3336541653
269.5422363281 24.2395153046 0.0000000000 0.0000000000 154.0214233398 31.8845806122 -3.3261115551
268.3947143555 24.2907352448 0.0000000000 0.0000000000 154.0374450684 32.1410064697 -3.3184957504
267.2872619629 24.3415184021 0.0000000000 0.0000000000 154.0520477295 32.3515930176 -3.3108415604
266.2127075195 24.3918781281 0.0000000000 0.0000000000 154.0661621094 32.7964630127 -3.3033134937
265.1394042969 24.4418067932 0.0000000000 0.0000000000 154.0890197754 32.9744606018 -3.2957150936
264.0650329590 24.4912719727 0.0000000000 0.0000000000 154.1153564453 32.7404556274 -3.2881288528
262.9740295410 24.5402812958 0.0000000000 0.0000000000 154.1363525391 32.7808189392 -3.2805359364
261.8769226074 24.5888442993 0.0000000000 0.0000000000 154.1536102295 33.2529983521 -3.2730324268
260.8190612793 24.6369705200 0.0000000000 0.0000000000 154.1810455322 33.4404678345 -3.2653591633
259.7844238281 24.6847114563 0.0000000000 0.0000000000 154.2062377930 32.9104881287 -3.2579431534
258.6872253418 24.7320289612 0.0000000000 0.0000000000 154.2155761719 32.1459922791 -3.2501423359
257.6128845215 24.7789916992 0.0000000000 0.0000000000 154.2251892090 31.8322124481 -3.2425715923
256.5653381348 24.8256034851 0.0000000000 0.0000000000 154.2375335693 32.2420196533 -3.2349989414
255.5659790039 24.8718624115 0.0000000000 0.0000000000 154.2472534180 32.9203147888 -3.2274131775
254.5236206055 24.9177780151 0.0000000000 0.0000000000 154.2559204102 33.4115066528 -3.2197904587
253.4456329346 24.9633407593 0.0000000000 0.0000000000 154.2586059570 33.6431388855 -3.2121245861
252.3713684082 25.0085639954 0.0000000000 0.0000000000 154.2702941895 33.6166877747 -3.2044904232
251.2652893066 25.0534152985 0.0000000000 0.0000000000 154.2812957764 33.4032745361 -3.1967625618
250.2182006836 25.0979328156 0.0000000000 0.0000000000 154.2974700928 33.3171615601 -3.1890873909
249.1611633301 25.1421031952 0.0000000000 0.0000000000 154.3087921143 33.6174240112 -3.1804430485
248.1168670654 25.1858997345 0.0000000000 0.0000000000 154.3023681641 34.0235214233 -3.1728057861
247.1122131348 25.2293338776 0.0000000000 0.0000000000 154.2981719971 34.4206924438 -3.1660544872
246.0849304199 25.2724571228 0.0000000000 0.0000000000 154.3031005859 35.0199699402 -3.1584382057
245.0567626953 25.3152160645 0.0000000000 0.0000000000 154.2923583984 35.5099143982 -3.1507833004
243.9945983887 25.3576354980 0.0000000000 0.0000000000 154.2810058594 35.5978660583 -3.1430563927
242.9564208984 25.3997325897 0.0000000000 0.0000000000 154.2815093994 35.3449211121 -3.1354117393
241.8886566162 25.4415416718 0.0000000000 0.0000000000 154.2865295410 34.7813186646 -3.1280305386
240.8249511719 25.4830646515 0.0000000000 0.0000000000 154.2777404785 33.9317283630 -3.1201665401
239.8111877441 25.5243358612 0.0000000000 0.0000000000 154.2640686035 33.3206253052 -3.1126327515
238.7914123535 25.5653858185 0.0000000000 0.0000000000 154.2612304688 33.4761161804 -3.1051881313
237.7715454102 25.6062488556 0.0000000000 0.0000000000 154.2619018555 34.0875129700 -3.0977766514
236.7683258057 25.6468563080 0.0000000000 0.0000000000 154.2610626221 34.2505035400 -3.0902895927
235.8110046387 25.6872558594 0.0000000000 0.0000000000 154.2669372559 33.7252235413 -3.0829775333
234.9326019287 25.7274475098 0.0000000000 0.0000000000 154.2858886719 32.6957893372 -3.0757443905
234.0474243164 25.7674140930 0.0000000000 0.0000000000 154.2912445068 31.7122325897 -3.0686135292
233.1509857178 25.8071651459 0.0000000000 0.0000000000 154.2957611084 31.5523185730 -3.0615723133
232.2787017822 25.8467197418 0.0000000000 0.0000000000 154.3125762939 31.8640365601 -3.0546765327
231.4002685547 25.8861083984 0.0000000000 0.0000000000 154.3234100342 32.1733207703 -3.0478460789
230.4694519043 25.9253082275 0.0000000000 0.0000000000 154.3244171143 32.8567123413 -3.0411405563
229.4859008789 25.9643096924 0.0000000000 0.0000000000 154.3233947754 33.5481033325 -3.0345149040
228.4991149902 26.0031032562 0.0000000000 0.0000000000 154.3215026855 33.6052093506 -3.0279037952
227.5885314941 26.0417671204 0.0000000000 0.0000000000 154.3292388916 33.0275650024 -3.0214352608
226.7163238525 26.0802917480 0.0000000000 0.0000000000 154.3376922607 32.1981925964 -3.0151252747
225.8620910645 26.1186237335 0.0000000000 0.0000000000 154.3415527344 31.6343822479 -3.0088734627
225.0339355469 26.1567783356 0.0000000000 0.0000000000 154.3445434570 31.6956329346 -3.0014758110
224.2580566406 26.1947746277 0.0000000000 0.0000000000 154.3528747559 32.3122711182 -2.9966888428
223.5341949463 26.2326087952 0.0000000000 0.0000000000 154.3574218750 32.7571868896 -2.9908368587
222.7786102295 26.2703056335 0.0000000000 0.0000000000 154.3611907959 32.6654891968 -2.9849750996
221.9761657715 26.3078746796 0.0000000000 0.0000000000 154.3653869629 32.5922966003 -2.9791469574
221.1907348633 26.3453521729 0.0000000000 0.0000000000 154.3683013916 32.7167282104 -2.9734823704
220.4413452148 26.3827133179 0.0000000000 0.0000000000 154.3758392334 32.7432785034 -2.9678595066
219.6495971680 26.4199275970 0.0000000000 0.0000000000 154.3809051514 32.6782035828 -2.9623062611
218.8422088623 26.4569358826 0.0000000000 0.0000000000 154.3834838867 32.7300910950 -2.9568178654
218.0445251465 26.4937572479 0.0000000000 0.0000000000 154.3818054199 32.7864761353 -2.9513523579
217.3433685303 26.5303916931 0.0000000000 0.0000000000 154.3804931641 32.8938865662 -2.9456379414
216.7272186279 26.5668296814 0.0000000000 0.0000000000 154.3938293457 33.4405212402 -2.9405755997
216.1251525879 26.6030921936 0.0000000000 0.0000000000 154.3963928223 33.9969367981 -2.9352836609
215.4929046631 26.6391353607 0.0000000000 0.0000000000 154.3912353516 33.7703857422 -2.9299552441
214.8753509521 26.6750602722 0.0000000000 0.0000000000 154.3917083740 32.9857978821 -2.9246842861
214.2625427246 26.7108669281 0.0000000000 0.0000000000 154.4002838135 32.2801475525 -2.9194753170
213.5904235840 26.7465000153 0.0000000000 0.0000000000 154.3913879395 31.7868232727 -2.9142546654
212.8582763672 26.7819633484 0.0000000000 0.0000000000 154.3837432861 31.5221481323 -2.9091761112
212.1006927490 26.8173236847 0.0000000000 0.0000000000 154.3847961426 31.7118072510 -2.9040873051
211.3766632080 26.8525409698 0.0000000000 0.0000000000 154.3798370361 32.2845916748 -2.8990597725
210.6825256348 26.8875980377 0.0000000000 0.0000000000 154.3794708252 32.6755180359 -2.8940582275
210.0078582764 26.9224720001 0.0000000000 0.0000000000 154.3826599121 32.7049064636 -2.8891532421
209.3698883057 26.9571533203 0.0000000000 0.0000000000 154.3907012939 32.7373809814 -2.8842713833
208.7933807373 26.9916572571 0.0000000000 0.0000000000 154.3911285400 32.8330154419 -2.8793842793
208.2556915283 27.0260543823 0.0000000000 0.0000000000 154.4048156738 32.9518051147 -2.8746073246
207.6909790039 27.0603446960 0.0000000000 0.0000000000 154.4241790771 33.3309173584 -2.8697235584
207.0682067871 27.0945301056 0.0000000000 0.0000000000 154.4338684082 34.1844444275 -2.8649384975
206.4371795654 27.1286277771 0.0000000000 0.0000000000 154.4455261230 35.3256454468 -2.8601522446
205.7954711914 27.1626605988 0.0000000000 0.0000000000 154.4620513916 36.3083724976 -2.8553817272
205.1235198975 27.1965312958 0.0000000000 0.0000000000 154.4787902832 36.9314346313 -2.8506107330
204.4205474854 27.2302284241 0.0000000000 0.0000000000 154.4858398438 37.3183898926 -2.8458702564
203.7412567139 27.2637844086 0.0000000000 0.0000000000 154.4988250732 37.5413093567 -2.8411607742
203.0871887207 27.2972030640 0.0000000000 0.0000000000 154.5205230713 37.8756866455 -2.8364758492
202.4573974609 27.3304653168 0.0000000000 0.0000000000 154.5358886719 38.7381935120 -2.8318347931
201.8392486572 27.3635597229 0.0000000000 0.0000000000 154.5461578369 39.9848327637 -2.8271927834
201.2373504639 27.3964557648 0.0000000000 0.0000000000 154.5603942871 40.7810592651 -2.8225615025
200.6609649658 27.4291400909 0.0000000000 0.0000000000 154.5760955811 40.4888534546 -2.8179018497
200.0679931641 27.4615688324 0.0000000000 0.0000000000 154.5792694092 39.4429244995 -2.8133530617
199.4546661377 27.4937438965 0.0000000000 0.0000000000 154.5789489746 38.4389343262 -2.8085863590
198.8280639648 27.5256786346 0.0000000000 0.0000000000 154.5870361328 37.8846549988 -2.8039290905
198.1853179932 27.5573768616 0.0000000000 0.0000000000 154.5784454346 37.6602668762 -2.7993459702
197.5440979004 27.5888423920 0.0000000000 0.0000000000 154.5727233887 37.4744148254 -2.7947766781
196.9059600830 27.6201095581 0.0000000000 0.0000000000 154.5691528320 37.2193336487 -2.7902016640
196.2980499268 27.6512145996 0.0000000000 0.0000000000 154.5625762939 37.0916061401 -2.7856783867
195.6913299561 27.6821212769 0.0000000000 0.0000000000 154.5476837158 37.1243820190 -2.7811193466
195.1032562256 27.7128486633 0.0000000000 0.0000000000 154.5395660400 36.8683013916 -2.7766199112
194.5606536865 27.7434520721 0.0000000000 0.0000000000 154.5406341553 36.4124259949 -2.7720818520
194.0895080566 27.7739658356 0.0000000000 0.0000000000 154.5356445312 35.9247550964 -2.7675895691
193.6290435791 27.8043899536 0.0000000000 0.0000000000 154.5228424072 34.9580688477 -2.7630972862
193.1173095703 27.8347091675 0.0000000000 0.0000000000 154.5221710205 33.8861846924 -2.7586007118
192.5784912109 27.8649520874 0.0000000000 0.0000000000 154.5243988037 33.6875724792 -2.7541568279
192.0188293457 27.8950653076 0.0000000000 0.0000000000 154.5181274414 34.0542716980 -2.7497060299
191.4309692383 27.9249992371 0.0000000000 0.0000000000 154.5133666992 34.4343452454 -2.7452950478
190.8229064941 27.9546871185 0.0000000000 0.0000000000 154.5166320801 34.6853828430 -2.7407834530
190.2424621582 27.9841041565 0.0000000000 0.0000000000 154.5112457275 35.0540657043 -2.7363405228
189.7328948975 28.0132217407 0.0000000000 0.0000000000 154.5069274902 36.1705589294 -2.7318949699
189.2472229004 28.0420780182 0.0000000000 0.0000000000 154.5066680908 37.7406158447 -2.7274203300
188.7711944580 28.0707187653 0.0000000000 0.0000000000 154.5090942383 38.2072944641 -2.7229299545
188.2919769287 28.0991554260 0.0000000000 0.0000000000 154.5055084229 36.7868232727 -2.7184407711
187.8197784424 28.1274433136 0.0000000000 0.0000000000 154.5048370361 34.8208847046 -2.7139461040
187.3302917480 28.1555881500 0.0000000000 0.0000000000 154.5075225830 34.0532379150 -2.7094731331
186.7977294922 28.1836032867 0.0000000000 0.0000000000 154.4986572266 34.4966812134 -2.7049720287
186.2403717041 28.2114772797 0.0000000000 0.0000000000 154.4860839844 35.4917678833 -2.7004516125
185.6928100586 28.2391700745 0.0000000000 0.0000000000 154.4842834473 37.0897369385 -2.6959035397
185.1492614746 28.2666397095 0.0000000000 0.0000000000 154.4819488525 39.2059288025 -2.6913156509
184.6218719482 28.2939071655 0.0000000000 0.0000000000 154.4756164551 40.9794082642 -2.6866712570
184.0883331299 28.3209934235 0.0000000000 0.0000000000 154.4651031494 42.0531997681 -2.6820733547
183.5755157471 28.3479099274 0.0000000000 0.0000000000 154.4595031738 42.7329635620 -2.6773042679
183.0701599121 28.3747177124 0.0000000000 0.0000000000 154.4441528320 43.4679718018 -2.6725876331
182.5916900635 28.4013805389 0.0000000000 0.0000000000 154.4307556152 44.0563049316 -2.6678979397
182.1022186279 28.4278488159 0.0000000000 0.0000000000 154.4239349365 43.6518745422 -2.6630229950
181.5741577148 28.4541130066 0.0000000000 0.0000000000 154.4111022949 42.3837509155 -2.6582546234
181.0276489258 28.4801807404 0.0000000000 0.0000000000 154.3979797363 41.2997207642 -2.6533963680
180.5069274902 28.5060653687 0.0000000000 0.0000000000 154.3787689209 40.8835601807 -2.6503643990
180.0011444092 28.5317153931 0.0000000000 0.0000000000 154.3577423096 41.1485176086 -2.6438031197
179.4838256836 28.5571937561 0.0000000000 0.0000000000 154.3408203125 41.5561637878 -2.6390514374
178.9815216064 28.5824966431 0.0000000000 0.0000000000 154.3237152100 41.4424400330 -2.6343433857
178.5158996582 28.6075763702 0.0000000000 0.0000000000 154.3162536621 40.9986648560 -2.6296138763
178.0747375488 28.6324424744 0.0000000000 0.0000000000 154.3028106689 40.7507362366 -2.6249091625
177.6442718506 28.6570816040 0.0000000000 0.0000000000 154.2873840332 40.5487213135 -2.6202454567
177.2314147949 28.6815166473 0.0000000000 0.0000000000 154.2709045410 40.2441787720 -2.6155591011
176.8133392334 28.7057704926 0.0000000000 0.0000000000 154.2617645264 40.8465461731 -2.6108946800
176.3975219727 28.7298679352 0.0000000000 0.0000000000 154.2328643799 42.0092353821 -2.6063103676
175.9459381104 28.7538166046 0.0000000000 0.0000000000 154.1986389160 42.6035690308 -2.6017892361
175.4771575928 28.7775459290 0.0000000000 0.0000000000 154.1685638428 42.9555053711 -2.5973243713
175.0099945068 28.8011302948 0.0000000000 0.0000000000 154.1524658203 43.1512107849 -2.5928845406
174.5616912842 28.8245544434 0.0000000000 0.0000000000 154.1655731201 43.3302536011 -2.5885212421
174.1096038818 28.8478088379 0.0000000000 0.0000000000 154.1869812012 44.1042327881 -2.5841448307
173.6565399170 28.8709182739 0.0000000000 0.0000000000 154.2055358887 45.7355613708 -2.5798881054
173.2446594238 28.8938369751 0.0000000000 0.0000000000 154.2203521729 47.0495605469 -2.5755538940
172.8544464111 28.9166088104 0.0000000000 0.0000000000 154.2261505127 47.8069763184 -2.5713565350
172.4601898193 28.9392375946 0.0000000000 0.0000000000 154.2340545654 47.6439476013 -2.5671801567
172.0537109375 28.9616947174 0.0000000000 0.0000000000 154.2437591553 46.8913116455 -2.5629096031
171.6706237793 28.9839725494 0.0000000000 0.0000000000 154.2414703369 46.4436683655 -2.5586545467
171.2937316895 29.0060310364 0.0000000000 0.0000000000 154.2344512939 46.0446853638 -2.5543942451
170.8943939209 29.0278987885 0.0000000000 0.0000000000 154.2322845459 45.2756195068 -2.5501215458
170.4712066650 29.0495452881 0.0000000000 0.0000000000 154.2266082764 43.7336921692 -2.5458405018
170.0607452393 29.0709934235 0.0000000000 0.0000000000 154.2098236084 42.2408065796 -2.5415563583
169.6625671387 29.0921821594 0.0000000000 0.0000000000 154.1914825439 41.8102912903 -2.5373036861
169.2831573486 29.1131191254 0.0000000000 0.0000000000 154.1726074219 42.4021110535 -2.5330519676
168.9242706299 29.1337871552 0.0000000000 0.0000000000 154.1619567871 43.6089210510 -2.5288479328
168.5834655762 29.1541996002 0.0000000000 0.0000000000 154.1494598389 44.6695861816 -2.5246486664
168.2604980469 29.1744022369 0.0000000000 0.0000000000 154.1418762207 44.9421615601 -2.5205478668
167.9155883789 29.1944332123 0.0000000000 0.0000000000 154.1362152100 44.2727470398 -2.5164530277
167.5678558350 29.2142734528 0.0000000000 0.0000000000 154.1310729980 43.1397399902 -2.5125093460
167.2132873535 29.2339706421 0.0000000000 0.0000000000 154.1256103516 42.6964607239 -2.5086119175
166.8614501953 29.2535362244 0.0000000000 0.0000000000 154.1214294434 43.1367225647 -2.5047907829
166.4959716797 29.2729663849 0.0000000000 0.0000000000 154.1187286377 44.0811462402 -2.5010364056
166.1557617188 29.2921886444 0.0000000000 0.0000000000 154.1171112061 44.8759040833 -2.4973278046
165.8166198730 29.3112640381 0.0000000000 0.0000000000 154.1136169434 45.1792640686 -2.4937188625
165.4966583252 29.3301982880 0.0000000000 0.0000000000 154.1114654541 44.6916923523 -2.4901723862
165.1718902588 29.3490085602 0.0000000000 0.0000000000 154.1102447510 43.5543861389 -2.4866988659
164.8648834229 29.3677425385 0.0000000000 0.0000000000 154.1140747070 42.2441864014 -2.4832980633
164.5390167236 29.3863639832 0.0000000000 0.0000000000 154.1133728027 41.4846725464 -2.4799563885
164.2331085205 29.4048709869 0.0000000000 0.0000000000 154.1172180176 41.6284790039 -2.4766685963
163.9105529785 29.4232864380 0.0000000000 0.0000000000 154.1184082031 42.5115089417 -2.4734568596
163.5842590332 29.4415493011 0.0000000000 0.0000000000 154.1230773926 43.4506301880 -2.4702942371
163.2460632324 29.4596920013 0.0000000000 0.0000000000 154.1246032715 43.8465995789 -2.4672019482
162.9164886475 29.4777278900 0.0000000000 0.0000000000 154.1274719238 43.5877914429 -2.4642074108
162.5942687988 29.4956455231 0.0000000000 0.0000000000 154.1291351318 42.9827308655 -2.4612109661
162.2794799805 29.5134906769 0.0000000000 0.0000000000 154.1320343018 42.4871368408 -2.4583270550
162.0029296875 29.5312805176 0.0000000000 0.0000000000 154.1347656250 42.3370895386 -2.4555208683
161.7406616211 29.5490188599 0.0000000000 0.0000000000 154.1355743408 42.5511360168 -2.4527456760
161.4617919922 29.5667476654 0.0000000000 0.0000000000 154.1409912109 43.1385765076 -2.4500234127
161.1640930176 29.5844802856 0.0000000000 0.0000000000 154.1492462158 44.1090850830 -2.4473528862
160.8640441895 29.6022377014 0.0000000000 0.0000000000 154.1613159180 45.0575942993 -2.4447348118
160.5395660400 29.6199951172 0.0000000000 0.0000000000 154.1705322266 45.3331565857 -2.4421722889
160.2002868652 29.6377143860 0.0000000000 0.0000000000 154.1781311035 44.3827018738 -2.4396204948
159.8724060059 29.6553878784 0.0000000000 0.0000000000 154.1840820312 43.5284347534 -2.4371249676
159.5597686768 29.6729717255 0.0000000000 0.0000000000 154.1920623779 44.4489593506 -2.4346556664
159.2606658936 29.6904487610 0.0000000000 0.0000000000 154.2008666992 45.9679145813 -2.4322323799
158.9687805176 29.7078113556 0.0000000000 0.0000000000 154.2103576660 46.5912513733 -2.4298493862
158.7059020996 29.7249889374 0.0000000000 0.0000000000 154.2149200439 46.3768043518 -2.4274933338
158.4555969238 29.7420368195 0.0000000000 0.0000000000 154.2210845947 45.5198783875 -2.4251790047
158.2040557861 29.7589397430 0.0000000000 0.0000000000 154.2297210693 44.5867233276 -2.4228987694
157.9427032471 29.7757129669 0.0000000000 0.0000000000 154.2351074219 44.4056243896 -2.4206571579
157.6922454834 29.7924022675 0.0000000000 0.0000000000 154.2422027588 44.6123352051 -2.4184389114
157.4458923340 29.8089885712 0.0000000000 0.0000000000 154.2481231689 44.9327812195 -2.4162602425
157.2036590576 29.8254947662 0.0000000000 0.0000000000 154.2458190918 45.6690330505 -2.4140787125
156.9575042725 29.8418998718 0.0000000000 0.0000000000 154.2463989258 46.3634185791 -2.4119384289
156.7476654053 29.8581905365 0.0000000000 0.0000000000 154.2535400391 47.0487594604 -2.4098067284
156.5460357666 29.8743572235 0.0000000000 0.0000000000 154.2631683350 48.2546501160 -2.4076178074
156.3246917725 29.8904533386 0.0000000000 0.0000000000 154.2702331543 49.4437255859 -2.4054746628
156.0862274170 29.9064903259 0.0000000000 0.0000000000 154.2794494629 50.3341178894 -2.4033143520
155.8391113281 29.9224510193 0.0000000000 0.0000000000 154.2875366211 50.9618644714 -2.4011828899
155.5836639404 29.9383373260 0.0000000000 0.0000000000 154.2908325195 51.0814285278 -2.3990390301
155.2922668457 29.9541549683 0.0000000000 0.0000000000 154.2994384766 50.8805465698 -2.3969385624
155.0145568848 29.9698638916 0.0000000000 0.0000000000 154.3051605225 50.8129501343 -2.3948240280
154.7726898193 29.9854679108 0.0000000000 0.0000000000 154.3185729980 50.8601646423 -2.3927481174
154.5457153320 30.0009765625 0.0000000000 0.0000000000 154.3199157715 50.7263832092 -2.3906569481
154.3225097656 30.0163974762 0.0000000000 0.0000000000 154.3255920410 50.4894981384 -2.3886139393
154.1178131104 30.0317325592 0.0000000000 0.0000000000 154.3361663818 50.5272636414 -2.3865482807
153.9340820312 30.0469493866 0.0000000000 0.0000000000 154.3443450928 51.0760917664 -2.3845231533
153.7289428711 30.0620193481 0.0000000000 0.0000000000 154.3535461426 51.8849563599 -2.3824849129
153.4918975830 30.0770263672 0.0000000000 0.0000000000 154.3636474609 52.4867057800 -2.3804869652
153.2505187988 30.0919628143 0.0000000000 0.0000000000 154.3739471436 52.7745628357 -2.3784747124
153.0092315674 30.1068038940 0.0000000000 0.0000000000 154.3837890625 52.9730339050 -2.3765053749
152.7696838379 30.1215438843 0.0000000000 0.0000000000 154.3946838379 52.8963088989 -2.3744864464
152.5316162109 30.1362190247 0.0000000000 0.0000000000 154.4072418213 52.2220497131 -2.3725342751
152.3084869385 30.1508274078 0.0000000000 0.0000000000 154.4166870117 51.3020744324 -2.3705716133
152.0940704346 30.1653900146 0.0000000000 0.0000000000 154.4279022217 50.6982154846 -2.3686511517
151.8698120117 30.1799144745 0.0000000000 0.0000000000 154.4384918213 50.1479034424 -2.3667199612
151.6279144287 30.1943931580 0.0000000000 0.0000000000 154.4483947754 49.2651596069 -2.3648200035
151.3785095215 30.2088489532 0.0000000000 0.0000000000 154.4615325928 48.5551795959 -2.3629076481
151.1285400391 30.2232875824 0.0000000000 0.0000000000 154.4721221924 48.7906303406 -2.3610367775
150.8902893066 30.2377109528 0.0000000000 0.0000000000 154.4838409424 49.7461929321 -2.3591473103
150.6534576416 30.2521171570 0.0000000000 0.0000000000 154.4942626953 50.5011558533 -2.3573195934
150.4392852783 30.2665271759 0.0000000000 0.0000000000 154.5068817139 50.5860023499 -2.3554873466
150.2190551758 30.2809104919 0.0000000000 0.0000000000 154.5157318115 50.4756469727 -2.3536770344
150.0197296143 30.2952976227 0.0000000000 0.0000000000 154.5212097168 50.6266860962 -2.3518469334
149.7954254150 30.3097305298 0.0000000000 0.0000000000 154.5255737305 50.7682151794 -2.3500540257
149.5866088867 30.3241863251 0.0000000000 0.0000000000 154.5294494629 50.0978851318 -2.3482277393
149.3685455322 30.3386764526 0.0000000000 0.0000000000 154.5359191895 49.0216369629 -2.3464190960
149.1587066650 30.3531436920 0.0000000000 0.0000000000 154.5443267822 49.0341224670 -2.3446033001
148.9406127930 30.3675899506 0.0000000000 0.0000000000 154.5575256348 50.1630630493 -2.3427839279
148.7103729248 30.3819904327 0.0000000000 0.0000000000 154.5617370605 50.6616363525 -2.3409819603
148.4892120361 30.3963222504 0.0000000000 0.0000000000 154.5618286133 50.1026153564 -2.3391845226
148.2653961182 30.4105510712 0.0000000000 0.0000000000 154.5699462891 49.6776161194 -2.3374023438
148.0717926025 30.4246368408 0.0000000000 0.0000000000 154.5750579834 50.0191078186 -2.3357443810
147.8962707520 30.4385509491 0.0000000000 0.0000000000 154.5845031738 51.0122985840 -2.3339216709
147.7422943115 30.4523258209 0.0000000000 0.0000000000 154.5956420898 52.1441345215 -2.3322291374
147.5918121338 30.4659004211 0.0000000000 0.0000000000 154.6007995605 52.9764404297 -2.3305294514
147.4297027588 30.4793624878 0.0000000000 0.0000000000 154.6116790771 53.6651649475 -2.3288822174
147.2618560791 30.4927196503 0.0000000000 0.0000000000 154.6208343506 54.7321739197 -2.3271875381
147.0887145996 30.5059795380 0.0000000000 0.0000000000 154.6248626709 56.1044654846 -2.3255317211
146.8888549805 30.5191421509 0.0000000000 0.0000000000 154.6309509277 56.8539085388 -2.3239042759
146.6768798828 30.5321922302 0.0000000000 0.0000000000 154.6389617920 56.7378387451 -2.3222942352
146.4761962891 30.5451374054 0.0000000000 0.0000000000 154.6419982910 56.9988212585 -2.3207108974
146.2834167480 30.5579833984 0.0000000000 0.0000000000 154.6454010010 58.3431358337 -2.3191437721
146.1107635498 30.5707283020 0.0000000000 0.0000000000 154.6526336670 60.1102828979 -2.3175895214
145.9374694824 30.5833759308 0.0000000000 0.0000000000 154.6544036865 61.7380142212 -2.3160519600
145.7581634521 30.5959262848 0.0000000000 0.0000000000 154.6593017578 62.8464889526 -2.3145227432
145.6038513184 30.6083717346 0.0000000000 0.0000000000 154.6628570557 63.0497932434 -2.3130352497
145.4643707275 30.6206951141 0.0000000000 0.0000000000 154.6678771973 61.8489074707 -2.3115210533
145.3267059326 30.6329574585 0.0000000000 0.0000000000 154.6713104248 59.6960334778 -2.3100359440
145.1821441650 30.6451320648 0.0000000000 0.0000000000 154.6833343506 57.9702110291 -2.3085811138
145.0362548828 30.6572475433 0.0000000000 0.0000000000 154.6858673096 56.9113273621 -2.3071219921
144.8856353760 30.6693305969 0.0000000000 0.0000000000 154.6852722168 56.4510612488 -2.3057034016
144.7174224854 30.6813774109 0.0000000000 0.0000000000 154.6851196289 57.2424125671 -2.3042838573
144.5389709473 30.6933975220 0.0000000000 0.0000000000 154.6887512207 58.6222610474 -2.3028831482
144.3708648682 30.7053699493 0.0000000000 0.0000000000 154.6930389404 59.4625968933 -2.3015007973
144.2044219971 30.7172775269 0.0000000000 0.0000000000 154.6933898926 59.5948104858 -2.3001277447
144.0399322510 30.7291297913 0.0000000000 0.0000000000 154.7000579834 58.8100166321 -2.2987725735
143.8895111084 30.7408866882 0.0000000000 0.0000000000 154.7027130127 57.1124076843 -2.2974159718
143.7464752197 30.7525806427 0.0000000000 0.0000000000 154.7126770020 54.8742675781 -2.2960712910
143.6070251465 30.7642002106 0.0000000000 0.0000000000 154.7247619629 52.6948127747 -2.2947678566
143.4720458984 30.7756767273 0.0000000000 0.0000000000 154.7329559326 51.3299331665 -2.2933883667
143.3191070557 30.7870349884 0.0000000000 0.0000000000 154.7444152832 51.0169525146 -2.2920508385
143.1556854248 30.7982883453 0.0000000000 0.0000000000 154.7581481934 51.5126457214 -2.2907180786
143.0006256104 30.8094100952 0.0000000000 0.0000000000 154.7628326416 52.4898796082 -2.2893733978
142.8374023438 30.8204154968 0.0000000000 0.0000000000 154.7696838379 53.2847290039 -2.2880506516
142.6836242676 30.8312797546 0.0000000000 0.0000000000 154.7803344727 53.3954277039 -2.2867081165
142.5542755127 30.8420200348 0.0000000000 0.0000000000 154.7916412354 53.2307243347 -2.2853827477
142.4362945557 30.8526649475 0.0000000000 0.0000000000 154.8049621582 53.1352882385 -2.2840404510
142.3062133789 30.8632240295 0.0000000000 0.0000000000 154.8127899170 52.7528076172 -2.2827062607
142.1709442139 30.8737239838 0.0000000000 0.0000000000 154.8208465576 52.5135231018 -2.2813656330
142.0354003906 30.8841629028 0.0000000000 0.0000000000 154.8252105713 52.7811355591 -2.2800371647
141.8818206787 30.8945770264 0.0000000000 0.0000000000 154.8287811279 52.7848396301 -2.2787146568
141.6965484619 30.9049587250 0.0000000000 0.0000000000 154.8366088867 53.3988456726 -2.2773926258
141.5282287598 30.9152793884 0.0000000000 0.0000000000 154.8425903320 54.9652137756 -2.2760910988
141.3635406494 30.9255332947 0.0000000000 0.0000000000 154.8430328369 55.9331550598 -2.2747843266
141.2022247314 30.9357357025 0.0000000000 0.0000000000 154.8496704102 56.1352005005 -2.2735126019
141.0411224365 30.9458923340 0.0000000000 0.0000000000 154.8556365967 55.4562416077 -2.2722291946
140.8955078125 30.9559879303 0.0000000000 0.0000000000 154.8592224121 53.9142837524 -2.2709856033
140.7347869873 30.9660110474 0.0000000000 0.0000000000 154.8652954102 52.3640785217 -2.2697319984
140.5809326172 30.9759464264 0.0000000000 0.0000000000 154.8705139160 51.2318496704 -2.2685062885
140.4362640381 30.9857959747 0.0000000000 0.0000000000 154.8723907471 51.3508300781 -2.2672748566
140.2944183350 30.9955806732 0.0000000000 0.0000000000 154.8780517578 52.6256637573 -2.2660799026
140.1674957275 31.0052967072 0.0000000000 0.0000000000 154.8845825195 54.4859695435 -2.2648708820
140.0412445068 31.0149383545 0.0000000000 0.0000000000 154.8855743408 55.8402938843 -2.2636878490
139.9004516602 31.0245456696 0.0000000000 0.0000000000 154.8949279785 55.8017921448 -2.2624959946
139.7734527588 31.0340576172 0.0000000000 0.0000000000 154.8963470459 55.3419265747 -2.2613129616
139.6446685791 31.0434761047 0.0000000000 0.0000000000 154.8937683105 55.6534309387 -2.2601301670
139.4766540527 31.0528316498 0.0000000000 0.0000000000 154.9013824463 56.6999588013 -2.2589325905
139.3337402344 31.0620613098 0.0000000000 0.0000000000 154.9027252197 56.9155921936 -2.2577607632
139.1877746582 31.0711746216 0.0000000000 0.0000000000 154.9030914307 56.5677642822 -2.2565817833
139.0311126709 31.0801544189 0.0000000000 0.0000000000 154.9123840332 56.7431907654 -2.2554361820
138.8982696533 31.0889549255 0.0000000000 0.0000000000 154.9190979004 57.3961791992 -2.2542948723
138.7756347656 31.0976467133 0.0000000000 0.0000000000 154.9287109375 58.5761566162 -2.2531716824
138.6334228516 31.1062793732 0.0000000000 0.0000000000 154.9449005127 59.8665428162 -2.2520594597
138.4987640381 31.1148490906 0.0000000000 0.0000000000 154.9441986084 60.4778137207 -2.2509505749
138.3453369141 31.1234130859 0.0000000000 0.0000000000 154.9517211914 60.5276641846 -2.2498536110
138.1973419189 31.1319541931 0.0000000000 0.0000000000 154.9552001953 60.3900070190 -2.2487618923
138.0475769043 31.1404628754 0.0000000000 0.0000000000 154.9512023926 59.7439613342 -2.2476899624
137.8931579590 31.1489295959 0.0000000000 0.0000000000 154.9625244141 58.8731765747 -2.2466242313
137.7585144043 31.1573333740 0.0000000000 0.0000000000 154.9621124268 58.3839836121 -2.2455837727
137.6483917236 31.1656742096 0.0000000000 0.0000000000 154.9614105225 58.3530578613 -2.2445588112
137.5167846680 31.1739635468 0.0000000000 0.0000000000 154.9690246582 59.4426078796 -2.2435231209
137.3910980225 31.1821784973 0.0000000000 0.0000000000 154.9619750977 61.9192504883 -2.2424981594
137.2566070557 31.1904449463 0.0000000000 0.0000000000 154.9617919922 64.9180297852 -2.2415072918
137.1145629883 31.1987380981 0.0000000000 0.0000000000 154.9581756592 67.1633758545 -2.2404966354
136.9769287109 31.2070655823 0.0000000000 0.0000000000 154.9511566162 67.8997039795 -2.2395136356
136.8386993408 31.2154541016 0.0000000000 0.0000000000 154.9476470947 67.4995040894 -2.2385265827
136.7073822021 31.2238636017 0.0000000000 0.0000000000 154.9464111328 67.4080429077 -2.2375562191
136.5853881836 31.2322673798 0.0000000000 0.0000000000 154.9426879883 68.4864425659 -2.2365918159
136.4347686768 31.2406425476 0.0000000000 0.0000000000 154.9380493164 69.9079132080 -2.2356364727
136.3085174561 31.2489509583 0.0000000000 0.0000000000 154.9304046631 70.2481231689 -2.2346925735
136.1697235107 31.2571449280 0.0000000000 0.0000000000 154.9211730957 68.9127807617 -2.2337648869
136.0354309082 31.2652530670 0.0000000000 0.0000000000 154.9117736816 66.3687744141 -2.2328469753
135.9063262939 31.2732601166 0.0000000000 0.0000000000 154.9086608887 63.3875122070 -2.2319462299
135.8018188477 31.2812175751 0.0000000000 0.0000000000 154.9056549072 60.8514480591 -2.2310729027
135.6986541748 31.2891330719 0.0000000000 0.0000000000 154.9054260254 59.5163803101 -2.2301766872
135.6027679443 31.2970676422 0.0000000000 0.0000000000 154.9043884277 58.9335289001 -2.2293043137
135.4953613281 31.3050155640 0.0000000000 0.0000000000 154.9037017822 58.6422157288 -2.2284240723
135.3910827637 31.3129825592 0.0000000000 0.0000000000 154.9029235840 58.9940223694 -2.2275481224
135.2901916504 31.3209743500 0.0000000000 0.0000000000 154.8972320557 60.0677795410 -2.2266597748
135.1683044434 31.3290500641 0.0000000000 0.0000000000 154.8990173340 60.6745605469 -2.2257773876
135.0473480225 31.3371524811 0.0000000000 0.0000000000 154.8917541504 60.1330680847 -2.2248950005
134.9348449707 31.3452854156 0.0000000000 0.0000000000 154.8852386475 59.5040702820 -2.2240183353
134.8136749268 31.3534278870 0.0000000000 0.0000000000 154.8870544434 59.3048515320 -2.2231478691
134.7090148926 31.3615341187 0.0000000000 0.0000000000 154.8829803467 59.1699409485 -2.2222855091
134.6306762695 31.3695983887 0.0000000000 0.0000000000 154.8846130371 58.7613716125 -2.2214310169
134.5470886230 31.3775939941 0.0000000000 0.0000000000 154.8864135742 57.8407783508 -2.2205851078
134.4746246338 31.3854598999 0.0000000000 0.0000000000 154.8838043213 56.1411628723 -2.2197380066
134.3830108643 31.3932571411 0.0000000000 0.0000000000 154.8876495361 53.9720420837 -2.2188985348
134.3087921143 31.4009666443 0.0000000000 0.0000000000 154.8877563477 52.5225944519 -2.2180376053
134.2191925049 31.4086017609 0.0000000000 0.0000000000 154.8848571777 52.4650344849 -2.2172012329
134.1116027832 31.4162254333 0.0000000000 0.0000000000 154.8869628906 53.2033195496 -2.2163300514
134.0181274414 31.4238300323 0.0000000000 0.0000000000 154.8858184814 53.8504180908 -2.2154951096
133.9355773926 31.4314460754 0.0000000000 0.0000000000 154.8837280273 53.9855194092 -2.2146353722
133.8494567871 31.4391098022 0.0000000000 0.0000000000 154.8864440918 53.8779106140 -2.2138020992
133.7541198730 31.4467906952 0.0000000000 0.0000000000 154.8880462646 54.0534210205 -2.2129445076
133.6748199463 31.4545516968 0.0000000000 0.0000000000 154.8906860352 54.4211196899 -2.2120954990
133.5806732178 31.4623718262 0.0000000000 0.0000000000 154.8934783936 54.4173812866 -2.2112426758
133.4717407227 31.4702568054 0.0000000000 0.0000000000 154.8995056152 54.5171852112 -2.2103874683
133.3531188965 31.4781970978 0.0000000000 0.0000000000 154.9026489258 55.1594467163 -2.2095403671
133.2391510010 31.4861907959 0.0000000000 0.0000000000 154.9085845947 54.7186088562 -2.2087018490
133.1096038818 31.4941844940 0.0000000000 0.0000000000 154.9130249023 54.3477020264 -2.2078366280
132.9906463623 31.5021781921 0.0000000000 0.0000000000 154.9216766357 54.8332023621 -2.2069759369
132.8943939209 31.5101547241 0.0000000000 0.0000000000 154.9291839600 55.5130882263 -2.2061293125
132.8168945312 31.5180988312 0.0000000000 0.0000000000 154.9400634766 56.7340011597 -2.2052598000
132.7350006104 31.5260086060 0.0000000000 0.0000000000 154.9460449219 57.6477737427 -2.2044007778
132.6700286865 31.5339241028 0.0000000000 0.0000000000 154.9541625977 57.9505233765 -2.2035284042
132.5908660889 31.5418453217 0.0000000000 0.0000000000 154.9609069824 58.7623214722 -2.2026481628
132.5145721436 31.5497970581 0.0000000000 0.0000000000 154.9691467285 59.8455505371 -2.2017576694
132.4104919434 31.5577487946 0.0000000000 0.0000000000 154.9730224609 61.1806602478 -2.2008831501
132.3128204346 31.5657310486 0.0000000000 0.0000000000 154.9806518555 62.9705848694 -2.1999876499
132.2002258301 31.5737113953 0.0000000000 0.0000000000 154.9864807129 64.3687210083 -2.1991219521
132.0843048096 31.5817031860 0.0000000000 0.0000000000 154.9950866699 65.0743637085 -2.1982343197
131.9500122070 31.5896816254 0.0000000000 0.0000000000 155.0062408447 65.4559402466 -2.1973700523
131.8505706787 31.5976028442 0.0000000000 0.0000000000 155.0115203857 65.9522323608 -2.1965067387
131.7489166260 31.6054515839 0.0000000000 0.0000000000 155.0212707520 67.1371994019 -2.1956343651
131.6542510986 31.6131896973 0.0000000000 0.0000000000 155.0300750732 68.7032928467 -2.1947827339
131.5590209961 31.6208648682 0.0000000000 0.0000000000 155.0385284424 70.1495819092 -2.1938931942
131.4538421631 31.6284503937 0.0000000000 0.0000000000 155.0454254150 70.7969589233 -2.1930351257
131.3594818115 31.6359558105 0.0000000000 0.0000000000 155.0529479980 70.3459167480 -2.1921248436
131.2351989746 31.6434593201 0.0000000000 0.0000000000 155.0594940186 69.4681625366 -2.1912524700
131.1096954346 31.6510162354 0.0000000000 0.0000000000 155.0643157959 68.8355026245 -2.1903491020
130.9788513184 31.6585922241 0.0000000000 0.0000000000 155.0730743408 68.5063781738 -2.1894593239
130.8477172852 31.6662082672 0.0000000000 0.0000000000 155.0792541504 67.9788818359 -2.1885757446
130.7205810547 31.6738376617 0.0000000000 0.0000000000 155.0855255127 66.8019027710 -2.1876842976
130.6087036133 31.6814422607 0.0000000000 0.0000000000 155.0885314941 65.0947494507 -2.1868093014
130.5069427490 31.6890335083 0.0000000000 0.0000000000 155.0965881348 63.4644432068 -2.1859166622
130.4144897461 31.6965732574 0.0000000000 0.0000000000 155.1025238037 62.3175086975 -2.1850397587
130.3134307861 31.7040576935 0.0000000000 0.0000000000 155.1128082275 61.5024452209 -2.1841611862
130.2235107422 31.7114830017 0.0000000000 0.0000000000 155.1218719482 60.7408142090 -2.1832747459
130.1448974609 31.7188644409 0.0000000000 0.0000000000 155.1263122559 60.0341262817 -2.1823990345
130.0553741455 31.7262458801 0.0000000000 0.0000000000 155.1342163086 59.4430427551 -2.1815168858
129.9570007324 31.7336158752 0.0000000000 0.0000000000 155.1415405273 58.8695716858 -2.1806516647
129.8706054688 31.7409267426 0.0000000000 0.0000000000 155.1484680176 58.2825813293 -2.1797819138
129.7924652100 31.7481117249 0.0000000000 0.0000000000 155.1568756104 57.9045829773 -2.1789269447
129.7257232666 31.7552261353 0.0000000000 0.0000000000 155.1669769287 57.9043426514 -2.1780681610
129.6760101318 31.7622756958 0.0000000000 0.0000000000 155.1785736084 57.9883422852 -2.1772127151
129.6370849609 31.7692813873 0.0000000000 0.0000000000 155.1890258789 57.6831970215 -2.1763565540
129.5795593262 31.7762718201 0.0000000000 0.0000000000 155.1959991455 57.0117874146 -2.1755015850
129.5097045898 31.7832546234 0.0000000000 0.0000000000 155.2037506104 56.5982818604 -2.1746404171
129.4345703125 31.7902450562 0.0000000000 0.0000000000 155.2094573975 57.0419006348 -2.1737835407
129.3326721191 31.7971878052 0.0000000000 0.0000000000 155.2136230469 58.3835067749 -2.1729292870
129.2258605957 31.8040218353 0.0000000000 0.0000000000 155.2173919678 60.0402183533 -2.1720993519
129.1263732910 31.8107109070 0.0000000000 0.0000000000 155.2203369141 61.2719879150 -2.1712706089
129.0535888672 31.8171939850 0.0000000000 0.0000000000 155.2215728760 61.5888710022 -2.1704699993
128.9788360596 31.8235092163 0.0000000000 0.0000000000 155.2273101807 60.8803710938 -2.1696689129
128.9326934814 31.8296375275 0.0000000000 0.0000000000 155.2313690186 59.6123161316 -2.1688828468
128.8788909912 31.8356628418 0.0000000000 0.0000000000 155.2377014160 58.6329689026 -2.1680901051
128.8212890625 31.8416194916 0.0000000000 0.0000000000 155.2475128174 58.6915588379 -2.1672906876
128.7640380859 31.8475399017 0.0000000000 0.0000000000 155.2510070801 59.9354858398 -2.1664927006
128.6763305664 31.8534736633 0.0000000000 0.0000000000 155.2614440918 61.7290840149 -2.1656608582
128.5982818604 31.8593959808 0.0000000000 0.0000000000 155.2669830322 63.1058082581 -2.1648561954
128.5291137695 31.8653507233 0.0000000000 0.0000000000 155.2749786377 63.3967628479 -2.1639912128
128.4274291992 31.8713340759 0.0000000000 0.0000000000 155.2849426270 62.7344474792 -2.1631665230
128.3525695801 31.8773460388 0.0000000000 0.0000000000 155.2931518555 62.0734786987 -2.1623086929
128.2707366943 31.8834953308 0.0000000000 0.0000000000 155.2988128662 62.4525375366 -2.1614739895
128.1823577881 31.8897552490 0.0000000000 0.0000000000 155.3054351807 63.6085128784 -2.1606059074
128.0846557617 31.8961448669 0.0000000000 0.0000000000 155.3137969971 64.6453018188 -2.1597354412
127.9845199585 31.9026870728 0.0000000000 0.0000000000 155.3186492920 65.4520339966 -2.1588356495
127.8642272949 31.9093513489 0.0000000000 0.0000000000 155.3266296387 65.4843978882 -2.1579220295
127.7439041138 31.9160938263 0.0000000000 0.0000000000 155.3304138184 65.7150878906 -2.1570019722
127.6001815796 31.9228839874 0.0000000000 0.0000000000 155.3374328613 65.8810119629 -2.1560583115
127.4923171997 31.9296665192 0.0000000000 0.0000000000 155.3387145996 65.7268981934 -2.1551339626
127.3757400513 31.9364109039 0.0000000000 0.0000000000 155.3432464600 65.1620101929 -2.1541891098
127.2865371704 31.9430942535 0.0000000000 0.0000000000 155.3496093750 63.7409477234 -2.1532759666
127.2197647095 31.9496994019 0.0000000000 0.0000000000 155.3493499756 62.2330703735 -2.1523425579
127.1423339844 31.9562530518 0.0000000000 0.0000000000 155.3622131348 60.5319786072 -2.1514272690
127.0786666870 31.9626884460 0.0000000000 0.0000000000 155.3574371338 59.4746704102 -2.1504743099
126.9974670410 31.9690151215 0.0000000000 0.0000000000 155.3644409180 59.8333625793 -2.1495349407
126.9098052979 31.9751796722 0.0000000000 0.0000000000 155.3635406494 61.9312057495 -2.1485733986
126.8282012939 31.9811515808 0.0000000000 0.0000000000 155.3661804199 65.0363998413 -2.1476449966
126.7292938232 31.9869956970 0.0000000000 0.0000000000 155.3676605225 67.8750381470 -2.1466867924
126.6469573975 31.9927139282 0.0000000000 0.0000000000 155.3723602295 69.3887481689 -2.1457643509
126.5734939575 31.9982986450 0.0000000000 0.0000000000 155.3743133545 69.2448043823 -2.1448419094
126.4965744019 32.0038261414 0.0000000000 0.0000000000 155.3820953369 67.9442672729 -2.1439256668
126.4397125244 32.0093536377 0.0000000000 0.0000000000 155.3847351074 66.1919860840 -2.1430299282
126.3588256836 32.0148925781 0.0000000000 0.0000000000 155.3951416016 64.5861968994 -2.1421155930
126.2755813599 32.0204658508 0.0000000000 0.0000000000 155.3981781006 63.5198593140 -2.1412341595
126.1690902710 32.0261650085 0.0000000000 0.0000000000 155.4085083008 63.1985397339 -2.1403279305
126.0831451416 32.0319824219 0.0000000000 0.0000000000 155.4094085693 63.5774612427 -2.1394410133
125.9556503296 32.0379753113 0.0000000000 0.0000000000 155.4177398682 64.3746185303 -2.1385459900
125.8717956543 32.0440635681 0.0000000000 0.0000000000 155.4195251465 65.4149551392 -2.1376543045
125.7843627930 32.0502471924 0.0000000000 0.0000000000 155.4285125732 66.4784240723 -2.1367623806
125.6820602417 32.0564956665 0.0000000000 0.0000000000 155.4375762939 67.2736511230 -2.1358649731
125.6182556152 32.0628433228 0.0000000000 0.0000000000 155.4447631836 67.5968322754 -2.1349799633
125.5317535400 32.0692672729 0.0000000000 0.0000000000 155.4507751465 67.5074005127 -2.1340930462
125.4665069580 32.0756607056 0.0000000000 0.0000000000 155.4458160400 67.3459014893 -2.1332244873
125.3785934448 32.0821151733 0.0000000000 0.0000000000 155.4475860596 67.3889389038 -2.1323637962
125.3119888306 32.0885314941 0.0000000000 0.0000000000 155.4462280273 67.7976684570 -2.1315174103
125.2256469727 32.0948982239 0.0000000000 0.0000000000 155.4447784424 68.4485168457 -2.1306743622
125.1244735718 32.1012039185 0.0000000000 0.0000000000 155.4465179443 68.7550888062 -2.1298456192
125.0574722290 32.1073455811 0.0000000000 0.0000000000 155.4387969971 68.1297912598 -2.1290316582
124.9531173706 32.1133766174 0.0000000000 0.0000000000 155.4485473633 66.7416229248 -2.1282217503
124.8957366943 32.1191368103 0.0000000000 0.0000000000 155.4449768066 65.3507690430 -2.1274383068
124.8095245361 32.1247138977 0.0000000000 0.0000000000 155.4488372803 64.2792129517 -2.1266500950
124.7750701904 32.1300315857 0.0000000000 0.0000000000 155.4497528076 63.3527603149 -2.1258895397
124.7202758789 32.1351623535 0.0000000000 0.0000000000 155.4546508789 62.4709053040 -2.1251158714
124.6544418335 32.1401824951 0.0000000000 0.0000000000 155.4646606445 61.5492439270 -2.1243534088
124.6143341064 32.1451034546 0.0000000000 0.0000000000 155.4634857178 60.8331222534 -2.1235783100
124.5086975098 32.1500205994 0.0000000000 0.0000000000 155.4735260010 60.9254302979 -2.1228227615
124.4252700806 32.1549186707 0.0000000000 0.0000000000 155.4699249268 62.0748634338 -2.1220736504
124.3330612183 32.1598472595 0.0000000000 0.0000000000 155.4692535400 63.7022819519 -2.1213300228
124.2246017456 32.1647377014 0.0000000000 0.0000000000 155.4788818359 65.0108261108 -2.1205956936
124.1647796631 32.1694755554 0.0000000000 0.0000000000 155.4748535156 65.8624801636 -2.1198434830
124.0861740112 32.1741409302 0.0000000000 0.0000000000 155.4869079590 66.5295486450 -2.1190967560
124.0279998779 32.1787071228 0.0000000000 0.0000000000 155.4875946045 67.1961364746 -2.1183481216
123.9799423218 32.1832237244 0.0000000000 0.0000000000 155.4935302734 67.8741378784 -2.1175899506
123.9057464600 32.1877441406 0.0000000000 0.0000000000 155.5041046143 68.6892700195 -2.1168415546
123.8592681885 32.1923179626 0.0000000000 0.0000000000 155.5082550049 69.7073669434 -2.1160743237
123.7602691650 32.1971359253 0.0000000000 0.0000000000 155.5227813721 70.8556365967 -2.1153118610
123.7034149170 32.2022018433 0.0000000000 0.0000000000 155.5324401855 71.8776321411 -2.1145310402
123.6213989258 32.2075691223 0.0000000000 0.0000000000 155.5408020020 72.2936630249 -2.1137664318
123.5509033203 32.2131614685 0.0000000000 0.0000000000 155.5480346680 71.8290328979 -2.1129789352
123.4913635254 32.2189369202 0.0000000000 0.0000000000 155.5517578125 70.7704162598 -2.1122124195
123.3867416382 32.2249031067 0.0000000000 0.0000000000 155.5669250488 70.3067245483 -2.1114325523
123.3201599121 32.2309722900 0.0000000000 0.0000000000 155.5693664551 73.2704391479 -2.1106944084
123.2169036865 32.2371444702 0.0000000000 0.0000000000 155.5846557617 73.2677612305 -2.1099159718
123.1551513672 32.2432441711 0.0000000000 0.0000000000 155.5850524902 65.2473907471 -2.1091868877
123.0780410767 32.2492256165 0.0000000000 0.0000000000 155.5925903320 66.0934066772 -2.1084370613
123.0256347656 32.2550086975 0.0000000000 0.0000000000 155.5933685303 64.5210571289 -2.1077182293
122.9748535156 32.2606353760 0.0000000000 0.0000000000 155.5986328125 63.0583267212 -2.1070108414
122.9160461426 32.2661361694 0.0000000000 0.0000000000 155.6009063721 62.4673500061 -2.1063210964
122.8677673340 32.2715415955 0.0000000000 0.0000000000 155.5991821289 59.7218627930 -2.1056156158
122.8022232056 32.2768974304 0.0000000000 0.0000000000 155.6005554199 59.6990509033 -2.1043555737
122.7552185059 32.2820701599 0.0000000000 0.0000000000 155.5976562500 58.7265853882 -2.1042401791
122.6854324341 32.2872390747 0.0000000000 0.0000000000 155.6016082764 59.7011718750 -2.1035819054
122.6423492432 32.2923812866 0.0000000000 0.0000000000 155.5970458984 60.0521545410 -2.1028976440
122.5641555786 32.2974357605 0.0000000000 0.0000000000 155.5959472656 61.4433250427 -2.1022443771
122.5146636963 32.3023567200 0.0000000000 0.0000000000 155.5927124023 61.8971862793 -2.1015715599
122.4365081787 32.3071823120 0.0000000000 0.0000000000 155.5942077637 63.1022872925 -2.1009356976
122.3880691528 32.3118782043 0.0000000000 0.0000000000 155.5960998535 63.5816345215 -2.1002893448
122.3060073853 32.3165206909 0.0000000000 0.0000000000 155.6037292480 64.4343948364 -2.0996601582
122.2646408081 32.3211174011 0.0000000000 0.0000000000 155.6054382324 64.9246597290 -2.0990245342
122.2056808472 32.3257026672 0.0000000000 0.0000000000 155.6013336182 65.3472061157 -2.0983898640
122.1557312012 32.3302764893 0.0000000000 0.0000000000 155.6002807617 65.1909255981 -2.0977985859
122.1058731079 32.3348731995 0.0000000000 0.0000000000 155.5958099365 64.8678894043 -2.0971231461
122.0347747803 32.3395690918 0.0000000000 0.0000000000 155.5951080322 64.5717391968 -2.0964972973
121.9675674438 32.3443603516 0.0000000000 0.0000000000 155.5873870850 64.0585479736 -2.0958364010
121.8724746704 32.3493270874 0.0000000000 0.0000000000 155.5797119141 63.6267890930 -2.0952007771
121.8089523315 32.3544006348 0.0000000000 0.0000000000 155.5849151611 63.3253173828 -2.0945284367
121.7016067505 32.3595848083 0.0000000000 0.0000000000 155.5847015381 63.4258041382 -2.0938835144
121.6284484863 32.3648262024 0.0000000000 0.0000000000 155.5842132568 63.7305412292 -2.0932004452
121.5650405884 32.3700561523 0.0000000000 0.0000000000 155.5807037354 63.8217124939 -2.0925421715
121.4727325439 32.3752937317 0.0000000000 0.0000000000 155.5879669189 63.5729408264 -2.0918648243
121.4280776978 32.3804779053 0.0000000000 0.0000000000 155.5875701904 63.0171318054 -2.0912060738
121.3369598389 32.3856925964 0.0000000000 0.0000000000 155.5914001465 62.8955841064 -2.0905385017
121.3120498657 32.3907394409 0.0000000000 0.0000000000 155.5860748291 63.5671997070 -2.0898728371
121.1789093018 32.3957481384 0.0000000000 0.0000000000 155.5973815918 65.1012344360 -2.0892119408
121.1831893921 32.4004859924 0.0000000000 0.0000000000 155.5905761719 66.8851470947 -2.0885558128
121.0525207520 32.4051017761 0.0000000000 0.0000000000 155.6051940918 68.3315200806 -2.0879049301
121.0444793701 32.4094352722 0.0000000000 0.0000000000 155.6022644043 68.8601608276 -2.0872640610
120.9528961182 32.4136734009 0.0000000000 0.0000000000 155.6134185791 68.3794555664 -2.0866272449
120.9516448975 32.4176712036 0.0000000000 0.0000000000 155.6139373779 67.1378250122 -2.0859997272
120.8360977173 32.4216041565 0.0000000000 0.0000000000 155.6220703125 65.8324890137 -2.0853822231
120.8459243774 32.4254264832 0.0000000000 0.0000000000 155.6143951416 65.1703567505 -2.0847671032
120.7223892212 32.4293365479 0.0000000000 0.0000000000 155.6230621338 65.5311889648 -2.0841617584
120.7064971924 32.4331741333 0.0000000000 0.0000000000 155.6160736084 66.7578048706 -2.0835561752
120.5532836914 32.4372291565 0.0000000000 0.0000000000 155.6230468750 68.3124923706 -2.0829572678
120.5696029663 32.4412689209 0.0000000000 0.0000000000 155.6112823486 69.5512313843 -2.0823745728
120.3666610718 32.4455146790 0.0000000000 0.0000000000 155.6213989258 70.0826568604 -2.0817863941
120.3888626099 32.4497375488 0.0000000000 0.0000000000 155.6058349609 69.8310928345 -2.0812234879
120.2138748169 32.4541625977 0.0000000000 0.0000000000 155.6152191162 69.2055206299 -2.0806448460
120.2171936035 32.4585342407 0.0000000000 0.0000000000 155.6011962891 68.6734466553 -2.0800852776
120.0735397339 32.4631195068 0.0000000000 0.0000000000 155.6099090576 68.4565048218 -2.0794947147
120.0648651123 32.4677391052 0.0000000000 0.0000000000 155.5979003906 68.4683151245 -2.0789163113
119.9380035400 32.4725341797 0.0000000000 0.0000000000 155.6030578613 68.6995773315 -2.0783069134
119.9124450684 32.4773902893 0.0000000000 0.0000000000 155.5909423828 69.2759170532 -2.0777072906
119.7894821167 32.4824714661 0.0000000000 0.0000000000 155.5987548828 70.3612594604 -2.0770957470
119.7695922852 32.4876403809 0.0000000000 0.0000000000 155.5866851807 71.7546539307 -2.0764939785
119.6580581665 32.4929695129 0.0000000000 0.0000000000 155.5970611572 72.9319763184 -2.0758843422
119.6569061279 32.4982452393 0.0000000000 0.0000000000 155.5886993408 73.5326690674 -2.0752928257
119.5903320312 32.5035858154 0.0000000000 0.0000000000 155.5987243652 73.8832626343 -2.0746951103
119.5846328735 32.5088844299 0.0000000000 0.0000000000 155.5952911377 74.2178878784 -2.0741007328
119.5122604370 32.5142784119 0.0000000000 0.0000000000 155.6021728516 73.9919433594 -2.0735025406
119.4794540405 32.5196037292 0.0000000000 0.0000000000 155.5977935791 74.7632598877 -2.0729029179
119.3429412842 32.5248641968 0.0000000000 0.0000000000 155.6061706543 74.9442749023 -2.0723066330
119.3104476929 32.5298309326 0.0000000000 0.0000000000 155.5998382568 74.8605117798 -2.0717108250
119.1438674927 32.5346679688 0.0000000000 0.0000000000 155.6145935059 74.1474533081 -2.0711305141
119.1866607666 32.5390892029 0.0000000000 0.0000000000 155.6058349609 73.2937164307 -2.0705606937
119.0214996338 32.5433998108 0.0000000000 0.0000000000 155.6244354248 72.6688308716 -2.0700194836
119.1210556030 32.5473785400 0.0000000000 0.0000000000 155.6134643555 72.8484344482 -2.0694794655
118.9797058105 32.5513076782 0.0000000000 0.0000000000 155.6390533447 73.6177978516 -2.0689597130
119.0308456421 32.5550117493 0.0000000000 0.0000000000 155.6270904541 74.1866989136 -2.0684292316
118.8999557495 32.5587768555 0.0000000000 0.0000000000 155.6452484131 73.0004119873 -2.0679011345
118.9126586914 32.5624198914 0.0000000000 0.0000000000 155.6330566406 69.9118041992 -2.0673658848
118.7819976807 32.5661697388 0.0000000000 0.0000000000 155.6416625977 65.6044692993 -2.0668284893
118.7481613159 32.5699272156 0.0000000000 0.0000000000 155.6317138672 61.7431144714 -2.0663006306
118.6480102539 32.5737876892 0.0000000000 0.0000000000 155.6331176758 59.2868690491 -2.0657603741
118.6079254150 32.5777130127 0.0000000000 0.0000000000 155.6252899170 58.0714721680 -2.0652375221
118.5149993896 32.5818252563 0.0000000000 0.0000000000 155.6286468506 57.6510887146 -2.0646851063
118.5305404663 32.5860328674 0.0000000000 0.0000000000 155.6184997559 57.5746917725 -2.0641651154
118.4111175537 32.5904655457 0.0000000000 0.0000000000 155.6278686523 57.8571815491 -2.0636141300
118.4413452148 32.5949630737 0.0000000000 0.0000000000 155.6178283691 58.3915939331 -2.0630993843
118.3159027100 32.5997390747 0.0000000000 0.0000000000 155.6289215088 59.2475509644 -2.0625514984
118.3567276001 32.6046066284 0.0000000000 0.0000000000 155.6191864014 60.2467231750 -2.0620236397
118.1780700684 32.6097679138 0.0000000000 0.0000000000 155.6388092041 61.2908477783 -2.0614793301
118.2622833252 32.6149559021 0.0000000000 0.0000000000 155.6262664795 62.1057662964 -2.0609326363
118.0543136597 32.6204490662 0.0000000000 0.0000000000 155.6552124023 62.6198768616 -2.0603690147
118.1819763184 32.6258010864 0.0000000000 0.0000000000 155.6418151855 62.8060760498 -2.0597968102
117.9490432739 32.6315040588 0.0000000000 0.0000000000 155.6781768799 62.8643531799 -2.0593068600
118.1402359009 32.6368560791 0.0000000000 0.0000000000 155.6599578857 62.7835426331 -2.0586168766
117.8255081177 32.6424560547 0.0000000000 0.0000000000 155.7124786377 62.4885711670 -2.0579981804
118.0965805054 32.6476020813 0.0000000000 0.0000000000 155.6864318848 61.9106864929 -2.0573713779
117.6817016602 32.6530036926 0.0000000000 0.0000000000 155.7505187988 61.3011474609 -2.0567269325
118.0159072876 32.6578369141 0.0000000000 0.0000000000 155.7113342285 60.9722404480 -2.0561087132
117.5155487061 32.6629867554 0.0000000000 0.0000000000 155.7784881592 61.4860343933 -2.0554828644
117.9167633057 32.6674346924 0.0000000000 0.0000000000 155.7231750488 63.0390090942 -2.0549125671
117.3841476440 32.6721343994 0.0000000000 0.0000000000 155.7845916748 65.4700851440 -2.0543730259
117.7850418091 32.6761779785 0.0000000000 0.0000000000 155.7226257324 67.9236221313 -2.0539040565
117.3478240967 32.6804924011 0.0000000000 0.0000000000 155.7664489746 69.7943267822 -2.0534410477
117.6706924438 32.6842994690 0.0000000000 0.0000000000 155.7158966064 70.9212493896 -2.0530335903
117.3607559204 32.6883239746 0.0000000000 0.0000000000 155.7395935059 71.8052597046 -2.0526189804
117.5490264893 32.6920928955 0.0000000000 0.0000000000 155.7120208740 72.7189025879 -2.0522000790
117.3948287964 32.6960639954 0.0000000000 0.0000000000 155.7215270996 73.5904388428 -2.0517318249
117.3920288086 32.7001075745 0.0000000000 0.0000000000 155.7165527344 73.9852142334 -2.0512475967
117.3456115723 32.7043876648 0.0000000000 0.0000000000 155.7108459473 73.7357406616 -2.0507273674
117.1970062256 32.7089767456 0.0000000000 0.0000000000 155.7200164795 72.9336242676 -2.0502529144
117.2300186157 32.7136421204 0.0000000000 0.0000000000 155.7060241699 71.7637710571 -2.0496821404
117.0408325195 32.7186660767 0.0000000000 0.0000000000 155.7231445312 70.5271453857 -2.0491588116
117.1489410400 32.7236518860 0.0000000000 0.0000000000 155.7101440430 69.6561508179 -2.0486469269
116.9534072876 32.7288818359 0.0000000000 0.0000000000 155.7318725586 69.6244735718 -2.0481231213
117.0541915894 32.7339820862 0.0000000000 0.0000000000 155.7218780518 70.6641693115 -2.0476002693
116.8961181641 32.7392311096 0.0000000000 0.0000000000 155.7364807129 72.5877914429 -2.0470597744
116.9084854126 32.7443923950 0.0000000000 0.0000000000 155.7331237793 74.8817138672 -2.0465180874
116.7865524292 32.7496528625 0.0000000000 0.0000000000 155.7439727783 76.9864425659 -2.0459754467
116.7420349121 32.7547798157 0.0000000000 0.0000000000 155.7431640625 78.5152893066 -2.0454239845
116.6728210449 32.7597084045 0.0000000000 0.0000000000 155.7497100830 79.4526672363 -2.0448849201
116.5676116943 32.7644615173 0.0000000000 0.0000000000 155.7553558350 80.2577819824 -2.0443544388
116.5981750488 32.7688179016 0.0000000000 0.0000000000 155.7565765381 81.4130249023 -2.0438272953
116.4592437744 32.7730369568 0.0000000000 0.0000000000 155.7735443115 82.9543762207 -2.0433042049
116.5976943970 32.7768936157 0.0000000000 0.0000000000 155.7724456787 84.4659118652 -2.0427863598
116.3874588013 32.7807960510 0.0000000000 0.0000000000 155.8020324707 85.3369674683 -2.0422472954
116.5743484497 32.7843742371 0.0000000000 0.0000000000 155.7861480713 85.3872604370 -2.0417244434
116.2385177612 32.7881927490 0.0000000000 0.0000000000 155.8220214844 84.7144088745 -2.0411810875
116.4339370728 32.7917671204 0.0000000000 0.0000000000 155.7869567871 83.6241836548 -2.0406701565
116.0828857422 32.7956771851 0.0000000000 0.0000000000 155.8214111328 82.2351226807 -2.0401508808
116.2720031738 32.7993316650 0.0000000000 0.0000000000 155.7894744873 81.1699829102 -2.0396630764
116.0108871460 32.8032722473 0.0000000000 0.0000000000 155.8150329590 80.7312622070 -2.0391519070
116.1953201294 32.8069648743 0.0000000000 0.0000000000 155.7919769287 80.7725219727 -2.0386557579
116.0008544922 32.8109550476 0.0000000000 0.0000000000 155.8126983643 80.3476409912 -2.0381293297
116.1161270142 32.8148956299 0.0000000000 0.0000000000 155.7996215820 78.7184448242 -2.0375862122
115.9553833008 32.8191108704 0.0000000000 0.0000000000 155.8117828369 76.1059722900 -2.0370268822
115.9512252808 32.8233108521 0.0000000000 0.0000000000 155.8077087402 73.4573059082 -2.0364589691
115.8407592773 32.8275489807 0.0000000000 0.0000000000 155.8119506836 71.2719879150 -2.0358860493
115.7454528809 32.8318138123 0.0000000000 0.0000000000 155.8178100586 69.5417022705 -2.0353267193
115.7177352905 32.8360023499 0.0000000000 0.0000000000 155.8188934326 68.0350952148 -2.0347638130
115.6124801636 32.8401527405 0.0000000000 0.0000000000 155.8311309814 66.3199157715 -2.0342211723
115.6666564941 32.8440513611 0.0000000000 0.0000000000 155.8299713135 64.6151046753 -2.0336711407
115.5508575439 32.8480072021 0.0000000000 0.0000000000 155.8444519043 63.5988998413 -2.0331318378
115.6276321411 32.8517761230 0.0000000000 0.0000000000 155.8415985107 63.3289260864 -2.0325753689
115.4529037476 32.8556938171 0.0000000000 0.0000000000 155.8517456055 63.1231727600 -2.0320327282
115.4939804077 32.8593750000 0.0000000000 0.0000000000 155.8369598389 62.3873519897 -2.0314974785
115.3181152344 32.8630943298 0.0000000000 0.0000000000 155.8495178223 61.0794715881 -2.0309836864
115.3384323120 32.8665313721 0.0000000000 0.0000000000 155.8364410400 59.4837532043 -2.0304913521
115.2156906128 32.8698959351 0.0000000000 0.0000000000 155.8466186523 58.0196189880 -2.0300257206
115.2452774048 32.8729286194 0.0000000000 0.0000000000 155.8358306885 57.0641174316 -2.0295603275
115.1878128052 32.8758430481 0.0000000000 0.0000000000 155.8442382812 56.8598403931 -2.0291090012
115.1931457520 32.8785743713 0.0000000000 0.0000000000 155.8397369385 57.4124221802 -2.0286507607
115.1768798828 32.8811988831 0.0000000000 0.0000000000 155.8419494629 58.2080993652 -2.0282135010
115.1138458252 32.8837242126 0.0000000000 0.0000000000 155.8475341797 58.6002311707 -2.0277676582
115.0995941162 32.8861351013 0.0000000000 0.0000000000 155.8407745361 58.4334487915 -2.0273466110
114.9824905396 32.8885421753 0.0000000000 0.0000000000 155.8452758789 58.0962715149 -2.0269138813
114.9686889648 32.8908805847 0.0000000000 0.0000000000 155.8325347900 57.9151649475 -2.0264987946
114.8465347290 32.8933067322 0.0000000000 0.0000000000 155.8414306641 57.9044799805 -2.0260667801
114.8744812012 32.8957405090 0.0000000000 0.0000000000 155.8294982910 57.6615638733 -2.0256416798
114.7540664673 32.8984107971 0.0000000000 0.0000000000 155.8425750732 56.8703651428 -2.0251836777
114.8317184448 32.9011917114 0.0000000000 0.0000000000 155.8303985596 56.0058403015 -2.0247268677
114.6605758667 32.9044075012 0.0000000000 0.0000000000 155.8509826660 56.0072860718 -2.0242314339
114.7422409058 32.9077796936 0.0000000000 0.0000000000 155.8334808350 57.0289230347 -2.0237503052
114.5121536255 32.9115219116 0.0000000000 0.0000000000 155.8555145264 57.9461593628 -2.0232493877
114.5745315552 32.9152679443 0.0000000000 0.0000000000 155.8377075195 57.9648551941 -2.0227651596
114.3723678589 32.9192161560 0.0000000000 0.0000000000 155.8557281494 58.6544342041 -2.0222778320
114.4468002319 32.9230194092 0.0000000000 0.0000000000 155.8424072266 60.6358375549 -2.0218191147
114.3116989136 32.9269638062 0.0000000000 0.0000000000 155.8573608398 62.7346763611 -2.0213623047
114.4054107666 32.9306945801 0.0000000000 0.0000000000 155.8477783203 65.7705612183 -2.0209183693
114.3367843628 32.9343833923 0.0000000000 0.0000000000 155.8604736328 69.8970031738 -2.0204713345
114.3821640015 32.9378051758 0.0000000000 0.0000000000 155.8573150635 73.0589599609 -2.0200350285
114.3301620483 32.9410171509 0.0000000000 0.0000000000 155.8524475098 75.6137237549 -2.0195970535
114.2824325562 32.9439353943 0.0000000000 0.0000000000 155.8475952148 78.0999832153 -2.0191738605
114.2551803589 32.9465141296 0.0000000000 0.0000000000 155.8376312256 79.6573028564 -2.0187532902
114.1980819702 32.9487686157 0.0000000000 0.0000000000 155.8415679932 80.5565032959 -2.0183565617
114.2121963501 32.9506874084 0.0000000000 0.0000000000 155.8358612061 81.3325347900 -2.0179758072
114.1781997681 32.9524345398 0.0000000000 0.0000000000 155.8391265869 82.2883911133 -2.0176200867
114.2069702148 32.9540061951 0.0000000000 0.0000000000 155.8256225586 84.1503601074 -2.0172848701
114.1520385742 32.9556274414 0.0000000000 0.0000000000 155.8276977539 86.9764099121 -2.0169386864
114.1614074707 32.9573020935 0.0000000000 0.0000000000 155.8104400635 89.6536636353 -2.0165932178
114.0573883057 32.9592132568 0.0000000000 0.0000000000 155.8100433350 91.7307357788 -2.0162496567
114.0315704346 32.9612503052 0.0000000000 0.0000000000 155.7949829102 92.7872161865 -2.0159003735
113.9260101318 32.9635810852 0.0000000000 0.0000000000 155.7949523926 92.4830474854 -2.0155465603
113.9292755127 32.9660758972 0.0000000000 0.0000000000 155.7841796875 91.1869735718 -2.0151953697
113.8174514771 32.9689140320 0.0000000000 0.0000000000 155.7915039062 89.5064163208 -2.0148186684
113.8869400024 32.9719543457 0.0000000000 0.0000000000 155.7795410156 87.8694610596 -2.0144422054
113.7620697021 32.9754409790 0.0000000000 0.0000000000 155.7941131592 86.3469696045 -2.0140368938
113.8178482056 32.9791336060 0.0000000000 0.0000000000 155.7804107666 84.7025451660 -2.0136392117
113.7050094604 32.9831619263 0.0000000000 0.0000000000 155.7902374268 82.7398376465 -2.0132160187
113.6850662231 32.9873199463 0.0000000000 0.0000000000 155.7815704346 80.4040603638 -2.0127866268
113.6115951538 32.9916114807 0.0000000000 0.0000000000 155.7827148438 78.0955734253 -2.0123498440
113.5638046265 32.9959220886 0.0000000000 0.0000000000 155.7789764404 76.3985824585 -2.0119066238
113.5690765381 33.0001945496 0.0000000000 0.0000000000 155.7731628418 75.2958831787 -2.0114634037
113.5025405884 33.0044021606 0.0000000000 0.0000000000 155.7761383057 74.1604080200 -2.0110077858
113.5511169434 33.0083732605 0.0000000000 0.0000000000 155.7654418945 72.4138565063 -2.0105588436
113.4720077515 33.0122184753 0.0000000000 0.0000000000 155.7689819336 70.0252075195 -2.0101020336
113.4773712158 33.0158271790 0.0000000000 0.0000000000 155.7575988770 67.6358566284 -2.0096521378
113.3966293335 33.0193443298 0.0000000000 0.0000000000 155.7553405762 66.0849838257 -2.0091991425
113.3529586792 33.0225944519 0.0000000000 0.0000000000 155.7452850342 65.2743072510 -2.0087606907
113.2908172607 33.0255203247 0.0000000000 0.0000000000 155.7363281250 64.3916397095 -2.0083501339
113.2262573242 33.0281219482 0.0000000000 0.0000000000 155.7299499512 62.8429946899 -2.0079615116
113.2222747803 33.0303039551 0.0000000000 0.0000000000 155.7154693604 60.6906929016 -2.0076243877
113.1619262695 33.0322418213 0.0000000000 0.0000000000 155.7167053223 58.3601531982 -2.0072968006
113.2295913696 33.0337982178 0.0000000000 0.0000000000 155.6976013184 56.2748336792 -2.0070040226
113.1550598145 33.0352630615 0.0000000000 0.0000000000 155.7055511475 54.3572082520 -2.0066962242
113.2429122925 33.0365257263 0.0000000000 0.0000000000 155.6856842041 52.8241081238 -2.0064065456
113.1069793701 33.0378990173 0.0000000000 0.0000000000 155.6972808838 52.4521217346 -2.0060975552
113.2023315430 33.0391998291 0.0000000000 0.0000000000 155.6638488770 53.1835479736 -2.0057938099
112.9946212769 33.0408401489 0.0000000000 0.0000000000 155.6878814697 54.0136451721 -2.0054810047
113.1517257690 33.0424919128 0.0000000000 0.0000000000 155.6439056396 54.4180221558 -2.0051748753
112.8891830444 33.0445899963 0.0000000000 0.0000000000 155.6771240234 54.7096862793 -2.0048537254
113.1104660034 33.0466461182 0.0000000000 0.0000000000 155.6262664795 55.7323722839 -2.0045375824
112.7906951904 33.0491981506 0.0000000000 0.0000000000 155.6684722900 57.2095909119 -2.0041875839
113.0627059937 33.0516204834 0.0000000000 0.0000000000 155.6168975830 58.4649200439 -2.0038383007
112.6733398438 33.0545997620 0.0000000000 0.0000000000 155.6670227051 60.1417198181 -2.0034627914
112.9963607788 33.0573234558 0.0000000000 0.0000000000 155.6092224121 61.7783164978 -2.0031130314
112.5646667480 33.0605888367 0.0000000000 0.0000000000 155.6662597656 62.8878097534 -2.0027284622
112.9202651978 33.0635070801 0.0000000000 0.0000000000 155.6000671387 63.9853591919 -2.0023910999
112.5144424438 33.0669250488 0.0000000000 0.0000000000 155.6613922119 65.0882034302 -2.0020196438
112.8698043823 33.0700073242 0.0000000000 0.0000000000 155.5912933350 66.5600738525 -2.0016789436
112.4922866821 33.0735855103 0.0000000000 0.0000000000 155.6466522217 68.5038604736 -2.0013227463
112.7977676392 33.0768852234 0.0000000000 0.0000000000 155.5783843994 69.8841552734 -2.0009880066
112.4576644897 33.0805015564 0.0000000000 0.0000000000 155.6241149902 70.9742050171 -2.0006334782
112.6704864502 33.0837745667 0.0000000000 0.0000000000 155.5711975098 71.9541244507 -2.0003161430
112.4583511353 33.0871009827 0.0000000000 0.0000000000 155.5954742432 72.6902313232 -1.9999860525
112.5189437866 33.0900611877 0.0000000000 0.0000000000 155.5762786865 72.6870651245 -1.9996602535
112.4983749390 33.0927848816 0.0000000000 0.0000000000 155.5759887695 72.7734222412 -1.9993143082
112.3880996704 33.0953254700 0.0000000000 0.0000000000 155.5929565430 74.0960540771 -1.9989607334
112.5115509033 33.0975685120 0.0000000000 0.0000000000 155.5676422119 76.0037307739 -1.9986121655
112.2843933105 33.0998420715 0.0000000000 0.0000000000 155.6044158936 77.0543823242 -1.9982628822
112.4991073608 33.1018066406 0.0000000000 0.0000000000 155.5592346191 77.0498657227 -1.9979461432
112.2233657837 33.1039505005 0.0000000000 0.0000000000 155.6065826416 77.1200027466 -1.9976339340
112.4703063965 33.1057395935 0.0000000000 0.0000000000 155.5507812500 78.3726348877 -1.9973565340
112.2052688599 33.1077232361 0.0000000000 0.0000000000 155.5962219238 81.5275268555 -1.9970679283
112.4205398560 33.1094818115 0.0000000000 0.0000000000 155.5406188965 85.4844512939 -1.9968038797
112.1884384155 33.1114921570 0.0000000000 0.0000000000 155.5702667236 88.3406600952 -1.9965194464
112.3308639526 33.1134071350 0.0000000000 0.0000000000 155.5269622803 88.8645706177 -1.9962466955
112.1600418091 33.1155662537 0.0000000000 0.0000000000 155.5412292480 87.6581497192 -1.9959400892
112.2306518555 33.1177558899 0.0000000000 0.0000000000 155.5117187500 86.0958175659 -1.9956353903
112.1099472046 33.1203041077 0.0000000000 0.0000000000 155.5209655762 84.9753417969 -1.9953085184
112.1451034546 33.1229896545 0.0000000000 0.0000000000 155.4983062744 84.3876419067 -1.9949874878
112.0238342285 33.1260795593 0.0000000000 0.0000000000 155.5102539062 84.2658004761 -1.9946366549
112.0589065552 33.1293792725 0.0000000000 0.0000000000 155.4917602539 84.4953842163 -1.9942843914
111.9375381470 33.1329803467 0.0000000000 0.0000000000 155.5022888184 84.6458435059 -1.9939049482
111.9638519287 33.1367340088 0.0000000000 0.0000000000 155.4864807129 84.1383972168 -1.9935395718
111.8611907959 33.1407623291 0.0000000000 0.0000000000 155.4936370850 82.7509613037 -1.9931472540
111.8391418457 33.1448173523 0.0000000000 0.0000000000 155.4843750000 80.6808776855 -1.9927796125
111.7702713013 33.1489372253 0.0000000000 0.0000000000 155.4877929688 78.1036987305 -1.9923853874
111.7446212769 33.1529731750 0.0000000000 0.0000000000 155.4828796387 75.0823287964 -1.9920191765
111.7182464600 33.1569061279 0.0000000000 0.0000000000 155.4857788086 72.0314559937 -1.9916422367
111.6847839355 33.1608276367 0.0000000000 0.0000000000 155.4878540039 69.7850036621 -1.9912874699
111.7026443481 33.1646499634 0.0000000000 0.0000000000 155.4852600098 68.7334518433 -1.9909255505
111.6402969360 33.1684608459 0.0000000000 0.0000000000 155.4932403564 68.4102249146 -1.9905748367
111.6925125122 33.1721153259 0.0000000000 0.0000000000 155.4775238037 68.0292510986 -1.9902074337
111.5991210938 33.1757774353 0.0000000000 0.0000000000 155.4887084961 67.0784683228 -1.9898493290
111.6404266357 33.1792259216 0.0000000000 0.0000000000 155.4642486572 65.4220046997 -1.9894758463
111.5514068604 33.1825981140 0.0000000000 0.0000000000 155.4710998535 63.2718925476 -1.9891132116
111.5684585571 33.1857376099 0.0000000000 0.0000000000 155.4491882324 61.0511131287 -1.9887545109
111.5116653442 33.1886825562 0.0000000000 0.0000000000 155.4501342773 59.2042617798 -1.9884129763
111.5036697388 33.1914367676 0.0000000000 0.0000000000 155.4365539551 58.0146865845 -1.9880965948
111.4787673950 33.1940193176 0.0000000000 0.0000000000 155.4324340820 57.4268569946 -1.9877849817
111.4641876221 33.1964073181 0.0000000000 0.0000000000 155.4235534668 57.1568336487 -1.9874836206
111.4468307495 33.1986312866 0.0000000000 0.0000000000 155.4152679443 57.1585235596 -1.9871706963
111.4168701172 33.2007980347 0.0000000000 0.0000000000 155.4092407227 57.7393684387 -1.9868574142
111.3935394287 33.2029571533 0.0000000000 0.0000000000 155.4024200439 59.0332450867 -1.9865363836
111.3898010254 33.2051391602 0.0000000000 0.0000000000 155.4014892578 60.6315307617 -1.9862154722
111.3502044678 33.2073783875 0.0000000000 0.0000000000 155.4033966064 61.8250885010 -1.9858852625
111.3750152588 33.2096824646 0.0000000000 0.0000000000 155.3962860107 62.1547241211 -1.9855300188
111.2781524658 33.2121276855 0.0000000000 0.0000000000 155.4050903320 62.0205650330 -1.9851720333
111.3104629517 33.2146453857 0.0000000000 0.0000000000 155.3899841309 62.5214157104 -1.9847832918
111.1684341431 33.2173271179 0.0000000000 0.0000000000 155.4074554443 64.1921463013 -1.9844104052
111.2264251709 33.2200317383 0.0000000000 0.0000000000 155.3873748779 66.3885879517 -1.9840135574
111.0462646484 33.2230453491 0.0000000000 0.0000000000 155.4196472168 68.0335617065 -1.9836366177
111.1748580933 33.2259826660 0.0000000000 0.0000000000 155.3852081299 68.7666320801 -1.9832303524
110.9115905762 33.2292785645 0.0000000000 0.0000000000 155.4381713867 69.2202529907 -1.9828207493
111.1651535034 33.2323150635 0.0000000000 0.0000000000 155.3912353516 70.2610397339 -1.9823632240
110.7321014404 33.2357025146 0.0000000000 0.0000000000 155.4974975586 71.8899688721 -1.9818390608
111.2287368774 33.2384605408 0.0000000000 0.0000000000 155.4236145020 73.2749023438 -1.9812698364
110.5111083984 33.2418022156 0.0000000000 0.0000000000 155.6118011475 73.6656417847 -1.9805208445
111.3864212036 33.2440795898 0.0000000000 0.0000000000 155.4866180420 73.4440460205 -1.9796545506
110.2079238892 33.2472648621 0.0000000000 0.0000000000 155.7907104492 73.4483566284 -1.9782789946
111.5600051880 33.2487716675 0.0000000000 0.0000000000 155.5570831299 74.0228805542 -1.9773051739
109.9301681519 33.2517013550 0.0000000000 0.0000000000 155.8559875488 74.1555938721 -1.9765064716
111.2779312134 33.2528533936 0.0000000000 0.0000000000 155.4769744873 74.1078186035 -1.9776964188
110.2022781372 33.2550964355 0.0000000000 0.0000000000 155.5623168945 74.2760314941 -1.9790037870
110.6374511719 33.2565650940 0.0000000000 0.0000000000 155.4492950439 74.5414428711 -1.9794887304
111.1862487793 33.2579536438 0.0000000000 0.0000000000 155.4255218506 74.7096481323 -1.9785771370
110.3886260986 33.2601966858 0.0000000000 0.0000000000 155.6581420898 75.3465118408 -1.9773080349
111.4357299805 33.2617721558 0.0000000000 0.0000000000 155.4235992432 76.8157730103 -1.9772065878
110.3621139526 33.2645721436 0.0000000000 0.0000000000 155.5437622070 78.5817108154 -1.9777770042
110.5412445068 33.2667198181 0.0000000000 0.0000000000 155.4272003174 79.8316345215 -1.9781101942
110.7066040039 33.2687759399 0.0000000000 0.0000000000 155.3849182129 79.3745727539 -1.9774789810
110.0284805298 33.2710494995 0.0000000000 0.0000000000 155.5395355225 77.4038619995 -1.9766191244
110.8922729492 33.2723579407 0.0000000000 0.0000000000 155.3685760498 76.1568145752 -1.9765908718
110.3588943481 33.2744178772 0.0000000000 0.0000000000 155.4541931152 74.9097518921 -1.9769630432
110.5452957153 33.2760887146 0.0000000000 0.0000000000 155.4058074951 73.4288940430 -1.9769557714
110.9052581787 33.2779159546 0.0000000000 0.0000000000 155.3445434570 72.1887435913 -1.9763419628
110.2404327393 33.2805747986 0.0000000000 0.0000000000 155.4880371094 70.5172576904 -1.9757601023
110.7379302979 33.2826995850 0.0000000000 0.0000000000 155.3271942139 70.5332031250 -1.9757679701
110.2405929565 33.2855377197 0.0000000000 0.0000000000 155.3735656738 71.4498519897 -1.9758375883
110.1471786499 33.2882156372 0.0000000000 0.0000000000 155.3764190674 72.3866424561 -1.9755119085
110.5446014404 33.2906608582 0.0000000000 0.0000000000 155.3095245361 73.7478179932 -1.9749996662
110.0583724976 33.2938156128 0.0000000000 0.0000000000 155.4220581055 75.2213745117 -1.9747077227
110.5259475708 33.2965736389 0.0000000000 0.0000000000 155.3064575195 76.6681823730 -1.9747318029
110.3805541992 33.2999420166 0.0000000000 0.0000000000 155.3140106201 76.0759582520 -1.9745709896
110.1911697388 33.3037223816 0.0000000000 0.0000000000 155.3575897217 74.8537063599 -1.9741226435
110.5080642700 33.3074150085 0.0000000000 0.0000000000 155.2718963623 73.7776718140 -1.9736967087
