#         rmsthk      stdthk       rmsvel       stdvel       rmsdiv       stddiv       rmsusurf       stdusurf
-0.0000047899 0.0001791091 -17.7564468384 66.3613433838 0.0000000000 0.0000000000 0.0000000000 0.0000000000
-0.0337534584 0.6550574303 -18.2570190430 66.0984191895 0.0000000000 0.0000000000 0.0000000000 0.0000000000
-0.0303048808 1.2902446985 -16.0740413666 66.8760757446 0.0000000000 0.0000000000 0.0000000000 0.0000000000
-0.0070226188 1.9236054420 -13.5392560959 67.9846343994 0.0000000000 0.0000000000 0.0000000000 0.0000000000
0.0324021615 2.5525443554 -10.9730367661 69.2896118164 0.0000000000 0.0000000000 0.0000000000 0.0000000000
0.0716838539 3.1811099052 -8.5025615692 70.7215270996 0.0000000000 0.0000000000 0.0000000000 0.0000000000
0.1055961698 3.8056852818 -6.1137499809 72.2058792114 0.0000000000 0.0000000000 0.0000000000 0.0000000000
0.1336696744 4.4228329659 -3.6598727703 73.8214721680 0.0000000000 0.0000000000 0.0000000000 0.0000000000
0.1554701477 5.0300335884 -1.0606794357 75.6706771851 0.0000000000 0.0000000000 0.0000000000 0.0000000000
0.1705694646 5.6256971359 1.6575335264 77.8356094360 0.0000000000 0.0000000000 0.0000000000 0.0000000000
0.1780414879 6.2096710205 4.4770269394 80.4238662720 0.0000000000 0.0000000000 0.0000000000 0.0000000000
0.1774574816 6.7829079628 7.4386229515 83.5641632080 0.0000000000 0.0000000000 0.0000000000 0.0000000000
0.1685538292 7.3459544182 10.6187000275 87.3883132935 0.0000000000 0.0000000000 0.0000000000 0.0000000000
0.1509659588 7.8999772072 14.0036439896 91.9026260376 0.0000000000 0.0000000000 0.0000000000 0.0000000000
0.1241943911 8.4461956024 17.4093704224 96.9142990112 0.0000000000 0.0000000000 0.0000000000 0.0000000000
0.0881202593 8.9854364395 20.4994029999 101.9491348267 0.0000000000 0.0000000000 0.0000000000 0.0000000000
0.0422423519 9.5183095932 22.9761638641 106.6368026733 0.0000000000 0.0000000000 0.0000000000 0.0000000000
-0.0133005651 10.0450687408 24.8965892792 110.9827880859 0.0000000000 0.0000000000 0.0000000000 0.0000000000
-0.0785763338 10.5660781860 26.3972091675 115.2911682129 0.0000000000 0.0000000000 0.0000000000 0.0000000000
-0.1533174962 11.0814466476 27.5697689056 119.8596954346 0.0000000000 0.0000000000 0.0000000000 0.0000000000
-0.2372533828 11.5918388367 28.5017318726 124.9826507568 0.0000000000 0.0000000000 0.0000000000 0.0000000000
-0.3299369216 12.0981073380 29.3572368622 130.8092041016 0.0000000000 0.0000000000 0.0000000000 0.0000000000
-0.4303663075 12.6009798050 30.2569198608 137.2387695312 0.0000000000 0.0000000000 0.0000000000 0.0000000000
-0.5375538468 13.1011037827 31.1028251648 143.8390502930 0.0000000000 0.0000000000 0.0000000000 0.0000000000
-0.6506087780 13.5987415314 31.7370223999 150.1233673096 0.0000000000 0.0000000000 0.0000000000 0.0000000000
-0.7682622671 14.0938549042 32.1704978943 156.0645751953 0.0000000000 0.0000000000 0.0000000000 0.0000000000
-0.8897972107 14.5865373611 32.5992202759 161.9404144287 0.0000000000 0.0000000000 0.0000000000 0.0000000000
-1.0141617060 15.0765991211 33.2730522156 168.1773834229 0.0000000000 0.0000000000 0.0000000000 0.0000000000
-1.1405023336 15.5639133453 34.2989768982 175.0998687744 0.0000000000 0.0000000000 0.0000000000 0.0000000000
-1.2685493231 16.0485324860 35.6253814697 182.7594909668 0.0000000000 0.0000000000 0.0000000000 0.0000000000
-1.3983224630 16.5307197571 37.0714683533 190.8892974854 0.0000000000 0.0000000000 0.0000000000 0.0000000000
-1.5296803713 17.0107631683 38.3704338074 198.8602905273 0.0000000000 0.0000000000 0.0000000000 0.0000000000
-1.6626576185 17.4890365601 39.2279510498 205.9486694336 0.0000000000 0.0000000000 0.0000000000 0.0000000000
-1.7968906164 17.9655475616 39.5804367065 211.7424926758 0.0000000000 0.0000000000 0.0000000000 0.0000000000
-1.9320259094 18.4402351379 39.5345764160 216.5474700928 0.0000000000 0.0000000000 0.0000000000 0.0000000000
-2.0674235821 18.9127330780 39.3071060181 221.2512664795 0.0000000000 0.0000000000 0.0000000000 0.0000000000
-2.2024872303 19.3827724457 39.0342140198 226.1701507568 0.0000000000 0.0000000000 0.0000000000 0.0000000000
-2.3368163109 19.8500404358 38.7828750610 231.1646270752 0.0000000000 0.0000000000 0.0000000000 0.0000000000
-2.4698152542 20.3142795563 38.5200424194 235.7827758789 0.0000000000 0.0000000000 0.0000000000 0.0000000000
-2.6010124683 20.7752265930 38.2286453247 239.6732482910 0.0000000000 0.0000000000 0.0000000000 0.0000000000
-2.7300462723 21.2326145172 37.9131927490 242.8176422119 0.0000000000 0.0000000000 0.0000000000 0.0000000000
-2.8566062450 21.6862621307 37.6038589478 245.5367279053 0.0000000000 0.0000000000 0.0000000000 0.0000000000
-2.9803562164 22.1360511780 37.4364051819 248.3202819824 0.0000000000 0.0000000000 0.0000000000 0.0000000000
-3.1012403965 22.5820693970 37.4928665161 251.2878417969 0.0000000000 0.0000000000 0.0000000000 0.0000000000
-3.2193903923 23.0245132446 37.7556114197 254.5121459961 0.0000000000 0.0000000000 0.0000000000 0.0000000000
-3.3350694180 23.4636154175 38.1655464172 257.8080139160 0.0000000000 0.0000000000 0.0000000000 0.0000000000
-3.4488592148 23.8997459412 38.6194953918 260.7989196777 0.0000000000 0.0000000000 0.0000000000 0.0000000000
-3.5612230301 24.3331279755 38.9776802063 263.3009948730 0.0000000000 0.0000000000 0.0000000000 0.0000000000
-3.6724886894 24.7638473511 39.1937828064 265.2892456055 0.0000000000 0.0000000000 0.0000000000 0.0000000000
-3.7830426693 25.1922702789 39.3104362488 266.9296264648 0.0000000000 0.0000000000 0.0000000000 0.0000000000
-3.8932294846 25.6185951233 39.4001998901 268.3612060547 0.0000000000 0.0000000000 0.0000000000 0.0000000000
-4.0033330917 26.0429496765 39.4930267334 269.7357482910 0.0000000000 0.0000000000 0.0000000000 0.0000000000
-4.1134562492 26.4652767181 39.6048622131 271.0483093262 0.0000000000 0.0000000000 0.0000000000 0.0000000000
-4.2238988876 26.8857059479 39.7018547058 272.2071533203 0.0000000000 0.0000000000 0.0000000000 0.0000000000
-4.3346672058 27.3043441772 39.6611137390 273.0129089355 0.0000000000 0.0000000000 0.0000000000 0.0000000000
-4.4459943771 27.7213325500 39.5947227478 273.2387084961 0.0000000000 0.0000000000 0.0000000000 0.0000000000
-4.5578274727 28.1366348267 39.5540428162 273.4292602539 0.0000000000 0.0000000000 0.0000000000 0.0000000000
-4.6703004837 28.5503215790 39.5454444885 273.8703918457 0.0000000000 0.0000000000 0.0000000000 0.0000000000
-4.7834916115 28.9624824524 39.6611022949 274.4231872559 0.0000000000 0.0000000000 0.0000000000 0.0000000000
-4.8974237442 29.3732242584 39.7850837708 275.0599670410 0.0000000000 0.0000000000 0.0000000000 0.0000000000
-5.0121407509 29.7827281952 39.7725830078 275.4058837891 0.0000000000 0.0000000000 0.0000000000 0.0000000000
-5.1276283264 30.1910934448 39.6393280029 275.2467651367 0.0000000000 0.0000000000 0.0000000000 0.0000000000
-5.2437915802 30.5983428955 39.4656867981 275.0223693848 0.0000000000 0.0000000000 0.0000000000 0.0000000000
-5.3605442047 31.0045604706 39.2007369995 274.9441528320 0.0000000000 0.0000000000 0.0000000000 0.0000000000
-5.4776964188 31.4096927643 39.1042404175 275.0002441406 0.0000000000 0.0000000000 0.0000000000 0.0000000000
-5.5953092575 31.8137779236 39.0808639526 275.2222290039 0.0000000000 0.0000000000 0.0000000000 0.0000000000
-5.7134728432 32.2168922424 38.8864707947 275.2127075195 0.0000000000 0.0000000000 0.0000000000 0.0000000000
-5.8319849968 32.6189689636 38.7056083679 274.8424987793 0.0000000000 0.0000000000 0.0000000000 0.0000000000
-5.9507246017 33.0199851990 38.5321807861 274.5713806152 0.0000000000 0.0000000000 0.0000000000 0.0000000000
-6.0695476532 33.4199600220 38.3025856018 274.5055847168 0.0000000000 0.0000000000 0.0000000000 0.0000000000
-6.1882643700 33.8187980652 38.2337989807 274.6796264648 0.0000000000 0.0000000000 0.0000000000 0.0000000000
-6.3068480492 34.2165832520 38.2653465271 274.8597106934 0.0000000000 0.0000000000 0.0000000000 0.0000000000
-6.4253969193 34.6134185791 38.0529479980 274.6988525391 0.0000000000 0.0000000000 0.0000000000 0.0000000000
-6.5436911583 35.0093727112 37.8045310974 274.2397460938 0.0000000000 0.0000000000 0.0000000000 0.0000000000
-6.6616415977 35.4044380188 37.6104240417 273.7507324219 0.0000000000 0.0000000000 0.0000000000 0.0000000000
-6.7791962624 35.7985610962 37.3247833252 273.3713684082 0.0000000000 0.0000000000 0.0000000000 0.0000000000
-6.8962998390 36.1916885376 37.1795692444 273.1556091309 0.0000000000 0.0000000000 0.0000000000 0.0000000000
-7.0130243301 36.5838279724 36.9953002930 272.8427124023 0.0000000000 0.0000000000 0.0000000000 0.0000000000
-7.1292786598 36.9748992920 36.6363792419 272.0628967285 0.0000000000 0.0000000000 0.0000000000 0.0000000000
-7.2449569702 37.3649444580 36.2272033691 270.9348754883 0.0000000000 0.0000000000 0.0000000000 0.0000000000
-7.3599610329 37.7538757324 36.0289154053 270.0440673828 0.0000000000 0.0000000000 0.0000000000 0.0000000000
-7.4743666649 38.1416625977 35.8188285828 269.6114196777 0.0000000000 0.0000000000 0.0000000000 0.0000000000
-7.5881357193 38.5282249451 35.7143707275 269.3273315430 0.0000000000 0.0000000000 0.0000000000 0.0000000000
-7.7013273239 38.9135971069 35.6919746399 268.6820068359 0.0000000000 0.0000000000 0.0000000000 0.0000000000
-7.8140616417 39.2979125977 35.4451332092 267.5468139648 0.0000000000 0.0000000000 0.0000000000 0.0000000000
-7.9264655113 39.6811523438 35.2898635864 266.5797119141 0.0000000000 0.0000000000 0.0000000000 0.0000000000
-8.0386972427 40.0634155273 35.2423858643 265.8731689453 0.0000000000 0.0000000000 0.0000000000 0.0000000000
-8.1509170532 40.4447364807 34.9918899536 265.0160827637 0.0000000000 0.0000000000 0.0000000000 0.0000000000
-8.2629995346 40.8249931335 34.7602920532 263.9011840820 0.0000000000 0.0000000000 0.0000000000 0.0000000000
-8.3750219345 41.2041854858 34.4702262878 262.4127502441 0.0000000000 0.0000000000 0.0000000000 0.0000000000
-8.4868774414 41.5821914673 34.0743904114 261.0232543945 0.0000000000 0.0000000000 0.0000000000 0.0000000000
-8.5983829498 41.9588127136 33.8602066040 259.9046936035 0.0000000000 0.0000000000 0.0000000000 0.0000000000
-8.7095060349 42.3339767456 33.7355308533 258.9676818848 0.0000000000 0.0000000000 0.0000000000 0.0000000000
-8.8203725815 42.7076721191 33.5915985107 258.0618896484 0.0000000000 0.0000000000 0.0000000000 0.0000000000
-8.9309339523 43.0799140930 33.4586257935 256.8052062988 0.0000000000 0.0000000000 0.0000000000 0.0000000000
-9.0413274765 43.4507827759 33.3067855835 255.7280883789 0.0000000000 0.0000000000 0.0000000000 0.0000000000
-9.1516408920 43.8202590942 33.0566673279 254.7133941650 0.0000000000 0.0000000000 0.0000000000 0.0000000000
-9.2617311478 44.1883277893 32.9130706787 253.6318817139 0.0000000000 0.0000000000 0.0000000000 0.0000000000
-9.3716630936 44.5549354553 32.6504440308 252.4472961426 0.0000000000 0.0000000000 0.0000000000 0.0000000000
-9.4814300537 44.9199790955 32.2017555237 250.9493255615 0.0000000000 0.0000000000 0.0000000000 0.0000000000
-9.5909090042 45.2832221985 31.8308486938 249.4467773438 0.0000000000 0.0000000000 0.0000000000 0.0000000000
-9.7000455856 45.6445617676 31.4160842896 247.9842681885 0.0000000000 0.0000000000 0.0000000000 0.0000000000
-9.8084907532 46.0037765503 31.1370334625 246.8238067627 0.0000000000 0.0000000000 0.0000000000 0.0000000000
-9.9163007736 46.3608512878 31.0118598938 245.8293609619 0.0000000000 0.0000000000 0.0000000000 0.0000000000
-10.0235767365 46.7158088684 30.8570785522 244.9463653564 0.0000000000 0.0000000000 0.0000000000 0.0000000000
-10.1304559708 47.0686683655 30.8146133423 244.1860198975 0.0000000000 0.0000000000 0.0000000000 0.0000000000
-10.2369785309 47.4194068909 30.8175163269 243.4146881104 0.0000000000 0.0000000000 0.0000000000 0.0000000000
-10.3432588577 47.7681388855 30.7838630676 242.8020172119 0.0000000000 0.0000000000 0.0000000000 0.0000000000
-10.4494924545 48.1149482727 30.7351531982 241.9402465820 0.0000000000 0.0000000000 0.0000000000 0.0000000000
-10.5557613373 48.4598541260 30.5671081543 241.0908050537 0.0000000000 0.0000000000 0.0000000000 0.0000000000
-10.6620063782 48.8028259277 30.2528038025 239.9283142090 0.0000000000 0.0000000000 0.0000000000 0.0000000000
-10.7681264877 49.1437530518 30.0075626373 238.8030395508 0.0000000000 0.0000000000 0.0000000000 0.0000000000
-10.8740930557 49.4825782776 29.7245101929 237.5590209961 0.0000000000 0.0000000000 0.0000000000 0.0000000000
-10.9797906876 49.8191566467 29.4863090515 236.4798583984 0.0000000000 0.0000000000 0.0000000000 0.0000000000
-11.0850915909 50.1533927917 29.2940750122 235.5554199219 0.0000000000 0.0000000000 0.0000000000 0.0000000000
-11.1899509430 50.4852828979 29.0803890228 234.6914672852 0.0000000000 0.0000000000 0.0000000000 0.0000000000
-11.2942466736 50.8148117065 28.9800853729 233.9317932129 0.0000000000 0.0000000000 0.0000000000 0.0000000000
-11.3981618881 51.1419677734 28.8993339539 233.0800781250 0.0000000000 0.0000000000 0.0000000000 0.0000000000
-11.5018320084 51.4668083191 28.7680473328 232.2639923096 0.0000000000 0.0000000000 0.0000000000 0.0000000000
-11.6053285599 51.7893791199 28.6163635254 231.2803955078 0.0000000000 0.0000000000 0.0000000000 0.0000000000
-11.7086019516 52.1096649170 28.4223880768 230.4132232666 0.0000000000 0.0000000000 0.0000000000 0.0000000000
-11.8115196228 52.4275856018 28.2145347595 229.4176025391 0.0000000000 0.0000000000 0.0000000000 0.0000000000
-11.9140501022 52.7431068420 28.0430355072 228.5348663330 0.0000000000 0.0000000000 0.0000000000 0.0000000000
-12.0161590576 53.0563201904 27.8312492371 227.4633789062 0.0000000000 0.0000000000 0.0000000000 0.0000000000
-12.1177911758 53.3671875000 27.6726589203 226.5191040039 0.0000000000 0.0000000000 0.0000000000 0.0000000000
-12.2190170288 53.6756668091 27.5508823395 225.6420135498 0.0000000000 0.0000000000 0.0000000000 0.0000000000
-12.3199186325 53.9818305969 27.4314022064 224.8542938232 0.0000000000 0.0000000000 0.0000000000 0.0000000000
-12.4206275940 54.2857398987 27.3498477936 224.0720825195 0.0000000000 0.0000000000 0.0000000000 0.0000000000
-12.5211391449 54.5874366760 27.2256813049 223.2031707764 0.0000000000 0.0000000000 0.0000000000 0.0000000000
-12.6215009689 54.8869285583 27.0684089661 222.3496093750 0.0000000000 0.0000000000 0.0000000000 0.0000000000
-12.7217493057 55.1842041016 26.9217491150 221.4144744873 0.0000000000 0.0000000000 0.0000000000 0.0000000000
-12.8218698502 55.4792022705 26.7432632446 220.6613006592 0.0000000000 0.0000000000 0.0000000000 0.0000000000
-12.9218997955 55.7719078064 26.5657596588 219.8079833984 0.0000000000 0.0000000000 0.0000000000 0.0000000000
-13.0217857361 56.0622940063 26.4157428741 218.9911956787 0.0000000000 0.0000000000 0.0000000000 0.0000000000
-13.1215057373 56.3503723145 26.2481384277 218.1056976318 0.0000000000 0.0000000000 0.0000000000 0.0000000000
-13.2209892273 56.6360397339 26.1005249023 217.3556213379 0.0000000000 0.0000000000 0.0000000000 0.0000000000
-13.3203096390 56.9193191528 25.9674530029 216.6992645264 0.0000000000 0.0000000000 0.0000000000 0.0000000000
-13.4193239212 57.2001991272 25.8279457092 216.0049438477 0.0000000000 0.0000000000 0.0000000000 0.0000000000
-13.5181131363 57.4787254333 25.7075176239 215.2777404785 0.0000000000 0.0000000000 0.0000000000 0.0000000000
-13.6167087555 57.7548408508 25.5706043243 214.4893035889 0.0000000000 0.0000000000 0.0000000000 0.0000000000
-13.7150831223 58.0285339355 25.4298210144 213.8330383301 0.0000000000 0.0000000000 0.0000000000 0.0000000000
-13.8133268356 58.2998924255 25.3169403076 213.1887512207 0.0000000000 0.0000000000 0.0000000000 0.0000000000
-13.9113569260 58.5688667297 25.2099018097 212.5797424316 0.0000000000 0.0000000000 0.0000000000 0.0000000000
-14.0092744827 58.8356056213 25.1011199951 211.8339080811 0.0000000000 0.0000000000 0.0000000000 0.0000000000
-14.1071777344 59.1001052856 24.9859104156 211.0998840332 0.0000000000 0.0000000000 0.0000000000 0.0000000000
-14.2049827576 59.3622894287 24.8481216431 210.4011840820 0.0000000000 0.0000000000 0.0000000000 0.0000000000
-14.3027095795 59.6221656799 24.7213745117 209.7652282715 0.0000000000 0.0000000000 0.0000000000 0.0000000000
-14.4003028870 59.8797492981 24.6045665741 209.0531005859 0.0000000000 0.0000000000 0.0000000000 0.0000000000
-14.4979114532 60.1349830627 24.4803047180 208.2392578125 0.0000000000 0.0000000000 0.0000000000 0.0000000000
-14.5954942703 60.3878288269 24.3504295349 207.4881439209 0.0000000000 0.0000000000 0.0000000000 0.0000000000
-14.6929693222 60.6382904053 24.2087059021 206.8005371094 0.0000000000 0.0000000000 0.0000000000 0.0000000000
-14.7903079987 60.8864402771 24.0890731812 206.1758422852 0.0000000000 0.0000000000 0.0000000000 0.0000000000
-14.8875408173 61.1322975159 23.9969711304 205.4623565674 0.0000000000 0.0000000000 0.0000000000 0.0000000000
-14.9846630096 61.3758468628 23.8914203644 204.7644958496 0.0000000000 0.0000000000 0.0000000000 0.0000000000
-15.0815982819 61.6171264648 23.7822284698 204.0999450684 0.0000000000 0.0000000000 0.0000000000 0.0000000000
-15.1783447266 61.8560867310 23.6964168549 203.4825134277 0.0000000000 0.0000000000 0.0000000000 0.0000000000
-15.2748813629 62.0927276611 23.6113128662 202.8944854736 0.0000000000 0.0000000000 0.0000000000 0.0000000000
-15.3712987900 62.3272171021 23.5167560577 202.2450408936 0.0000000000 0.0000000000 0.0000000000 0.0000000000
-15.4674892426 62.5595512390 23.4036827087 201.5645294189 0.0000000000 0.0000000000 0.0000000000 0.0000000000
-15.5635795593 62.7897338867 23.2887115479 200.8874816895 0.0000000000 0.0000000000 0.0000000000 0.0000000000
-15.6595363617 63.0178298950 23.1992244720 200.2670745850 0.0000000000 0.0000000000 0.0000000000 0.0000000000
-15.7553796768 63.2439270020 23.1191501617 199.6906433105 0.0000000000 0.0000000000 0.0000000000 0.0000000000
-15.8511371613 63.4680366516 23.0228633881 199.0532226562 0.0000000000 0.0000000000 0.0000000000 0.0000000000
-15.9467849731 63.6901779175 22.9140434265 198.3196258545 0.0000000000 0.0000000000 0.0000000000 0.0000000000
-16.0423526764 63.9104080200 22.7963180542 197.5841827393 0.0000000000 0.0000000000 0.0000000000 0.0000000000
-16.1378345490 64.1287384033 22.6808681488 196.9290618896 0.0000000000 0.0000000000 0.0000000000 0.0000000000
-16.2332077026 64.3451690674 22.5746593475 196.2633819580 0.0000000000 0.0000000000 0.0000000000 0.0000000000
-16.3284664154 64.5596923828 22.4578781128 195.5597229004 0.0000000000 0.0000000000 0.0000000000 0.0000000000
-16.4235782623 64.7724609375 22.3425884247 194.8301239014 0.0000000000 0.0000000000 0.0000000000 0.0000000000
-16.5185375214 64.9835052490 22.2459964752 194.1460571289 0.0000000000 0.0000000000 0.0000000000 0.0000000000
-16.6132984161 65.1928482056 22.1592845917 193.5505828857 0.0000000000 0.0000000000 0.0000000000 0.0000000000
-16.7079086304 65.4005279541 22.0750331879 192.9483642578 0.0000000000 0.0000000000 0.0000000000 0.0000000000
-16.8024463654 65.6065292358 21.9876518250 192.2744903564 0.0000000000 0.0000000000 0.0000000000 0.0000000000
-16.8969612122 65.8108825684 21.8897399902 191.5708312988 0.0000000000 0.0000000000 0.0000000000 0.0000000000
-16.9913940430 66.0135803223 21.7758789062 190.9415130615 0.0000000000 0.0000000000 0.0000000000 0.0000000000
-17.0857543945 66.2146148682 21.6665935516 190.3556976318 0.0000000000 0.0000000000 0.0000000000 0.0000000000
-17.1801605225 66.4140625000 21.5711212158 189.7364044189 0.0000000000 0.0000000000 0.0000000000 0.0000000000
-17.2744293213 66.6117858887 21.4793415070 189.0903625488 0.0000000000 0.0000000000 0.0000000000 0.0000000000
-17.3686809540 66.8078765869 21.3796119690 188.4666595459 0.0000000000 0.0000000000 0.0000000000 0.0000000000
-17.4627933502 67.0023193359 21.2794094086 187.8592529297 0.0000000000 0.0000000000 0.0000000000 0.0000000000
-17.5567474365 67.1951446533 21.1934585571 187.2809753418 0.0000000000 0.0000000000 0.0000000000 0.0000000000
-17.6505336761 67.3862991333 21.0968685150 186.6488800049 0.0000000000 0.0000000000 0.0000000000 0.0000000000
-17.7441596985 67.5758285522 20.9715805054 185.9926757812 0.0000000000 0.0000000000 0.0000000000 0.0000000000
-17.8375663757 67.7636642456 20.8431110382 185.3260040283 0.0000000000 0.0000000000 0.0000000000 0.0000000000
-17.9307556152 67.9498672485 20.7392978668 184.6935882568 0.0000000000 0.0000000000 0.0000000000 0.0000000000
-18.0237598419 68.1344909668 20.6542701721 184.1008911133 0.0000000000 0.0000000000 0.0000000000 0.0000000000
-18.1165485382 68.3174591064 20.5686473846 183.5476531982 0.0000000000 0.0000000000 0.0000000000 0.0000000000
-18.2091407776 68.4988174438 20.4835109711 182.9604187012 0.0000000000 0.0000000000 0.0000000000 0.0000000000
-18.3015956879 68.6786499023 20.4056644440 182.3592681885 0.0000000000 0.0000000000 0.0000000000 0.0000000000
-18.3939075470 68.8569869995 20.3390998840 181.7629852295 0.0000000000 0.0000000000 0.0000000000 0.0000000000
-18.4860496521 69.0338134766 20.2523880005 181.1927947998 0.0000000000 0.0000000000 0.0000000000 0.0000000000
-18.5780277252 69.2090682983 20.1423492432 180.6081085205 0.0000000000 0.0000000000 0.0000000000 0.0000000000
-18.6698017120 69.3827209473 20.0296382904 179.9760284424 0.0000000000 0.0000000000 0.0000000000 0.0000000000
-18.7613410950 69.5547790527 19.9238529205 179.3025970459 0.0000000000 0.0000000000 0.0000000000 0.0000000000
-18.8526134491 69.7252044678 19.8185520172 178.6514892578 0.0000000000 0.0000000000 0.0000000000 0.0000000000
-18.9435825348 69.8940658569 19.6978874207 178.0538177490 0.0000000000 0.0000000000 0.0000000000 0.0000000000
-19.0343322754 70.0613937378 19.5777587891 177.4680633545 0.0000000000 0.0000000000 0.0000000000 0.0000000000
-19.1247310638 70.2271347046 19.4897575378 176.8352966309 0.0000000000 0.0000000000 0.0000000000 0.0000000000
-19.2148380280 70.3913269043 19.4236164093 176.2110290527 0.0000000000 0.0000000000 0.0000000000 0.0000000000
-19.3047428131 70.5540466309 19.3469352722 175.6498718262 0.0000000000 0.0000000000 0.0000000000 0.0000000000
-19.3944568634 70.7153320312 19.2630271912 175.1237640381 0.0000000000 0.0000000000 0.0000000000 0.0000000000
-19.4839553833 70.8751602173 19.2004985809 174.5528106689 0.0000000000 0.0000000000 0.0000000000 0.0000000000
-19.5733280182 71.0335998535 19.1441974640 173.9670257568 0.0000000000 0.0000000000 0.0000000000 0.0000000000
-19.6625728607 71.1906280518 19.0644168854 173.4208068848 0.0000000000 0.0000000000 0.0000000000 0.0000000000
-19.7516937256 71.3462371826 18.9751777649 172.8991088867 0.0000000000 0.0000000000 0.0000000000 0.0000000000
-19.8406867981 71.5004348755 18.8985214233 172.3355865479 0.0000000000 0.0000000000 0.0000000000 0.0000000000
-19.9295063019 71.6532592773 18.8200168610 171.7427520752 0.0000000000 0.0000000000 0.0000000000 0.0000000000
-20.0181484222 71.8047714233 18.7210025787 171.1994323730 0.0000000000 0.0000000000 0.0000000000 0.0000000000
-20.1066169739 71.9549026489 18.6274929047 170.6660614014 0.0000000000 0.0000000000 0.0000000000 0.0000000000
-20.1949424744 72.1036529541 18.5543575287 170.1344909668 0.0000000000 0.0000000000 0.0000000000 0.0000000000
-20.2831382751 72.2510375977 18.4825115204 169.6265716553 0.0000000000 0.0000000000 0.0000000000 0.0000000000
-20.3711795807 72.3970260620 18.4070262909 169.1468200684 0.0000000000 0.0000000000 0.0000000000 0.0000000000
-20.4589729309 72.5417098999 18.3444995880 168.6666717529 0.0000000000 0.0000000000 0.0000000000 0.0000000000
-20.5465660095 72.6851730347 18.2881031036 168.1907653809 0.0000000000 0.0000000000 0.0000000000 0.0000000000
-20.6339282990 72.8274765015 18.2124004364 167.7106323242 0.0000000000 0.0000000000 0.0000000000 0.0000000000
-20.7210178375 72.9685516357 18.1260108948 167.2309112549 0.0000000000 0.0000000000 0.0000000000 0.0000000000
-20.8077354431 73.1083679199 18.0504684448 166.7481842041 0.0000000000 0.0000000000 0.0000000000 0.0000000000
-20.8940639496 73.2469406128 17.9720840454 166.2592926025 0.0000000000 0.0000000000 0.0000000000 0.0000000000
-20.9800548553 73.3842239380 17.8862571716 165.7569274902 0.0000000000 0.0000000000 0.0000000000 0.0000000000
-21.0656261444 73.5202713013 17.7884712219 165.2637023926 0.0000000000 0.0000000000 0.0000000000 0.0000000000
-21.1507606506 73.6550750732 17.6976222992 164.7812957764 0.0000000000 0.0000000000 0.0000000000 0.0000000000
-21.2354335785 73.7886581421 17.6095581055 164.2999725342 0.0000000000 0.0000000000 0.0000000000 0.0000000000
-21.3196525574 73.9210128784 17.5209350586 163.8145446777 0.0000000000 0.0000000000 0.0000000000 0.0000000000
-21.4034328461 74.0521850586 17.4338779449 163.3517913818 0.0000000000 0.0000000000 0.0000000000 0.0000000000
-21.4867649078 74.1822280884 17.3626346588 162.9065399170 0.0000000000 0.0000000000 0.0000000000 0.0000000000
-21.5696468353 74.3111801147 17.3007526398 162.4603271484 0.0000000000 0.0000000000 0.0000000000 0.0000000000
-21.6520614624 74.4390487671 17.2312850952 162.0133209229 0.0000000000 0.0000000000 0.0000000000 0.0000000000
-21.7340087891 74.5658645630 17.1554317474 161.5764312744 0.0000000000 0.0000000000 0.0000000000 0.0000000000
-21.8155803680 74.6917114258 17.0874500275 161.1450347900 0.0000000000 0.0000000000 0.0000000000 0.0000000000
-21.8968296051 74.8165740967 17.0173664093 160.7103118896 0.0000000000 0.0000000000 0.0000000000 0.0000000000
-21.9777469635 74.9404449463 16.9384002686 160.2681579590 0.0000000000 0.0000000000 0.0000000000 0.0000000000
-22.0582847595 75.0633316040 16.8523578644 159.8154449463 0.0000000000 0.0000000000 0.0000000000 0.0000000000
-22.1383972168 75.1851959229 16.7704200745 159.3699798584 0.0000000000 0.0000000000 0.0000000000 0.0000000000
-22.2181091309 75.3060455322 16.6939735413 158.9334106445 0.0000000000 0.0000000000 0.0000000000 0.0000000000
-22.2974014282 75.4259185791 16.6159286499 158.5149993896 0.0000000000 0.0000000000 0.0000000000 0.0000000000
-22.3762989044 75.5448150635 16.5359668732 158.0921783447 0.0000000000 0.0000000000 0.0000000000 0.0000000000
-22.4548110962 75.6628265381 16.4632339478 157.6679992676 0.0000000000 0.0000000000 0.0000000000 0.0000000000
-22.5329360962 75.7798995972 16.3943805695 157.2539672852 0.0000000000 0.0000000000 0.0000000000 0.0000000000
-22.6106414795 75.8960723877 16.3248043060 156.8552551270 0.0000000000 0.0000000000 0.0000000000 0.0000000000
-22.6879291534 76.0113525391 16.2546463013 156.4640350342 0.0000000000 0.0000000000 0.0000000000 0.0000000000
-22.7647495270 76.1256866455 16.1851387024 156.0695953369 0.0000000000 0.0000000000 0.0000000000 0.0000000000
-22.8411636353 76.2390899658 16.1260986328 155.7001342773 0.0000000000 0.0000000000 0.0000000000 0.0000000000
-22.9171543121 76.3515625000 16.0777091980 155.3433074951 0.0000000000 0.0000000000 0.0000000000 0.0000000000
-22.9928112030 76.4631195068 16.0228843689 154.9880828857 0.0000000000 0.0000000000 0.0000000000 0.0000000000
-23.0680770874 76.5737838745 15.9558048248 154.6346893311 0.0000000000 0.0000000000 0.0000000000 0.0000000000
-23.1429939270 76.6836547852 15.8914651871 154.2701873779 0.0000000000 0.0000000000 0.0000000000 0.0000000000
-23.2175769806 76.7926788330 15.8269128799 153.8954162598 0.0000000000 0.0000000000 0.0000000000 0.0000000000
-23.2918510437 76.9009170532 15.7470865250 153.5227050781 0.0000000000 0.0000000000 0.0000000000 0.0000000000
-23.3657608032 77.0083465576 15.6522941589 153.1380767822 0.0000000000 0.0000000000 0.0000000000 0.0000000000
-23.4392929077 77.1150207520 15.5664310455 152.7414093018 0.0000000000 0.0000000000 0.0000000000 0.0000000000
-23.5123748779 77.2209091187 15.4863100052 152.3510742188 0.0000000000 0.0000000000 0.0000000000 0.0000000000
-23.5850124359 77.3260803223 15.4035491943 151.9763031006 0.0000000000 0.0000000000 0.0000000000 0.0000000000
-23.6571826935 77.4304733276 15.3258781433 151.6276397705 0.0000000000 0.0000000000 0.0000000000 0.0000000000
-23.7288360596 77.5340576172 15.2684469223 151.2922210693 0.0000000000 0.0000000000 0.0000000000 0.0000000000
-23.7999114990 77.6367034912 15.2366542816 150.9762420654 0.0000000000 0.0000000000 0.0000000000 0.0000000000
-23.8705329895 77.7384719849 15.2060680389 150.6681518555 0.0000000000 0.0000000000 0.0000000000 0.0000000000
-23.9407691956 77.8394088745 15.1598215103 150.3708496094 0.0000000000 0.0000000000 0.0000000000 0.0000000000
-24.0106697083 77.9395523071 15.1016407013 150.0589904785 0.0000000000 0.0000000000 0.0000000000 0.0000000000
-24.0802059174 78.0389480591 15.0518016815 149.7202148438 0.0000000000 0.0000000000 0.0000000000 0.0000000000
-24.1494045258 78.1376113892 14.9863815308 149.3572540283 0.0000000000 0.0000000000 0.0000000000 0.0000000000
-24.2182788849 78.2355728149 14.8918724060 148.9922180176 0.0000000000 0.0000000000 0.0000000000 0.0000000000
-24.2867374420 78.3328094482 14.7916727066 148.6160583496 0.0000000000 0.0000000000 0.0000000000 0.0000000000
-24.3547515869 78.4292984009 14.7140331268 148.2554626465 0.0000000000 0.0000000000 0.0000000000 0.0000000000
-24.4223136902 78.5250625610 14.6505918503 147.9014587402 0.0000000000 0.0000000000 0.0000000000 0.0000000000
-24.4893913269 78.6201019287 14.5861015320 147.5949096680 0.0000000000 0.0000000000 0.0000000000 0.0000000000
-24.5560588837 78.7144317627 14.5317058563 147.3006896973 0.0000000000 0.0000000000 0.0000000000 0.0000000000
-24.6223983765 78.8080902100 14.4974250793 147.0188751221 0.0000000000 0.0000000000 0.0000000000 0.0000000000
-24.6884937286 78.9011306763 14.4657669067 146.7325286865 0.0000000000 0.0000000000 0.0000000000 0.0000000000
-24.7543697357 78.9936065674 14.4174022675 146.4550170898 0.0000000000 0.0000000000 0.0000000000 0.0000000000
-24.8200206757 79.0855636597 14.3601531982 146.1647186279 0.0000000000 0.0000000000 0.0000000000 0.0000000000
-24.8854484558 79.1770172119 14.2951984406 145.8618927002 0.0000000000 0.0000000000 0.0000000000 0.0000000000
-24.9506397247 79.2679977417 14.2191896439 145.5570983887 0.0000000000 0.0000000000 0.0000000000 0.0000000000
-25.0156078339 79.3585052490 14.1425037384 145.2344207764 0.0000000000 0.0000000000 0.0000000000 0.0000000000
-25.0803012848 79.4485473633 14.0756435394 144.9106903076 0.0000000000 0.0000000000 0.0000000000 0.0000000000
-25.1447124481 79.5381393433 14.0142602921 144.6213226318 0.0000000000 0.0000000000 0.0000000000 0.0000000000
-25.2088375092 79.6272811890 13.9618816376 144.3471221924 0.0000000000 0.0000000000 0.0000000000 0.0000000000
-25.2727260590 79.7158889771 13.9103374481 144.0645446777 0.0000000000 0.0000000000 0.0000000000 0.0000000000
-25.3363361359 79.8040161133 13.8626194000 143.7630157471 0.0000000000 0.0000000000 0.0000000000 0.0000000000
-25.3996868134 79.8916854858 13.8123283386 143.4561004639 0.0000000000 0.0000000000 0.0000000000 0.0000000000
-25.4628276825 79.9789810181 13.7567968369 143.1510925293 0.0000000000 0.0000000000 0.0000000000 0.0000000000
-25.5258522034 80.0659027100 13.6887226105 142.8252868652 0.0000000000 0.0000000000 0.0000000000 0.0000000000
-25.5887145996 80.1524353027 13.6134891510 142.4691925049 0.0000000000 0.0000000000 0.0000000000 0.0000000000
-25.6514015198 80.2386245728 13.5357713699 142.1105346680 0.0000000000 0.0000000000 0.0000000000 0.0000000000
-25.7138900757 80.3244476318 13.4614162445 141.7751464844 0.0000000000 0.0000000000 0.0000000000 0.0000000000
-25.7760696411 80.4099273682 13.3935337067 141.4533691406 0.0000000000 0.0000000000 0.0000000000 0.0000000000
-25.8378505707 80.4949874878 13.3393821716 141.1321868896 0.0000000000 0.0000000000 0.0000000000 0.0000000000
-25.8992843628 80.5796432495 13.2947549820 140.8291473389 0.0000000000 0.0000000000 0.0000000000 0.0000000000
-25.9604148865 80.6639251709 13.2424917221 140.5578155518 0.0000000000 0.0000000000 0.0000000000 0.0000000000
-26.0212345123 80.7478027344 13.1953687668 140.2837066650 0.0000000000 0.0000000000 0.0000000000 0.0000000000
-26.0816745758 80.8313064575 13.1478862762 139.9965820312 0.0000000000 0.0000000000 0.0000000000 0.0000000000
-26.1418075562 80.9144210815 13.0948181152 139.7025604248 0.0000000000 0.0000000000 0.0000000000 0.0000000000
-26.2016716003 80.9971694946 13.0292692184 139.4175567627 0.0000000000 0.0000000000 0.0000000000 0.0000000000
-26.2612609863 81.0795593262 12.9572896957 139.1388549805 0.0000000000 0.0000000000 0.0000000000 0.0000000000
-26.3205204010 81.1615524292 12.8886146545 138.8428955078 0.0000000000 0.0000000000 0.0000000000 0.0000000000
-26.3795261383 81.2431182861 12.8236942291 138.5480804443 0.0000000000 0.0000000000 0.0000000000 0.0000000000
-26.4382610321 81.3243179321 12.7572078705 138.2751007080 0.0000000000 0.0000000000 0.0000000000 0.0000000000
-26.4967002869 81.4050979614 12.7014055252 138.0219116211 0.0000000000 0.0000000000 0.0000000000 0.0000000000
-26.5548324585 81.4854812622 12.6543388367 137.7673492432 0.0000000000 0.0000000000 0.0000000000 0.0000000000
-26.6127204895 81.5655059814 12.6032524109 137.5129852295 0.0000000000 0.0000000000 0.0000000000 0.0000000000
-26.6703510284 81.6451263428 12.5445365906 137.2716674805 0.0000000000 0.0000000000 0.0000000000 0.0000000000
-26.7277069092 81.7243347168 12.4987964630 137.0238647461 0.0000000000 0.0000000000 0.0000000000 0.0000000000
-26.7847251892 81.8031768799 12.4524660110 136.7643280029 0.0000000000 0.0000000000 0.0000000000 0.0000000000
-26.8414573669 81.8816833496 12.3946390152 136.4994964600 0.0000000000 0.0000000000 0.0000000000 0.0000000000
-26.8978843689 81.9598770142 12.3275642395 136.2272491455 0.0000000000 0.0000000000 0.0000000000 0.0000000000
-26.9540004730 82.0377349854 12.2661190033 135.9682006836 0.0000000000 0.0000000000 0.0000000000 0.0000000000
-27.0097808838 82.1152191162 12.2131147385 135.7075042725 0.0000000000 0.0000000000 0.0000000000 0.0000000000
-27.0652523041 82.1923446655 12.1585321426 135.4567718506 0.0000000000 0.0000000000 0.0000000000 0.0000000000
-27.1204395294 82.2691192627 12.1032657623 135.2020874023 0.0000000000 0.0000000000 0.0000000000 0.0000000000
-27.1753044128 82.3455581665 12.0546636581 134.9602203369 0.0000000000 0.0000000000 0.0000000000 0.0000000000
-27.2299251556 82.4216537476 12.0123224258 134.7114410400 0.0000000000 0.0000000000 0.0000000000 0.0000000000
-27.2842788696 82.4974212646 11.9653034210 134.4686737061 0.0000000000 0.0000000000 0.0000000000 0.0000000000
-27.3384113312 82.5727844238 11.9173889160 134.2262725830 0.0000000000 0.0000000000 0.0000000000 0.0000000000
-27.3923454285 82.6477737427 11.8690471649 133.9965820312 0.0000000000 0.0000000000 0.0000000000 0.0000000000
-27.4460792542 82.7224502563 11.8278036118 133.7744750977 0.0000000000 0.0000000000 0.0000000000 0.0000000000
-27.4995708466 82.7968215942 11.7961530685 133.5419464111 0.0000000000 0.0000000000 0.0000000000 0.0000000000
-27.5529098511 82.8708953857 11.7590570450 133.3106384277 0.0000000000 0.0000000000 0.0000000000 0.0000000000
-27.6061401367 82.9446487427 11.7165260315 133.0855102539 0.0000000000 0.0000000000 0.0000000000 0.0000000000
-27.6592941284 83.0181274414 11.6753902435 132.8566131592 0.0000000000 0.0000000000 0.0000000000 0.0000000000
-27.7123394012 83.0912780762 11.6287059784 132.6230163574 0.0000000000 0.0000000000 0.0000000000 0.0000000000
-27.7653312683 83.1641464233 11.5768518448 132.3826446533 0.0000000000 0.0000000000 0.0000000000 0.0000000000
-27.8182449341 83.2367782593 11.5252037048 132.1427612305 0.0000000000 0.0000000000 0.0000000000 0.0000000000
-27.8710002899 83.3092193604 11.4803705215 131.9139404297 0.0000000000 0.0000000000 0.0000000000 0.0000000000
-27.9235725403 83.3815002441 11.4367341995 131.6977539062 0.0000000000 0.0000000000 0.0000000000 0.0000000000
-27.9758949280 83.4535903931 11.4030704498 131.4914245605 0.0000000000 0.0000000000 0.0000000000 0.0000000000
-28.0279903412 83.5254135132 11.3758831024 131.2845611572 0.0000000000 0.0000000000 0.0000000000 0.0000000000
-28.0798473358 83.5970230103 11.3482227325 131.0817413330 0.0000000000 0.0000000000 0.0000000000 0.0000000000
-28.1314868927 83.6684417725 11.3119335175 130.8865356445 0.0000000000 0.0000000000 0.0000000000 0.0000000000
-28.1829280853 83.7396697998 11.2691707611 130.6861572266 0.0000000000 0.0000000000 0.0000000000 0.0000000000
-28.2341690063 83.8106765747 11.2310180664 130.4683380127 0.0000000000 0.0000000000 0.0000000000 0.0000000000
-28.2851867676 83.8814239502 11.1844034195 130.2477111816 0.0000000000 0.0000000000 0.0000000000 0.0000000000
-28.3360214233 83.9520187378 11.1341390610 130.0302581787 0.0000000000 0.0000000000 0.0000000000 0.0000000000
-28.3866939545 84.0223541260 11.0928592682 129.8106384277 0.0000000000 0.0000000000 0.0000000000 0.0000000000
-28.4371891022 84.0924377441 11.0516090393 129.5999908447 0.0000000000 0.0000000000 0.0000000000 0.0000000000
-28.4875316620 84.1622009277 11.0089368820 129.3975830078 0.0000000000 0.0000000000 0.0000000000 0.0000000000
-28.5376129150 84.2315826416 10.9802942276 129.1921081543 0.0000000000 0.0000000000 0.0000000000 0.0000000000
-28.5875377655 84.3006439209 10.9599466324 128.9824523926 0.0000000000 0.0000000000 0.0000000000 0.0000000000
-28.6373710632 84.3692932129 10.9212484360 128.7817382812 0.0000000000 0.0000000000 0.0000000000 0.0000000000
-28.6871395111 84.4374389648 10.8810062408 128.5895233154 0.0000000000 0.0000000000 0.0000000000 0.0000000000
-28.7367954254 84.5051040649 10.8529272079 128.3890380859 0.0000000000 0.0000000000 0.0000000000 0.0000000000
-28.7863712311 84.5722351074 10.8155965805 128.1838226318 0.0000000000 0.0000000000 0.0000000000 0.0000000000
-28.8358573914 84.6387634277 10.7695779800 127.9769515991 0.0000000000 0.0000000000 0.0000000000 0.0000000000
-28.8851661682 84.7047882080 10.7229299545 127.7673110962 0.0000000000 0.0000000000 0.0000000000 0.0000000000
-28.9342517853 84.7703399658 10.6752882004 127.5645217896 0.0000000000 0.0000000000 0.0000000000 0.0000000000
-28.9831104279 84.8353805542 10.6238107681 127.3568649292 0.0000000000 0.0000000000 0.0000000000 0.0000000000
-29.0317268372 84.8999786377 10.5716695786 127.1601028442 0.0000000000 0.0000000000 0.0000000000 0.0000000000
-29.0800743103 84.9641723633 10.5305109024 126.9680862427 0.0000000000 0.0000000000 0.0000000000 0.0000000000
-29.1281127930 85.0279006958 10.4952688217 126.7950134277 0.0000000000 0.0000000000 0.0000000000 0.0000000000
-29.1759071350 85.0912628174 10.4511833191 126.6362533569 0.0000000000 0.0000000000 0.0000000000 0.0000000000
-29.2234134674 85.1542510986 10.4121894836 126.4741058350 0.0000000000 0.0000000000 0.0000000000 0.0000000000
-29.2706279755 85.2169189453 10.3806285858 126.2947616577 0.0000000000 0.0000000000 0.0000000000 0.0000000000
-29.3176136017 85.2792892456 10.3330993652 126.1146545410 0.0000000000 0.0000000000 0.0000000000 0.0000000000
-29.3642978668 85.3413696289 10.2739181519 125.9337234497 0.0000000000 0.0000000000 0.0000000000 0.0000000000
-29.4106082916 85.4031677246 10.2207002640 125.7535247803 0.0000000000 0.0000000000 0.0000000000 0.0000000000
-29.4565010071 85.4646224976 10.1731052399 125.5651702881 0.0000000000 0.0000000000 0.0000000000 0.0000000000
-29.5019531250 85.5256500244 10.1244192123 125.3824920654 0.0000000000 0.0000000000 0.0000000000 0.0000000000
-29.5469894409 85.5863342285 10.0831212997 125.2023696899 0.0000000000 0.0000000000 0.0000000000 0.0000000000
-29.5917358398 85.6467285156 10.0528745651 125.0314483643 0.0000000000 0.0000000000 0.0000000000 0.0000000000
-29.6361961365 85.7067871094 10.0183000565 124.8557891846 0.0000000000 0.0000000000 0.0000000000 0.0000000000
-29.6804809570 85.7665252686 9.9782505035 124.6769332886 0.0000000000 0.0000000000 0.0000000000 0.0000000000
-29.7245635986 85.8258895874 9.9406070709 124.4987640381 0.0000000000 0.0000000000 0.0000000000 0.0000000000
-29.7685031891 85.8849105835 9.8987035751 124.3151397705 0.0000000000 0.0000000000 0.0000000000 0.0000000000
-29.8122997284 85.9436645508 9.8572177887 124.1249771118 0.0000000000 0.0000000000 0.0000000000 0.0000000000
-29.8560142517 86.0021057129 9.8182058334 123.9241561890 0.0000000000 0.0000000000 0.0000000000 0.0000000000
-29.8996887207 86.0602645874 9.7718601227 123.7461853027 0.0000000000 0.0000000000 0.0000000000 0.0000000000
-29.9432888031 86.1181488037 9.7330465317 123.5926666260 0.0000000000 0.0000000000 0.0000000000 0.0000000000
-29.9867973328 86.1758117676 9.7128810883 123.4356689453 0.0000000000 0.0000000000 0.0000000000 0.0000000000
-30.0302391052 86.2333450317 9.6953763962 123.2799072266 0.0000000000 0.0000000000 0.0000000000 0.0000000000
-30.0736598969 86.2907104492 9.6636390686 123.1397399902 0.0000000000 0.0000000000 0.0000000000 0.0000000000
-30.1169834137 86.3478851318 9.6357116699 123.0002670288 0.0000000000 0.0000000000 0.0000000000 0.0000000000
-30.1601905823 86.4049606323 9.6127395630 122.8530197144 0.0000000000 0.0000000000 0.0000000000 0.0000000000
-30.2033481598 86.4619369507 9.5686855316 122.6984252930 0.0000000000 0.0000000000 0.0000000000 0.0000000000
-30.2464141846 86.5188369751 9.5204181671 122.5357131958 0.0000000000 0.0000000000 0.0000000000 0.0000000000
-30.2893276215 86.5756835938 9.4823570251 122.3739700317 0.0000000000 0.0000000000 0.0000000000 0.0000000000
-30.3320617676 86.6324844360 9.4413089752 122.2205352783 0.0000000000 0.0000000000 0.0000000000 0.0000000000
-30.3746223450 86.6892013550 9.3975648880 122.0699234009 0.0000000000 0.0000000000 0.0000000000 0.0000000000
-30.4169807434 86.7457733154 9.3666715622 121.9347381592 0.0000000000 0.0000000000 0.0000000000 0.0000000000
-30.4591941833 86.8021697998 9.3461875916 121.8164672852 0.0000000000 0.0000000000 0.0000000000 0.0000000000
-30.5012855530 86.8583526611 9.3288660049 121.7093048096 0.0000000000 0.0000000000 0.0000000000 0.0000000000
-30.5432491302 86.9143371582 9.3093891144 121.6026763916 0.0000000000 0.0000000000 0.0000000000 0.0000000000
-30.5851039886 86.9700622559 9.2906332016 121.5018310547 0.0000000000 0.0000000000 0.0000000000 0.0000000000
-30.6268348694 87.0255203247 9.2720642090 121.3964004517 0.0000000000 0.0000000000 0.0000000000 0.0000000000
-30.6684722900 87.0807037354 9.2410259247 121.2873458862 0.0000000000 0.0000000000 0.0000000000 0.0000000000
-30.7100296021 87.1356201172 9.1993818283 121.1606521606 0.0000000000 0.0000000000 0.0000000000 0.0000000000
-30.7514953613 87.1902313232 9.1511917114 121.0351333618 0.0000000000 0.0000000000 0.0000000000 0.0000000000
-30.7927989960 87.2445755005 9.1069002151 120.9171371460 0.0000000000 0.0000000000 0.0000000000 0.0000000000
-30.8339328766 87.2986907959 9.0693559647 120.8032608032 0.0000000000 0.0000000000 0.0000000000 0.0000000000
-30.8748855591 87.3525695801 9.0375452042 120.6997909546 0.0000000000 0.0000000000 0.0000000000 0.0000000000
-30.9156284332 87.4062118530 9.0124292374 120.6158599854 0.0000000000 0.0000000000 0.0000000000 0.0000000000
-30.9561405182 87.4596405029 9.0010242462 120.5231094360 0.0000000000 0.0000000000 0.0000000000 0.0000000000
-30.9965209961 87.5128402710 8.9823770523 120.4235000610 0.0000000000 0.0000000000 0.0000000000 0.0000000000
-31.0367660522 87.5658264160 8.9510040283 120.3184661865 0.0000000000 0.0000000000 0.0000000000 0.0000000000
-31.0768337250 87.6186599731 8.9184045792 120.2008666992 0.0000000000 0.0000000000 0.0000000000 0.0000000000
-31.1167201996 87.6713180542 8.8817338943 120.0686035156 0.0000000000 0.0000000000 0.0000000000 0.0000000000
-31.1564426422 87.7237930298 8.8380880356 119.9358901978 0.0000000000 0.0000000000 0.0000000000 0.0000000000
-31.1960048676 87.7760925293 8.7968759537 119.8134078979 0.0000000000 0.0000000000 0.0000000000 0.0000000000
-31.2353286743 87.8282165527 8.7639646530 119.6918869019 0.0000000000 0.0000000000 0.0000000000 0.0000000000
-31.2744274139 87.8801345825 8.7328758240 119.5830307007 0.0000000000 0.0000000000 0.0000000000 0.0000000000
-31.3132934570 87.9318771362 8.7113065720 119.4873504639 0.0000000000 0.0000000000 0.0000000000 0.0000000000
-31.3519134521 87.9834976196 8.7011852264 119.3965682983 0.0000000000 0.0000000000 0.0000000000 0.0000000000
-31.3903560638 88.0349273682 8.6854133606 119.3150100708 0.0000000000 0.0000000000 0.0000000000 0.0000000000
-31.4286422729 88.0861968994 8.6697406769 119.2317962646 0.0000000000 0.0000000000 0.0000000000 0.0000000000
-31.4668197632 88.1372833252 8.6538162231 119.1364898682 0.0000000000 0.0000000000 0.0000000000 0.0000000000
-31.5048179626 88.1881713867 8.6272850037 119.0438156128 0.0000000000 0.0000000000 0.0000000000 0.0000000000
-31.5426330566 88.2388763428 8.5942049026 118.9475860596 0.0000000000 0.0000000000 0.0000000000 0.0000000000
-31.5802211761 88.2892990112 8.5679416656 118.8478088379 0.0000000000 0.0000000000 0.0000000000 0.0000000000
-31.6175518036 88.3394699097 8.5501565933 118.7533721924 0.0000000000 0.0000000000 0.0000000000 0.0000000000
-31.6546878815 88.3893890381 8.5365695953 118.6694412231 0.0000000000 0.0000000000 0.0000000000 0.0000000000
-31.6916694641 88.4390792847 8.5164108276 118.5833816528 0.0000000000 0.0000000000 0.0000000000 0.0000000000
-31.7285156250 88.4885787964 8.5018882751 118.4926223755 0.0000000000 0.0000000000 0.0000000000 0.0000000000
-31.7652568817 88.5378799438 8.4831542969 118.3955383301 0.0000000000 0.0000000000 0.0000000000 0.0000000000
-31.8019371033 88.5870285034 8.4553880692 118.2971649170 0.0000000000 0.0000000000 0.0000000000 0.0000000000
-31.8385066986 88.6360321045 8.4292392731 118.1941528320 0.0000000000 0.0000000000 0.0000000000 0.0000000000
-31.8749637604 88.6848983765 8.4062871933 118.0972366333 0.0000000000 0.0000000000 0.0000000000 0.0000000000
-31.9112663269 88.7337265015 8.3811578751 117.9998168945 0.0000000000 0.0000000000 0.0000000000 0.0000000000
-31.9474067688 88.7825012207 8.3523244858 117.9081802368 0.0000000000 0.0000000000 0.0000000000 0.0000000000
-31.9833335876 88.8311614990 8.3288316727 117.8089447021 0.0000000000 0.0000000000 0.0000000000 0.0000000000
-32.0190315247 88.8797225952 8.3071184158 117.7068099976 0.0000000000 0.0000000000 0.0000000000 0.0000000000
-32.0545578003 88.9281692505 8.2778167725 117.6067962646 0.0000000000 0.0000000000 0.0000000000 0.0000000000
-32.0898323059 88.9764862061 8.2395334244 117.5085906982 0.0000000000 0.0000000000 0.0000000000 0.0000000000
-32.1248130798 89.0246429443 8.2125310898 117.4080276489 0.0000000000 0.0000000000 0.0000000000 0.0000000000
-32.1595077515 89.0726013184 8.1904621124 117.3019866943 0.0000000000 0.0000000000 0.0000000000 0.0000000000
-32.1938896179 89.1203765869 8.1597366333 117.2057571411 0.0000000000 0.0000000000 0.0000000000 0.0000000000
-32.2280502319 89.1679916382 8.1327257156 117.1097412109 0.0000000000 0.0000000000 0.0000000000 0.0000000000
-32.2619438171 89.2154846191 8.1161975861 117.0191268921 0.0000000000 0.0000000000 0.0000000000 0.0000000000
-32.2956542969 89.2628479004 8.0989217758 116.9275283813 0.0000000000 0.0000000000 0.0000000000 0.0000000000
-32.3292312622 89.3100662231 8.0789661407 116.8342819214 0.0000000000 0.0000000000 0.0000000000 0.0000000000
-32.3627128601 89.3571853638 8.0716667175 116.7439422607 0.0000000000 0.0000000000 0.0000000000 0.0000000000
-32.3961219788 89.4042434692 8.0528011322 116.6503295898 0.0000000000 0.0000000000 0.0000000000 0.0000000000
-32.4294548035 89.4511718750 8.0239467621 116.5593109131 0.0000000000 0.0000000000 0.0000000000 0.0000000000
-32.4626998901 89.4979324341 8.0057487488 116.4577331543 0.0000000000 0.0000000000 0.0000000000 0.0000000000
-32.4958343506 89.5445327759 7.9824438095 116.3528594971 0.0000000000 0.0000000000 0.0000000000 0.0000000000
-32.5289077759 89.5910110474 7.9491481781 116.2484741211 0.0000000000 0.0000000000 0.0000000000 0.0000000000
-32.5618515015 89.6373062134 7.9184589386 116.1443099976 0.0000000000 0.0000000000 0.0000000000 0.0000000000
-32.5946693420 89.6834640503 7.8952708244 116.0389328003 0.0000000000 0.0000000000 0.0000000000 0.0000000000
-32.6274261475 89.7294998169 7.8666009903 115.9450759888 0.0000000000 0.0000000000 0.0000000000 0.0000000000
-32.6600837708 89.7754440308 7.8483209610 115.8617858887 0.0000000000 0.0000000000 0.0000000000 0.0000000000
-32.6926612854 89.8212814331 7.8412399292 115.7839202881 0.0000000000 0.0000000000 0.0000000000 0.0000000000
-32.7251434326 89.8669433594 7.8283538818 115.7080383301 0.0000000000 0.0000000000 0.0000000000 0.0000000000
-32.7575988770 89.9124755859 7.8095316887 115.6360626221 0.0000000000 0.0000000000 0.0000000000 0.0000000000
-32.7899818420 89.9578552246 7.7930331230 115.5523223877 0.0000000000 0.0000000000 0.0000000000 0.0000000000
-32.8223953247 90.0031204224 7.7673292160 115.4717407227 0.0000000000 0.0000000000 0.0000000000 0.0000000000
-32.8547706604 90.0482635498 7.7336683273 115.3911437988 0.0000000000 0.0000000000 0.0000000000 0.0000000000
-32.8870735168 90.0932617188 7.7065601349 115.3156433105 0.0000000000 0.0000000000 0.0000000000 0.0000000000
-32.9192085266 90.1380691528 7.6858038902 115.2481765747 0.0000000000 0.0000000000 0.0000000000 0.0000000000
-32.9512023926 90.1827011108 7.6681938171 115.1908264160 0.0000000000 0.0000000000 0.0000000000 0.0000000000
-32.9830513000 90.2271881104 7.6558737755 115.1430130005 0.0000000000 0.0000000000 0.0000000000 0.0000000000
-33.0147361755 90.2714538574 7.6519207954 115.0897064209 0.0000000000 0.0000000000 0.0000000000 0.0000000000
-33.0463600159 90.3155593872 7.6409683228 115.0376663208 0.0000000000 0.0000000000 0.0000000000 0.0000000000
-33.0779037476 90.3595199585 7.6238789558 114.9822692871 0.0000000000 0.0000000000 0.0000000000 0.0000000000
-33.1093673706 90.4033584595 7.6112895012 114.9220809937 0.0000000000 0.0000000000 0.0000000000 0.0000000000
-33.1407623291 90.4469909668 7.5992889404 114.8514633179 0.0000000000 0.0000000000 0.0000000000 0.0000000000
-33.1721343994 90.4905014038 7.5742130280 114.7849502563 0.0000000000 0.0000000000 0.0000000000 0.0000000000
-33.2034072876 90.5338897705 7.5547957420 114.7098999023 0.0000000000 0.0000000000 0.0000000000 0.0000000000
-33.2346000671 90.5771179199 7.5392923355 114.6347122192 0.0000000000 0.0000000000 0.0000000000 0.0000000000
-33.2656822205 90.6202621460 7.5184459686 114.5592498779 0.0000000000 0.0000000000 0.0000000000 0.0000000000
-33.2966880798 90.6632919312 7.4969034195 114.4858245850 0.0000000000 0.0000000000 0.0000000000 0.0000000000
-33.3275718689 90.7062377930 7.4816803932 114.4105453491 0.0000000000 0.0000000000 0.0000000000 0.0000000000
-33.3583717346 90.7490768433 7.4626064301 114.3375701904 0.0000000000 0.0000000000 0.0000000000 0.0000000000
-33.3890686035 90.7917556763 7.4389576912 114.2643356323 0.0000000000 0.0000000000 0.0000000000 0.0000000000
-33.4196357727 90.8342285156 7.4242310524 114.1966629028 0.0000000000 0.0000000000 0.0000000000 0.0000000000
-33.4500694275 90.8764801025 7.4104337692 114.1330947876 0.0000000000 0.0000000000 0.0000000000 0.0000000000
-33.4804229736 90.9185028076 7.3995928764 114.0714645386 0.0000000000 0.0000000000 0.0000000000 0.0000000000
-33.5106697083 90.9603042603 7.3848094940 114.0051422119 0.0000000000 0.0000000000 0.0000000000 0.0000000000
-33.5408020020 91.0018615723 7.3704543114 113.9438552856 0.0000000000 0.0000000000 0.0000000000 0.0000000000
-33.5708122253 91.0432357788 7.3581428528 113.8830490112 0.0000000000 0.0000000000 0.0000000000 0.0000000000
-33.6006507874 91.0843963623 7.3375382423 113.8226852417 0.0000000000 0.0000000000 0.0000000000 0.0000000000
-33.6302795410 91.1253204346 7.3174605370 113.7510147095 0.0000000000 0.0000000000 0.0000000000 0.0000000000
-33.6597366333 91.1660919189 7.2988471985 113.6825942993 0.0000000000 0.0000000000 0.0000000000 0.0000000000
-33.6890068054 91.2066650391 7.2745037079 113.6154632568 0.0000000000 0.0000000000 0.0000000000 0.0000000000
-33.7180595398 91.2471008301 7.2598600388 113.5461883545 0.0000000000 0.0000000000 0.0000000000 0.0000000000
-33.7469329834 91.2873535156 7.2453069687 113.4812927246 0.0000000000 0.0000000000 0.0000000000 0.0000000000
-33.7756423950 91.3273620605 7.2269277573 113.4268035889 0.0000000000 0.0000000000 0.0000000000 0.0000000000
-33.8041801453 91.3671569824 7.2205429077 113.3645629883 0.0000000000 0.0000000000 0.0000000000 0.0000000000
-33.8325233459 91.4067535400 7.2063393593 113.2979965210 0.0000000000 0.0000000000 0.0000000000 0.0000000000
-33.8606910706 91.4461822510 7.1796493530 113.2341156006 0.0000000000 0.0000000000 0.0000000000 0.0000000000
-33.8886528015 91.4854278564 7.1608519554 113.1683349609 0.0000000000 0.0000000000 0.0000000000 0.0000000000
-33.9164237976 91.5244445801 7.1479325294 113.0929946899 0.0000000000 0.0000000000 0.0000000000 0.0000000000
-33.9440383911 91.5632324219 7.1206665039 113.0207748413 0.0000000000 0.0000000000 0.0000000000 0.0000000000
-33.9714279175 91.6017456055 7.1011867523 112.9564895630 0.0000000000 0.0000000000 0.0000000000 0.0000000000
-33.9985771179 91.6399383545 7.0908675194 112.8895187378 0.0000000000 0.0000000000 0.0000000000 0.0000000000
-34.0255165100 91.6778564453 7.0694603920 112.8307342529 0.0000000000 0.0000000000 0.0000000000 0.0000000000
-34.0522499084 91.7154922485 7.0535283089 112.7701873779 0.0000000000 0.0000000000 0.0000000000 0.0000000000
-34.0788307190 91.7528991699 7.0513896942 112.7096557617 0.0000000000 0.0000000000 0.0000000000 0.0000000000
-34.1053390503 91.7900848389 7.0366182327 112.6486587524 0.0000000000 0.0000000000 0.0000000000 0.0000000000
-34.1317634583 91.8270416260 7.0191774368 112.5939025879 0.0000000000 0.0000000000 0.0000000000 0.0000000000
-34.1580505371 91.8637542725 7.0137538910 112.5295333862 0.0000000000 0.0000000000 0.0000000000 0.0000000000
-34.1842155457 91.9002227783 7.0008363724 112.4660797119 0.0000000000 0.0000000000 0.0000000000 0.0000000000
-34.2102165222 91.9364624023 6.9767637253 112.4048004150 0.0000000000 0.0000000000 0.0000000000 0.0000000000
-34.2359848022 91.9724960327 6.9721169472 112.3403778076 0.0000000000 0.0000000000 0.0000000000 0.0000000000
-34.2616233826 92.0083084106 6.9583587646 112.2847290039 0.0000000000 0.0000000000 0.0000000000 0.0000000000
-34.2870941162 92.0438842773 6.9386467934 112.2295761108 0.0000000000 0.0000000000 0.0000000000 0.0000000000
-34.3124008179 92.0791931152 6.9374904633 112.1742095947 0.0000000000 0.0000000000 0.0000000000 0.0000000000
-34.3375854492 92.1142654419 6.9259848595 112.1156997681 0.0000000000 0.0000000000 0.0000000000 0.0000000000
-34.3626594543 92.1491012573 6.9034032822 112.0577774048 0.0000000000 0.0000000000 0.0000000000 0.0000000000
-34.3875617981 92.1837158203 6.8883676529 111.9973602295 0.0000000000 0.0000000000 0.0000000000 0.0000000000
-34.4123344421 92.2180862427 6.8813910484 111.9396057129 0.0000000000 0.0000000000 0.0000000000 0.0000000000
-34.4370269775 92.2522354126 6.8627557755 111.8803634644 0.0000000000 0.0000000000 0.0000000000 0.0000000000
-34.4616127014 92.2861709595 6.8467478752 111.8288497925 0.0000000000 0.0000000000 0.0000000000 0.0000000000
-34.4860801697 92.3198547363 6.8456153870 111.7711181641 0.0000000000 0.0000000000 0.0000000000 0.0000000000
-34.5104713440 92.3533325195 6.8255982399 111.7128295898 0.0000000000 0.0000000000 0.0000000000 0.0000000000
