#         COST_U        COST_H      COST_D       COST_S       REGU_H       REGU_S          HPO           COSTGLEN 
983.2525024414 0.0000000000 0.0000000000 0.0000000000 174.1696319580 0.0000000000 0.5455570817
970.4831542969 0.0001425828 0.0000000000 0.0000000000 173.5380096436 715.2573852539 0.5024019480
964.5892333984 0.0005940087 0.0000000000 0.0000000000 172.7173919678 2240.9951171875 0.4014660716
960.7070922852 0.0013683368 0.0000000000 0.0000000000 171.9642486572 2238.9262695312 0.3236328363
957.6862182617 0.0024611293 0.0000000000 0.0000000000 170.8997497559 1651.6805419922 0.2645974159
955.3107910156 0.0038571956 0.0000000000 0.0000000000 169.5083770752 1172.1125488281 0.2153623849
953.4124145508 0.0055350279 0.0000000000 0.0000000000 167.5077056885 1120.9383544922 0.1730044484
951.9044799805 0.0074704229 0.0000000000 0.0000000000 164.9551544189 1062.9534912109 0.1372090429
950.7027587891 0.0096426792 0.0000000000 0.0000000000 161.6125030518 917.3273315430 0.1075745896
949.7438964844 0.0120366439 0.0000000000 0.0000000000 157.1540985107 801.9736328125 0.0838645101
948.9575805664 0.0146421231 0.0000000000 0.0000000000 151.6615295410 725.5545043945 0.0650481135
948.2915039062 0.0174520388 0.0000000000 0.0000000000 145.5630187988 647.0433959961 0.0499588624
947.7056884766 0.0204607006 0.0000000000 0.0000000000 139.1944274902 567.5313720703 0.0371322073
947.1800537109 0.0236627683 0.0000000000 0.0000000000 133.9302673340 508.8287963867 0.0256892815
946.6862792969 0.0270529967 0.0000000000 0.0000000000 129.6390686035 465.6719360352 0.0151739847
946.2088623047 0.0306267329 0.0000000000 0.0000000000 126.4945373535 423.2767944336 0.0053148428
945.7328491211 0.0343790799 0.0000000000 0.0000000000 124.4300003052 381.1272583008 -0.0041760388
945.2516479492 0.0383053757 0.0000000000 0.0000000000 122.6923141479 343.2588806152 -0.0131767169
944.7602539062 0.0424022712 0.0000000000 0.0000000000 121.0528869629 310.8794860840 -0.0218460690
944.2531738281 0.0466659740 0.0000000000 0.0000000000 120.1446685791 283.5631713867 -0.0305916555
943.7211303711 0.0510934964 0.0000000000 0.0000000000 119.6047286987 260.0856018066 -0.0394673795
943.1628417969 0.0556843206 0.0000000000 0.0000000000 118.9468460083 238.2864227295 -0.0480974875
942.5751953125 0.0604390278 0.0000000000 0.0000000000 117.9758300781 215.9912109375 -0.0559073575
941.9959106445 0.0653562769 0.0000000000 0.0000000000 117.2281570435 193.9599304199 -0.0620362721
941.4294433594 0.0704353005 0.0000000000 0.0000000000 117.1460647583 176.5607299805 -0.0674142390
940.8361816406 0.0756744742 0.0000000000 0.0000000000 117.6741561890 162.6777954102 -0.0723981485
940.1937255859 0.0810720101 0.0000000000 0.0000000000 118.5114746094 148.1514129639 -0.0775163844
939.4820556641 0.0866222382 0.0000000000 0.0000000000 119.5570373535 133.4665832520 -0.0830943584
938.7078857422 0.0923219919 0.0000000000 0.0000000000 120.7371139526 120.7959594727 -0.0889803916
937.8840332031 0.0981700197 0.0000000000 0.0000000000 121.9921875000 110.0725173950 -0.0950095430
937.0148315430 0.1041667089 0.0000000000 0.0000000000 123.2946319580 99.7563781738 -0.1012490392
936.0944824219 0.1103109792 0.0000000000 0.0000000000 124.6115570068 90.6751098633 -0.1077972651
935.1264648438 0.1165996641 0.0000000000 0.0000000000 125.9237899780 83.4309539795 -0.1145518422
934.1148681641 0.1230292097 0.0000000000 0.0000000000 127.2023162842 75.7886123657 -0.1215462685
933.0598754883 0.1295975745 0.0000000000 0.0000000000 128.4376068115 68.0395812988 -0.1288367659
931.9630126953 0.1363020390 0.0000000000 0.0000000000 129.6110992432 62.0568542480 -0.1364482790
930.8125000000 0.1431410164 0.0000000000 0.0000000000 130.7266082764 56.6175308228 -0.1443972141
929.5977172852 0.1501107514 0.0000000000 0.0000000000 131.8119659424 51.3553352356 -0.1525843590
928.3290405273 0.1572071165 0.0000000000 0.0000000000 132.8822326660 46.9463768005 -0.1609425545
927.0359497070 0.1644279510 0.0000000000 0.0000000000 133.9396972656 42.5261344910 -0.1692838967
925.7580566406 0.1717727333 0.0000000000 0.0000000000 135.0162506104 38.5751800537 -0.1772855073
924.5360717773 0.1792427450 0.0000000000 0.0000000000 136.0743865967 35.2012596130 -0.1846296787
923.4183959961 0.1868467480 0.0000000000 0.0000000000 137.0817871094 31.8437500000 -0.1910369992
922.4314575195 0.1945841312 0.0000000000 0.0000000000 138.0076904297 28.8911285400 -0.1963150352
921.5738525391 0.2024511993 0.0000000000 0.0000000000 138.8378143311 26.3094406128 -0.2007701099
920.8222045898 0.2104502916 0.0000000000 0.0000000000 139.5655212402 23.9174919128 -0.2047235966
920.1071777344 0.2185754329 0.0000000000 0.0000000000 140.1889343262 21.6879043579 -0.2084599137
919.3253784180 0.2268134058 0.0000000000 0.0000000000 140.7090454102 19.6733570099 -0.2122199535
918.4246826172 0.2351585031 0.0000000000 0.0000000000 141.1274261475 17.8620395660 -0.2162374407
917.3945922852 0.2436215729 0.0000000000 0.0000000000 141.4600982666 16.2749443054 -0.2206214666
916.2357788086 0.2522072196 0.0000000000 0.0000000000 141.7192535400 14.7261028290 -0.2255433798
914.9404907227 0.2609081864 0.0000000000 0.0000000000 141.9252014160 13.2173004150 -0.2312503010
913.5071411133 0.2696909010 0.0000000000 0.0000000000 142.0884552002 11.9947032928 -0.2377820164
911.9716186523 0.2785138190 0.0000000000 0.0000000000 142.2155151367 11.0376663208 -0.2448977679
910.3859863281 0.2873227596 0.0000000000 0.0000000000 142.3292083740 10.0302801132 -0.2522384226
908.7901000977 0.2960639894 0.0000000000 0.0000000000 142.4459381104 8.9967412949 -0.2597009242
907.2055664062 0.3047043681 0.0000000000 0.0000000000 142.5732727051 8.1561965942 -0.2672488689
905.6254882812 0.3132542670 0.0000000000 0.0000000000 142.7251281738 7.4692497253 -0.2752886117
904.0502319336 0.3217414618 0.0000000000 0.0000000000 142.8928222656 6.8101840019 -0.2839472592
902.4610595703 0.3301946521 0.0000000000 0.0000000000 143.0556182861 6.1607398987 -0.2932560742
900.8427124023 0.3386352062 0.0000000000 0.0000000000 143.2320709229 5.5727186203 -0.3032648563
899.1708984375 0.3470999897 0.0000000000 0.0000000000 143.4306488037 5.1061592102 -0.3141417503
897.4338378906 0.3556272089 0.0000000000 0.0000000000 143.6522521973 4.6697278023 -0.3260480165
895.6318359375 0.3642438352 0.0000000000 0.0000000000 143.8870391846 4.2628722191 -0.3393365145
893.7461547852 0.3729712069 0.0000000000 0.0000000000 144.1231842041 3.8649806976 -0.3544542193
891.7730102539 0.3818205595 0.0000000000 0.0000000000 144.3475646973 3.4912848473 -0.3718102276
889.7077026367 0.3908093870 0.0000000000 0.0000000000 144.5591430664 3.2278928757 -0.3919685185
887.5731811523 0.3999626338 0.0000000000 0.0000000000 144.7444152832 2.9804887772 -0.4153728485
885.4606933594 0.4093151093 0.0000000000 0.0000000000 144.8977966309 2.7170999050 -0.4420605898
883.4237670898 0.4189007580 0.0000000000 0.0000000000 145.0254058838 2.4903481007 -0.4722568095
881.5372924805 0.4287697077 0.0000000000 0.0000000000 145.1328582764 2.2902216911 -0.5064934492
879.8848266602 0.4389939010 0.0000000000 0.0000000000 145.2115478516 2.1130442619 -0.5456519127
878.5781250000 0.4496659935 0.0000000000 0.0000000000 145.2466888428 1.9596092701 -0.5903058648
877.7398071289 0.4608794451 0.0000000000 0.0000000000 145.2377777100 1.8308006525 -0.6411158442
877.4684448242 0.4727378488 0.0000000000 0.0000000000 145.1811523438 1.7030193806 -0.6984015703
877.7557373047 0.4853675663 0.0000000000 0.0000000000 145.0771942139 1.5930024385 -0.7632593513
878.5607299805 0.4988891184 0.0000000000 0.0000000000 144.9153289795 1.4974076748 -0.8364292383
879.8156738281 0.5134429932 0.0000000000 0.0000000000 144.6926269531 1.4029330015 -0.9186185598
881.4153442383 0.5291603208 0.0000000000 0.0000000000 144.4183044434 1.3319283724 -1.0111873150
883.2767944336 0.5461755991 0.0000000000 0.0000000000 144.0984039307 1.2685253620 -1.1144883633
885.5936279297 0.5646227598 0.0000000000 0.0000000000 143.7420654297 1.2098740339 -1.2298069000
888.9022827148 0.5845927000 0.0000000000 0.0000000000 143.3563232422 1.1605648994 -1.3578423262
894.4154663086 0.6061810255 0.0000000000 0.0000000000 142.9484710693 1.1251683235 -1.5005087852
904.2999877930 0.6294441223 0.0000000000 0.0000000000 142.5223236084 1.0954015255 -1.6560515165
921.4954223633 0.6543989182 0.0000000000 0.0000000000 142.0834655762 1.0642517805 -1.8228307962
950.0591430664 0.6810533404 0.0000000000 0.0000000000 141.6487121582 1.0431010723 -1.9875988960
996.2108154297 0.7093603611 0.0000000000 0.0000000000 141.2176055908 1.0288639069 -2.1179866791
1064.4927978516 0.7392377257 0.0000000000 0.0000000000 140.7779693604 1.0183495283 -2.1352722645
1153.5053710938 0.7706518173 0.0000000000 0.0000000000 140.3017578125 1.0416469574 -1.9167623520
1249.6287841797 0.8034577370 0.0000000000 0.0000000000 139.7312927246 1.1086902618 -1.3221273422
1328.6910400391 0.8372153640 0.0000000000 0.0000000000 138.9871368408 1.2383286953 -0.2188090086
1357.6846923828 0.8711817861 0.0000000000 0.0000000000 137.9826812744 1.4693650007 1.4437317848
1309.0899658203 0.9044010639 0.0000000000 0.0000000000 136.6857147217 1.8297550678 3.4786665440
1201.1480712891 0.9362438917 0.0000000000 0.0000000000 135.2464294434 2.2896316051 5.4334049225
1081.8513183594 0.9664115310 0.0000000000 0.0000000000 134.0050659180 2.8226354122 6.9022340775
982.8668823242 0.9947188497 0.0000000000 0.0000000000 132.1340179443 3.3416843414 7.6860589981
912.2145385742 1.0210540295 0.0000000000 0.0000000000 129.4974517822 3.7719163895 7.8438663483
866.9589843750 1.0453640223 0.0000000000 0.0000000000 125.1382904053 4.1132230759 7.5212187767
841.3045654297 1.0675376654 0.0000000000 0.0000000000 118.5873565674 4.4040355682 6.8719506264
830.8109130859 1.0875613689 0.0000000000 0.0000000000 110.7362899780 4.6084365845 6.0541253090
