#         rmsthk      stdthk       rmsvel       stdvel       rmsdiv       stddiv       rmsusurf       stdusurf
-0.0000021541 0.0001076868 -39.7512931824 132.9521179199 0.0000000000 0.0000000000 0.0000000000 0.0000000000
0.0049683615 0.5648691058 -39.7073440552 132.7989196777 0.0000000000 0.0000000000 0.0000000000 0.0000000000
0.0112758167 1.1582745314 -39.6243667603 132.7528686523 0.0000000000 0.0000000000 0.0000000000 0.0000000000
0.0178165045 1.7608959675 -39.4646072388 132.7113037109 0.0000000000 0.0000000000 0.0000000000 0.0000000000
0.0243313164 2.3632645607 -39.2077560425 132.6723480225 0.0000000000 0.0000000000 0.0000000000 0.0000000000
0.0308336001 2.9608931541 -38.8663902283 132.6487731934 0.0000000000 0.0000000000 0.0000000000 0.0000000000
0.0374429636 3.5516457558 -38.4867172241 132.6321868896 0.0000000000 0.0000000000 0.0000000000 0.0000000000
0.0441740081 4.1346950531 -38.0901451111 132.6148986816 0.0000000000 0.0000000000 0.0000000000 0.0000000000
0.0508851223 4.7099342346 -37.6801376343 132.5950164795 0.0000000000 0.0000000000 0.0000000000 0.0000000000
0.0574157983 5.2773966789 -37.2567939758 132.5682067871 0.0000000000 0.0000000000 0.0000000000 0.0000000000
0.0636609420 5.8372116089 -36.7913742065 132.5346832275 0.0000000000 0.0000000000 0.0000000000 0.0000000000
0.0696465820 6.3895282745 -36.2685012817 132.4930572510 0.0000000000 0.0000000000 0.0000000000 0.0000000000
0.0754850283 6.9344100952 -35.6283416748 132.4499664307 0.0000000000 0.0000000000 0.0000000000 0.0000000000
0.0812731460 7.4719972610 -34.8168067932 132.4143524170 0.0000000000 0.0000000000 0.0000000000 0.0000000000
0.0870058835 8.0024995804 -33.7611007690 132.3968048096 0.0000000000 0.0000000000 0.0000000000 0.0000000000
0.0927204862 8.5260095596 -32.3937492371 132.4067993164 0.0000000000 0.0000000000 0.0000000000 0.0000000000
0.0982883349 9.0427742004 -30.6437606812 132.4635467529 0.0000000000 0.0000000000 0.0000000000 0.0000000000
0.1036072820 9.5531311035 -28.5217533112 132.5703430176 0.0000000000 0.0000000000 0.0000000000 0.0000000000
0.1081441641 10.0574760437 -26.3145618439 132.6649627686 0.0000000000 0.0000000000 0.0000000000 0.0000000000
0.1113355532 10.5559892654 -24.1930274963 132.7180480957 0.0000000000 0.0000000000 0.0000000000 0.0000000000
0.1126819998 11.0488224030 -22.2406959534 132.7138214111 0.0000000000 0.0000000000 0.0000000000 0.0000000000
0.1119455323 11.5360441208 -20.6023216248 132.6399993896 0.0000000000 0.0000000000 0.0000000000 0.0000000000
0.1090040505 12.0176658630 -19.4939918518 132.4829711914 0.0000000000 0.0000000000 0.0000000000 0.0000000000
0.1040330157 12.4936828613 -18.9848537445 132.2601013184 0.0000000000 0.0000000000 0.0000000000 0.0000000000
0.0975778103 12.9640836716 -18.9520683289 132.0042114258 0.0000000000 0.0000000000 0.0000000000 0.0000000000
0.0903505832 13.4288759232 -19.2366333008 131.7425079346 0.0000000000 0.0000000000 0.0000000000 0.0000000000
0.0829544216 13.8881139755 -19.7116546631 131.4898681641 0.0000000000 0.0000000000 0.0000000000 0.0000000000
0.0758522898 14.3419513702 -20.2812786102 131.2545013428 0.0000000000 0.0000000000 0.0000000000 0.0000000000
0.0693897530 14.7905454636 -20.8699150085 131.0438385010 0.0000000000 0.0000000000 0.0000000000 0.0000000000
0.0638393685 15.2339944839 -21.4536170959 130.8592529297 0.0000000000 0.0000000000 0.0000000000 0.0000000000
0.0593153834 15.6724328995 -22.0042667389 130.7009887695 0.0000000000 0.0000000000 0.0000000000 0.0000000000
0.0558616854 16.1058483124 -22.4796485901 130.5687866211 0.0000000000 0.0000000000 0.0000000000 0.0000000000
0.0534837581 16.5341739655 -22.8264446259 130.4624176025 0.0000000000 0.0000000000 0.0000000000 0.0000000000
0.0521169305 16.9572944641 -23.0182418823 130.3781280518 0.0000000000 0.0000000000 0.0000000000 0.0000000000
0.0516912304 17.3749828339 -23.0427989960 130.3123016357 0.0000000000 0.0000000000 0.0000000000 0.0000000000
0.0520903021 17.7870750427 -22.9008789062 130.2641601562 0.0000000000 0.0000000000 0.0000000000 0.0000000000
0.0531964488 18.1934242249 -22.5979843140 130.2337799072 0.0000000000 0.0000000000 0.0000000000 0.0000000000
0.0549479388 18.5938968658 -22.1430301666 130.2244720459 0.0000000000 0.0000000000 0.0000000000 0.0000000000
0.0573453829 18.9883937836 -21.5684814453 130.2385711670 0.0000000000 0.0000000000 0.0000000000 0.0000000000
0.0603565425 19.3769016266 -20.9371891022 130.2754669189 0.0000000000 0.0000000000 0.0000000000 0.0000000000
0.0639944673 19.7594108582 -20.3153076172 130.3323364258 0.0000000000 0.0000000000 0.0000000000 0.0000000000
0.0682476312 20.1359825134 -19.7598228455 130.4025573730 0.0000000000 0.0000000000 0.0000000000 0.0000000000
0.0730664507 20.5066795349 -19.3122825623 130.4796600342 0.0000000000 0.0000000000 0.0000000000 0.0000000000
0.0784042701 20.8715591431 -19.0063171387 130.5573272705 0.0000000000 0.0000000000 0.0000000000 0.0000000000
0.0841975287 21.2306632996 -18.8601570129 130.6293029785 0.0000000000 0.0000000000 0.0000000000 0.0000000000
0.0903118923 21.5840568542 -18.8732070923 130.6902923584 0.0000000000 0.0000000000 0.0000000000 0.0000000000
0.0966623574 21.9317703247 -19.0288238525 130.7360229492 0.0000000000 0.0000000000 0.0000000000 0.0000000000
0.1031483039 22.2739219666 -19.2757225037 130.7631378174 0.0000000000 0.0000000000 0.0000000000 0.0000000000
0.1097070873 22.6105899811 -19.5432472229 130.7701416016 0.0000000000 0.0000000000 0.0000000000 0.0000000000
0.1163111404 22.9418716431 -19.7714290619 130.7560272217 0.0000000000 0.0000000000 0.0000000000 0.0000000000
0.1229078621 23.2679138184 -19.9049091339 130.7211456299 0.0000000000 0.0000000000 0.0000000000 0.0000000000
0.1294718385 23.5888442993 -19.9077072144 130.6657714844 0.0000000000 0.0000000000 0.0000000000 0.0000000000
0.1359903663 23.9048290253 -19.7713832855 130.5911407471 0.0000000000 0.0000000000 0.0000000000 0.0000000000
0.1424293071 24.2160186768 -19.5110511780 130.4960632324 0.0000000000 0.0000000000 0.0000000000 0.0000000000
0.1487807482 24.5225448608 -19.1840496063 130.3785247803 0.0000000000 0.0000000000 0.0000000000 0.0000000000
0.1550426334 24.8245182037 -18.8674068451 130.2365112305 0.0000000000 0.0000000000 0.0000000000 0.0000000000
0.1612430662 25.1220340729 -18.6212501526 130.0719757080 0.0000000000 0.0000000000 0.0000000000 0.0000000000
0.1674467176 25.4152278900 -18.4748153687 129.8956604004 0.0000000000 0.0000000000 0.0000000000 0.0000000000
0.1736752689 25.7042598724 -18.4364280701 129.7144165039 0.0000000000 0.0000000000 0.0000000000 0.0000000000
0.1799352020 25.9893093109 -18.4918899536 129.5359649658 0.0000000000 0.0000000000 0.0000000000 0.0000000000
0.1862486452 26.2705841064 -18.5929012299 129.3690643311 0.0000000000 0.0000000000 0.0000000000 0.0000000000
0.1926988065 26.5483398438 -18.6783599854 129.2220458984 0.0000000000 0.0000000000 0.0000000000 0.0000000000
0.1993626505 26.8228721619 -18.6997299194 129.0993652344 0.0000000000 0.0000000000 0.0000000000 0.0000000000
0.2063195258 27.0943832397 -18.6333312988 129.0018310547 0.0000000000 0.0000000000 0.0000000000 0.0000000000
0.2136185169 27.3630657196 -18.4895839691 128.9297027588 0.0000000000 0.0000000000 0.0000000000 0.0000000000
0.2212106884 27.6290245056 -18.3043861389 128.8802947998 0.0000000000 0.0000000000 0.0000000000 0.0000000000
0.2290426791 27.8923645020 -18.1330032349 128.8507232666 0.0000000000 0.0000000000 0.0000000000 0.0000000000
0.2370027006 28.1531734467 -18.0221004486 128.8356018066 0.0000000000 0.0000000000 0.0000000000 0.0000000000
0.2450361103 28.4115123749 -17.9937648773 128.8291778564 0.0000000000 0.0000000000 0.0000000000 0.0000000000
0.2530782819 28.6674461365 -18.0418376923 128.8255462646 0.0000000000 0.0000000000 0.0000000000 0.0000000000
0.2611525953 28.9210433960 -18.1352844238 128.8204650879 0.0000000000 0.0000000000 0.0000000000 0.0000000000
0.2693227530 29.1723976135 -18.2334518433 128.8095092773 0.0000000000 0.0000000000 0.0000000000 0.0000000000
0.2776724696 29.4215469360 -18.2914505005 128.7897949219 0.0000000000 0.0000000000 0.0000000000 0.0000000000
0.2862354815 29.6685581207 -18.2835884094 128.7589416504 0.0000000000 0.0000000000 0.0000000000 0.0000000000
0.2950295210 29.9134693146 -18.2111854553 128.7180175781 0.0000000000 0.0000000000 0.0000000000 0.0000000000
0.3040505052 30.1562976837 -18.1000995636 128.6681518555 0.0000000000 0.0000000000 0.0000000000 0.0000000000
0.3132940829 30.3970489502 -17.9887371063 128.6112213135 0.0000000000 0.0000000000 0.0000000000 0.0000000000
0.3227554262 30.6357002258 -17.9132709503 128.5492706299 0.0000000000 0.0000000000 0.0000000000 0.0000000000
0.3324755430 30.8722591400 -17.8901691437 128.4861145020 0.0000000000 0.0000000000 0.0000000000 0.0000000000
0.3424687684 31.1067028046 -17.9130611420 128.4248504639 0.0000000000 0.0000000000 0.0000000000 0.0000000000
0.3528206944 31.3389892578 -17.9547443390 128.3673400879 0.0000000000 0.0000000000 0.0000000000 0.0000000000
0.3636112809 31.5691356659 -17.9797096252 128.3141021729 0.0000000000 0.0000000000 0.0000000000 0.0000000000
0.3748910129 31.7971382141 -17.9683380127 128.2646942139 0.0000000000 0.0000000000 0.0000000000 0.0000000000
0.3866866231 32.0230941772 -17.9226799011 128.2169189453 0.0000000000 0.0000000000 0.0000000000 0.0000000000
0.3990170360 32.2470932007 -17.8597259521 128.1699981689 0.0000000000 0.0000000000 0.0000000000 0.0000000000
0.4118759632 32.4692268372 -17.8022899628 128.1216278076 0.0000000000 0.0000000000 0.0000000000 0.0000000000
0.4252754748 32.6895751953 -17.7680034637 128.0711975098 0.0000000000 0.0000000000 0.0000000000 0.0000000000
0.4392217696 32.9081993103 -17.7549610138 128.0177612305 0.0000000000 0.0000000000 0.0000000000 0.0000000000
0.4537411630 33.1251296997 -17.7497119904 127.9603958130 0.0000000000 0.0000000000 0.0000000000 0.0000000000
0.4688774347 33.3403739929 -17.7319755554 127.8977508545 0.0000000000 0.0000000000 0.0000000000 0.0000000000
0.4846377671 33.5540466309 -17.6887378693 127.8311920166 0.0000000000 0.0000000000 0.0000000000 0.0000000000
0.5010197163 33.7661819458 -17.6183319092 127.7627410889 0.0000000000 0.0000000000 0.0000000000 0.0000000000
0.5179924369 33.9768257141 -17.5345649719 127.6952743530 0.0000000000 0.0000000000 0.0000000000 0.0000000000
0.5355087519 34.1860008240 -17.4655818939 127.6301193237 0.0000000000 0.0000000000 0.0000000000 0.0000000000
0.5535188913 34.3937225342 -17.4357471466 127.5705261230 0.0000000000 0.0000000000 0.0000000000 0.0000000000
0.5719524622 34.5999870300 -17.4375209808 127.5155334473 0.0000000000 0.0000000000 0.0000000000 0.0000000000
0.5907502770 34.8048057556 -17.4473972321 127.4665908813 0.0000000000 0.0000000000 0.0000000000 0.0000000000
0.6098387241 35.0081787109 -17.4378795624 127.4213027954 0.0000000000 0.0000000000 0.0000000000 0.0000000000
0.6291451454 35.2100830078 -17.3954868317 127.3772888184 0.0000000000 0.0000000000 0.0000000000 0.0000000000
0.6485969424 35.4105453491 -17.3380870819 127.3333282471 0.0000000000 0.0000000000 0.0000000000 0.0000000000
0.6680815220 35.6095733643 -17.2879981995 127.2892456055 0.0000000000 0.0000000000 0.0000000000 0.0000000000
0.6875123382 35.8071479797 -17.2582397461 127.2441635132 0.0000000000 0.0000000000 0.0000000000 0.0000000000
0.7068086267 36.0032691956 -17.2418823242 127.1976318359 0.0000000000 0.0000000000 0.0000000000 0.0000000000
0.7259083986 36.1979560852 -17.2141494751 127.1477203369 0.0000000000 0.0000000000 0.0000000000 0.0000000000
0.7447435260 36.3911666870 -17.1617565155 127.0955581665 0.0000000000 0.0000000000 0.0000000000 0.0000000000
0.7632389665 36.5829620361 -17.0817375183 127.0416183472 0.0000000000 0.0000000000 0.0000000000 0.0000000000
0.7813082337 36.7733650208 -17.0002384186 126.9881210327 0.0000000000 0.0000000000 0.0000000000 0.0000000000
0.7989071608 36.9624481201 -16.9381046295 126.9365386963 0.0000000000 0.0000000000 0.0000000000 0.0000000000
0.8160491586 37.1502304077 -16.9012413025 126.8866577148 0.0000000000 0.0000000000 0.0000000000 0.0000000000
0.8327206373 37.3367919922 -16.8767585754 126.8383102417 0.0000000000 0.0000000000 0.0000000000 0.0000000000
0.8489680886 37.5221710205 -16.8433265686 126.7892837524 0.0000000000 0.0000000000 0.0000000000 0.0000000000
0.8647946715 37.7064018250 -16.7899780273 126.7380294800 0.0000000000 0.0000000000 0.0000000000 0.0000000000
0.8802246451 37.8895149231 -16.7169265747 126.6837387085 0.0000000000 0.0000000000 0.0000000000 0.0000000000
0.8952746391 38.0715255737 -16.6551361084 126.6295166016 0.0000000000 0.0000000000 0.0000000000 0.0000000000
0.9099736214 38.2524642944 -16.6214084625 126.5787887573 0.0000000000 0.0000000000 0.0000000000 0.0000000000
0.9243685007 38.4322853088 -16.6094245911 126.5324172974 0.0000000000 0.0000000000 0.0000000000 0.0000000000
0.9385064840 38.6109848022 -16.5861701965 126.4913482666 0.0000000000 0.0000000000 0.0000000000 0.0000000000
0.9524298310 38.7885131836 -16.5430793762 126.4571609497 0.0000000000 0.0000000000 0.0000000000 0.0000000000
0.9661712646 38.9648704529 -16.4763107300 126.4282913208 0.0000000000 0.0000000000 0.0000000000 0.0000000000
0.9797575474 39.1400756836 -16.4169445038 126.4029235840 0.0000000000 0.0000000000 0.0000000000 0.0000000000
0.9931886196 39.3141517639 -16.3767166138 126.3796691895 0.0000000000 0.0000000000 0.0000000000 0.0000000000
1.0064584017 39.4871215820 -16.3648700714 126.3570022583 0.0000000000 0.0000000000 0.0000000000 0.0000000000
1.0196086168 39.6590080261 -16.3233947754 126.3286743164 0.0000000000 0.0000000000 0.0000000000 0.0000000000
1.0326589346 39.8298339844 -16.2563438416 126.2909774780 0.0000000000 0.0000000000 0.0000000000 0.0000000000
1.0455850363 39.9996833801 -16.1612071991 126.2461776733 0.0000000000 0.0000000000 0.0000000000 0.0000000000
1.0583702326 40.1685981750 -16.0810890198 126.1941375732 0.0000000000 0.0000000000 0.0000000000 0.0000000000
1.0709633827 40.3366355896 -16.0441055298 126.1414413452 0.0000000000 0.0000000000 0.0000000000 0.0000000000
1.0834028721 40.5038223267 -16.0234870911 126.0892868042 0.0000000000 0.0000000000 0.0000000000 0.0000000000
1.0957490206 40.6701660156 -15.9905862808 126.0378799438 0.0000000000 0.0000000000 0.0000000000 0.0000000000
1.1080775261 40.8357009888 -15.9087457657 125.9883651733 0.0000000000 0.0000000000 0.0000000000 0.0000000000
1.1203784943 41.0004577637 -15.8329305649 125.9432296753 0.0000000000 0.0000000000 0.0000000000 0.0000000000
1.1326749325 41.1644783020 -15.7762565613 125.9044799805 0.0000000000 0.0000000000 0.0000000000 0.0000000000
1.1449899673 41.3278121948 -15.7514820099 125.8722305298 0.0000000000 0.0000000000 0.0000000000 0.0000000000
1.1573575735 41.4904937744 -15.7280521393 125.8458404541 0.0000000000 0.0000000000 0.0000000000 0.0000000000
1.1698075533 41.6524772644 -15.6594724655 125.8200454712 0.0000000000 0.0000000000 0.0000000000 0.0000000000
1.1823700666 41.8137931824 -15.5847501755 125.7960205078 0.0000000000 0.0000000000 0.0000000000 0.0000000000
1.1950846910 41.9744911194 -15.5164260864 125.7740936279 0.0000000000 0.0000000000 0.0000000000 0.0000000000
1.2079263926 42.1345252991 -15.4958658218 125.7571640015 0.0000000000 0.0000000000 0.0000000000 0.0000000000
1.2208700180 42.2938308716 -15.4619522095 125.7400512695 0.0000000000 0.0000000000 0.0000000000 0.0000000000
1.2338675261 42.4522819519 -15.4017114639 125.7184448242 0.0000000000 0.0000000000 0.0000000000 0.0000000000
1.2468945980 42.6098518372 -15.3195114136 125.6886138916 0.0000000000 0.0000000000 0.0000000000 0.0000000000
1.2599418163 42.7665557861 -15.2606115341 125.6507034302 0.0000000000 0.0000000000 0.0000000000 0.0000000000
1.2730619907 42.9224090576 -15.2392320633 125.6074066162 0.0000000000 0.0000000000 0.0000000000 0.0000000000
1.2862931490 43.0774002075 -15.2065696716 125.5634841919 0.0000000000 0.0000000000 0.0000000000 0.0000000000
1.2996587753 43.2315406799 -15.1522436142 125.5234146118 0.0000000000 0.0000000000 0.0000000000 0.0000000000
1.3130934238 43.3847961426 -15.0675048828 125.4923706055 0.0000000000 0.0000000000 0.0000000000 0.0000000000
1.3265984058 43.5371818542 -15.0237998962 125.4716873169 0.0000000000 0.0000000000 0.0000000000 0.0000000000
1.3401460648 43.6887016296 -15.0006599426 125.4614410400 0.0000000000 0.0000000000 0.0000000000 0.0000000000
1.3537833691 43.8393363953 -14.9676303864 125.4526748657 0.0000000000 0.0000000000 0.0000000000 0.0000000000
1.3675227165 43.9891090393 -14.8922395706 125.4471740723 0.0000000000 0.0000000000 0.0000000000 0.0000000000
1.3813313246 44.1380195618 -14.8308992386 125.4462890625 0.0000000000 0.0000000000 0.0000000000 0.0000000000
1.3952108622 44.2860946655 -14.7902545929 125.4527282715 0.0000000000 0.0000000000 0.0000000000 0.0000000000
1.4091441631 44.4333457947 -14.7559013367 125.4627151489 0.0000000000 0.0000000000 0.0000000000 0.0000000000
1.4231252670 44.5797729492 -14.6913833618 125.4669418335 0.0000000000 0.0000000000 0.0000000000 0.0000000000
1.4371449947 44.7252922058 -14.6302156448 125.4643859863 0.0000000000 0.0000000000 0.0000000000 0.0000000000
1.4511289597 44.8699836731 -14.5927515030 125.4541625977 0.0000000000 0.0000000000 0.0000000000 0.0000000000
1.4650919437 45.0138359070 -14.5575227737 125.4408111572 0.0000000000 0.0000000000 0.0000000000 0.0000000000
1.4790600538 45.1568679810 -14.5163860321 125.4280776978 0.0000000000 0.0000000000 0.0000000000 0.0000000000
1.4930776358 45.2991104126 -14.4586324692 125.4221725464 0.0000000000 0.0000000000 0.0000000000 0.0000000000
1.5071169138 45.4405822754 -14.4284772873 125.4242019653 0.0000000000 0.0000000000 0.0000000000 0.0000000000
1.5212036371 45.5812721252 -14.3735752106 125.4278640747 0.0000000000 0.0000000000 0.0000000000 0.0000000000
1.5353227854 45.7211875916 -14.3457241058 125.4320678711 0.0000000000 0.0000000000 0.0000000000 0.0000000000
1.5494997501 45.8603096008 -14.2916727066 125.4381408691 0.0000000000 0.0000000000 0.0000000000 0.0000000000
1.5637003183 45.9985847473 -14.2553052902 125.4429244995 0.0000000000 0.0000000000 0.0000000000 0.0000000000
1.5779302120 46.1359481812 -14.1771717072 125.4475555420 0.0000000000 0.0000000000 0.0000000000 0.0000000000
1.5921689272 46.2724227905 -14.1324949265 125.4534530640 0.0000000000 0.0000000000 0.0000000000 0.0000000000
1.6064414978 46.4080009460 -14.1007261276 125.4592514038 0.0000000000 0.0000000000 0.0000000000 0.0000000000
1.6207001209 46.5426559448 -14.0499963760 125.4630126953 0.0000000000 0.0000000000 0.0000000000 0.0000000000
1.6348954439 46.6764488220 -13.9834432602 125.4641265869 0.0000000000 0.0000000000 0.0000000000 0.0000000000
1.6489647627 46.8093795776 -13.9204559326 125.4654617310 0.0000000000 0.0000000000 0.0000000000 0.0000000000
1.6627860069 46.9413948059 -13.9152469635 125.4736099243 0.0000000000 0.0000000000 0.0000000000 0.0000000000
1.6763097048 47.0724868774 -13.8588819504 125.4860229492 0.0000000000 0.0000000000 0.0000000000 0.0000000000
1.6894804239 47.2026634216 -13.7916755676 125.5041732788 0.0000000000 0.0000000000 0.0000000000 0.0000000000
1.7022078037 47.3318710327 -13.7269535065 125.5243759155 0.0000000000 0.0000000000 0.0000000000 0.0000000000
1.7144368887 47.4600982666 -13.7033128738 125.5463485718 0.0000000000 0.0000000000 0.0000000000 0.0000000000
1.7261469364 47.5872993469 -13.6589517593 125.5639038086 0.0000000000 0.0000000000 0.0000000000 0.0000000000
1.7372980118 47.7134819031 -13.6100111008 125.5737533569 0.0000000000 0.0000000000 0.0000000000 0.0000000000
1.7478266954 47.8387069702 -13.5973844528 125.5788574219 0.0000000000 0.0000000000 0.0000000000 0.0000000000
1.7576502562 47.9629287720 -13.5533628464 125.5778350830 0.0000000000 0.0000000000 0.0000000000 0.0000000000
1.7666218281 48.0861854553 -13.5140466690 125.5762329102 0.0000000000 0.0000000000 0.0000000000 0.0000000000
1.7745901346 48.2084541321 -13.4997014999 125.5816116333 0.0000000000 0.0000000000 0.0000000000 0.0000000000
1.7814910412 48.3297157288 -13.4690256119 125.5889053345 0.0000000000 0.0000000000 0.0000000000 0.0000000000
1.7872060537 48.4500656128 -13.4262886047 125.6006088257 0.0000000000 0.0000000000 0.0000000000 0.0000000000
1.7915972471 48.5694961548 -13.4276514053 125.6193161011 0.0000000000 0.0000000000 0.0000000000 0.0000000000
1.7945661545 48.6879882812 -13.3692893982 125.6407318115 0.0000000000 0.0000000000 0.0000000000 0.0000000000
1.7960715294 48.8055114746 -13.3353157043 125.6647033691 0.0000000000 0.0000000000 0.0000000000 0.0000000000
1.7961540222 48.9221000671 -13.3157253265 125.6909561157 0.0000000000 0.0000000000 0.0000000000 0.0000000000
1.7948851585 49.0376968384 -13.2740383148 125.7135620117 0.0000000000 0.0000000000 0.0000000000 0.0000000000
1.7923600674 49.1522636414 -13.2375316620 125.7344512939 0.0000000000 0.0000000000 0.0000000000 0.0000000000
1.7887434959 49.2657699585 -13.1926546097 125.7467193604 0.0000000000 0.0000000000 0.0000000000 0.0000000000
1.7841001749 49.3782806396 -13.1705436707 125.7532119751 0.0000000000 0.0000000000 0.0000000000 0.0000000000
1.7784976959 49.4898376465 -13.1297664642 125.7557601929 0.0000000000 0.0000000000 0.0000000000 0.0000000000
1.7720404863 49.6004676819 -13.0937232971 125.7568588257 0.0000000000 0.0000000000 0.0000000000 0.0000000000
1.7648566961 49.7102012634 -13.0564327240 125.7621994019 0.0000000000 0.0000000000 0.0000000000 0.0000000000
1.7570672035 49.8190307617 -13.0372114182 125.7707595825 0.0000000000 0.0000000000 0.0000000000 0.0000000000
1.7488569021 49.9270210266 -12.9817743301 125.7784500122 0.0000000000 0.0000000000 0.0000000000 0.0000000000
1.7403391600 50.0341796875 -12.9596328735 125.7782592773 0.0000000000 0.0000000000 0.0000000000 0.0000000000
1.7316561937 50.1405334473 -12.9563608170 125.7768173218 0.0000000000 0.0000000000 0.0000000000 0.0000000000
1.7229501009 50.2460212708 -12.8935613632 125.7680892944 0.0000000000 0.0000000000 0.0000000000 0.0000000000
1.7142161131 50.3506851196 -12.9022808075 125.7691650391 0.0000000000 0.0000000000 0.0000000000 0.0000000000
1.7055933475 50.4544906616 -12.8279609680 125.7638168335 0.0000000000 0.0000000000 0.0000000000 0.0000000000
1.6970770359 50.5574455261 -12.8265075684 125.7661972046 0.0000000000 0.0000000000 0.0000000000 0.0000000000
1.6887738705 50.6595420837 -12.8024740219 125.7673187256 0.0000000000 0.0000000000 0.0000000000 0.0000000000
1.6808074713 50.7607879639 -12.7443599701 125.7704544067 0.0000000000 0.0000000000 0.0000000000 0.0000000000
1.6731575727 50.8612365723 -12.7664890289 125.7792663574 0.0000000000 0.0000000000 0.0000000000 0.0000000000
1.6658670902 50.9608917236 -12.6940021515 125.7853622437 0.0000000000 0.0000000000 0.0000000000 0.0000000000
1.6589082479 51.0598144531 -12.7079629898 125.7945480347 0.0000000000 0.0000000000 0.0000000000 0.0000000000
1.6522929668 51.1580047607 -12.6380214691 125.7916183472 0.0000000000 0.0000000000 0.0000000000 0.0000000000
1.6459590197 51.2555389404 -12.6770420074 125.7891845703 0.0000000000 0.0000000000 0.0000000000 0.0000000000
1.6399499178 51.3523979187 -12.5956602097 125.7829437256 0.0000000000 0.0000000000 0.0000000000 0.0000000000
1.6342107058 51.4486122131 -12.6374940872 125.7892074585 0.0000000000 0.0000000000 0.0000000000 0.0000000000
1.6288033724 51.5442008972 -12.5272026062 125.7929840088 0.0000000000 0.0000000000 0.0000000000 0.0000000000
1.6235878468 51.6392135620 -12.6333189011 125.8080520630 0.0000000000 0.0000000000 0.0000000000 0.0000000000
1.6186728477 51.7335853577 -12.4260663986 125.8074798584 0.0000000000 0.0000000000 0.0000000000 0.0000000000
1.6138042212 51.8274230957 -12.6961393356 125.8280029297 0.0000000000 0.0000000000 0.0000000000 0.0000000000
1.6093518734 51.9205436707 -12.2129287720 125.8132019043 0.0000000000 0.0000000000 0.0000000000 0.0000000000
1.6047838926 52.0132560730 -13.0125951767 125.8626556396 0.0000000000 0.0000000000 0.0000000000 0.0000000000
1.6009290218 52.1050071716 -11.5126600266 125.8015747070 0.0000000000 0.0000000000 0.0000000000 0.0000000000
1.5961111784 52.1965675354 -14.1612920761 125.9332885742 0.0000000000 0.0000000000 0.0000000000 0.0000000000
1.5931674242 52.2861633301 -10.0465459824 125.7713775635 0.0000000000 0.0000000000 0.0000000000 0.0000000000
1.5874440670 52.3758850098 -14.8674325943 125.9487915039 0.0000000000 0.0000000000 0.0000000000 0.0000000000
1.5842368603 52.4634056091 -11.8634309769 125.8463745117 0.0000000000 0.0000000000 0.0000000000 0.0000000000
1.5806421041 52.5508422852 -10.4186344147 125.8042907715 0.0000000000 0.0000000000 0.0000000000 0.0000000000
1.5752409697 52.6383285522 -14.8059730530 125.9436569214 0.0000000000 0.0000000000 0.0000000000 0.0000000000
1.5726103783 52.7240486145 -12.2584466934 125.8549652100 0.0000000000 0.0000000000 0.0000000000 0.0000000000
1.5698808432 52.8094062805 -9.8639192581 125.7832489014 0.0000000000 0.0000000000 0.0000000000 0.0000000000
1.5645047426 52.8951835632 -14.4050903320 125.8846130371 0.0000000000 0.0000000000 0.0000000000 0.0000000000
1.5616821051 52.9795112610 -13.2939891815 125.8688583374 0.0000000000 0.0000000000 0.0000000000 0.0000000000
1.5598456860 53.0629615784 -9.6668157578 125.8217849731 0.0000000000 0.0000000000 0.0000000000 0.0000000000
1.5550783873 53.1470985413 -13.1011095047 125.8886871338 0.0000000000 0.0000000000 0.0000000000 0.0000000000
1.5514729023 53.2305259705 -14.0619335175 125.9255142212 0.0000000000 0.0000000000 0.0000000000 0.0000000000
1.5497562885 53.3127441406 -10.7490825653 125.8649826050 0.0000000000 0.0000000000 0.0000000000 0.0000000000
1.5461465120 53.3952751160 -11.2437582016 125.8631439209 0.0000000000 0.0000000000 0.0000000000 0.0000000000
1.5413167477 53.4778671265 -13.8897476196 125.9055099487 0.0000000000 0.0000000000 0.0000000000 0.0000000000
1.5381101370 53.5592079163 -12.4349756241 125.8667144775 0.0000000000 0.0000000000 0.0000000000 0.0000000000
1.5347825289 53.6401748657 -10.4152021408 125.8405456543 0.0000000000 0.0000000000 0.0000000000 0.0000000000
1.5288476944 53.7216072083 -12.8355245590 125.8717346191 0.0000000000 0.0000000000 0.0000000000 0.0000000000
1.5231659412 53.8023300171 -13.3608264923 125.8781585693 0.0000000000 0.0000000000 0.0000000000 0.0000000000
1.5183609724 53.8820648193 -11.0248556137 125.8472976685 0.0000000000 0.0000000000 0.0000000000 0.0000000000
1.5117506981 53.9618911743 -11.5233964920 125.8683319092 0.0000000000 0.0000000000 0.0000000000 0.0000000000
1.5039492846 54.0416183472 -13.2580709457 125.9093780518 0.0000000000 0.0000000000 0.0000000000 0.0000000000
1.4970244169 54.1202507019 -12.1357917786 125.8969879150 0.0000000000 0.0000000000 0.0000000000 0.0000000000
1.4898779392 54.1983642578 -10.9251852036 125.8964996338 0.0000000000 0.0000000000 0.0000000000 0.0000000000
1.4810181856 54.2765464783 -12.5658197403 125.9253997803 0.0000000000 0.0000000000 0.0000000000 0.0000000000
1.4723548889 54.3539848328 -12.7909679413 125.9307479858 0.0000000000 0.0000000000 0.0000000000 0.0000000000
1.4642601013 54.4305763245 -11.2309360504 125.9190902710 0.0000000000 0.0000000000 0.0000000000 0.0000000000
1.4549189806 54.5069541931 -11.7834672928 125.9433212280 0.0000000000 0.0000000000 0.0000000000 0.0000000000
1.4448676109 54.5830001831 -12.8091487885 125.9727478027 0.0000000000 0.0000000000 0.0000000000 0.0000000000
1.4353281260 54.6581230164 -11.8385896683 125.9714355469 0.0000000000 0.0000000000 0.0000000000 0.0000000000
1.4253380299 54.7328071594 -11.3268032074 125.9808120728 0.0000000000 0.0000000000 0.0000000000 0.0000000000
1.4142339230 54.8071823120 -12.4673643112 126.0055618286 0.0000000000 0.0000000000 0.0000000000 0.0000000000
1.4033129215 54.8807601929 -12.2631492615 126.0082244873 0.0000000000 0.0000000000 0.0000000000 0.0000000000
1.3925029039 54.9536514282 -11.2824773788 126.0041885376 0.0000000000 0.0000000000 0.0000000000 0.0000000000
1.3807963133 55.0261650085 -12.0316772461 126.0184402466 0.0000000000 0.0000000000 0.0000000000 0.0000000000
1.3691291809 55.0980758667 -12.4022541046 126.0276489258 0.0000000000 0.0000000000 0.0000000000 0.0000000000
1.3579232693 55.1692008972 -11.5069513321 126.0213546753 0.0000000000 0.0000000000 0.0000000000 0.0000000000
1.3462244272 55.2399978638 -11.6750936508 126.0272979736 0.0000000000 0.0000000000 0.0000000000 0.0000000000
1.3343210220 55.3103599548 -12.3366222382 126.0409088135 0.0000000000 0.0000000000 0.0000000000 0.0000000000
1.3229175806 55.3799743652 -11.7632532120 126.0444869995 0.0000000000 0.0000000000 0.0000000000 0.0000000000
1.3113394976 55.4491310120 -11.4619903564 126.0521621704 0.0000000000 0.0000000000 0.0000000000 0.0000000000
1.2993298769 55.5179176331 -12.1868152618 126.0664520264 0.0000000000 0.0000000000 0.0000000000 0.0000000000
1.2877552509 55.5860328674 -11.9309892654 126.0715026855 0.0000000000 0.0000000000 0.0000000000 0.0000000000
1.2762761116 55.6536560059 -11.4095087051 126.0714035034 0.0000000000 0.0000000000 0.0000000000 0.0000000000
1.2643537521 55.7208976746 -11.9844541550 126.0780868530 0.0000000000 0.0000000000 0.0000000000 0.0000000000
1.2527073622 55.7875709534 -12.0130500793 126.0838165283 0.0000000000 0.0000000000 0.0000000000 0.0000000000
1.2413570881 55.8536567688 -11.4189834595 126.0875778198 0.0000000000 0.0000000000 0.0000000000 0.0000000000
1.2296689749 55.9193382263 -11.7981271744 126.0945281982 0.0000000000 0.0000000000 0.0000000000 0.0000000000
1.2182118893 55.9843978882 -12.0147647858 126.1040039062 0.0000000000 0.0000000000 0.0000000000 0.0000000000
1.2071868181 56.0488052368 -11.4681797028 126.1106567383 0.0000000000 0.0000000000 0.0000000000 0.0000000000
1.1959590912 56.1127815247 -11.6661615372 126.1198425293 0.0000000000 0.0000000000 0.0000000000 0.0000000000
1.1848574877 56.1761856079 -11.9805164337 126.1301498413 0.0000000000 0.0000000000 0.0000000000 0.0000000000
1.1741989851 56.2389373779 -11.5165157318 126.1379318237 0.0000000000 0.0000000000 0.0000000000 0.0000000000
1.1634163857 56.3011970520 -11.5914888382 126.1470642090 0.0000000000 0.0000000000 0.0000000000 0.0000000000
1.1526017189 56.3629264832 -11.9366750717 126.1557998657 0.0000000000 0.0000000000 0.0000000000 0.0000000000
1.1421960592 56.4239807129 -11.5253906250 126.1616439819 0.0000000000 0.0000000000 0.0000000000 0.0000000000
1.1316442490 56.4845619202 -11.5578107834 126.1656265259 0.0000000000 0.0000000000 0.0000000000 0.0000000000
1.1210130453 56.5445518494 -11.8464393616 126.1705780029 0.0000000000 0.0000000000 0.0000000000 0.0000000000
1.1106189489 56.6038627625 -11.5230054855 126.1768646240 0.0000000000 0.0000000000 0.0000000000 0.0000000000
1.1001348495 56.6626586914 -11.5263481140 126.1852722168 0.0000000000 0.0000000000 0.0000000000 0.0000000000
1.0895887613 56.7209854126 -11.7866144180 126.1933746338 0.0000000000 0.0000000000 0.0000000000 0.0000000000
1.0793490410 56.7787094116 -11.4968376160 126.2008895874 0.0000000000 0.0000000000 0.0000000000 0.0000000000
1.0690554380 56.8359756470 -11.5171222687 126.2077178955 0.0000000000 0.0000000000 0.0000000000 0.0000000000
1.0587731600 56.8928146362 -11.7466640472 126.2157592773 0.0000000000 0.0000000000 0.0000000000 0.0000000000
1.0488089323 56.9490928650 -11.4610729218 126.2265777588 0.0000000000 0.0000000000 0.0000000000 0.0000000000
1.0388273001 57.0049743652 -11.5275983810 126.2355880737 0.0000000000 0.0000000000 0.0000000000 0.0000000000
1.0288983583 57.0603485107 -11.6769590378 126.2421493530 0.0000000000 0.0000000000 0.0000000000 0.0000000000
1.0191838741 57.1152191162 -11.4477205276 126.2472152710 0.0000000000 0.0000000000 0.0000000000 0.0000000000
1.0094689131 57.1696853638 -11.5174036026 126.2516326904 0.0000000000 0.0000000000 0.0000000000 0.0000000000
0.9999105930 57.2237815857 -11.6304397583 126.2560653687 0.0000000000 0.0000000000 0.0000000000 0.0000000000
0.9906511903 57.2773818970 -11.4119520187 126.2649230957 0.0000000000 0.0000000000 0.0000000000 0.0000000000
0.9813067317 57.3306617737 -11.5373334885 126.2733306885 0.0000000000 0.0000000000 0.0000000000 0.0000000000
0.9720600247 57.3835067749 -11.5431680679 126.2806243896 0.0000000000 0.0000000000 0.0000000000 0.0000000000
0.9630096555 57.4359588623 -11.3953914642 126.2882232666 0.0000000000 0.0000000000 0.0000000000 0.0000000000
0.9539736509 57.4880676270 -11.5076961517 126.2932434082 0.0000000000 0.0000000000 0.0000000000 0.0000000000
0.9451542497 57.5398063660 -11.4896526337 126.2985992432 0.0000000000 0.0000000000 0.0000000000 0.0000000000
0.9366125464 57.5911750793 -11.3743343353 126.3049240112 0.0000000000 0.0000000000 0.0000000000 0.0000000000
0.9281959534 57.6422500610 -11.5013132095 126.3099441528 0.0000000000 0.0000000000 0.0000000000 0.0000000000
0.9201203585 57.6929817200 -11.4311294556 126.3170013428 0.0000000000 0.0000000000 0.0000000000 0.0000000000
0.9122809172 57.7434196472 -11.3722305298 126.3257522583 0.0000000000 0.0000000000 0.0000000000 0.0000000000
0.9044894576 57.7935829163 -11.4876489639 126.3328018188 0.0000000000 0.0000000000 0.0000000000 0.0000000000
0.8969467878 57.8434524536 -11.3518857956 126.3422775269 0.0000000000 0.0000000000 0.0000000000 0.0000000000
0.8895073533 57.8931312561 -11.4200172424 126.3504257202 0.0000000000 0.0000000000 0.0000000000 0.0000000000
0.8822070360 57.9425735474 -11.4228754044 126.3602523804 0.0000000000 0.0000000000 0.0000000000 0.0000000000
0.8750000000 57.9918022156 -11.3233451843 126.3630905151 0.0000000000 0.0000000000 0.0000000000 0.0000000000
0.8677076101 58.0409164429 -11.4094610214 126.3597946167 0.0000000000 0.0000000000 0.0000000000 0.0000000000
0.8602835536 58.0899505615 -11.4007749557 126.3623504639 0.0000000000 0.0000000000 0.0000000000 0.0000000000
0.8527195454 58.1388282776 -11.2949438095 126.3750762939 0.0000000000 0.0000000000 0.0000000000 0.0000000000
0.8447647691 58.1876449585 -11.4334678650 126.3854141235 0.0000000000 0.0000000000 0.0000000000 0.0000000000
0.8367116451 58.2362327576 -11.2880477905 126.3977279663 0.0000000000 0.0000000000 0.0000000000 0.0000000000
0.8283427954 58.2846336365 -11.3620557785 126.4048080444 0.0000000000 0.0000000000 0.0000000000 0.0000000000
0.8197222948 58.3327407837 -11.3590927124 126.4107284546 0.0000000000 0.0000000000 0.0000000000 0.0000000000
0.8108599782 58.3805313110 -11.2905578613 126.4191207886 0.0000000000 0.0000000000 0.0000000000 0.0000000000
0.8017058969 58.4280929565 -11.3847503662 126.4254760742 0.0000000000 0.0000000000 0.0000000000 0.0000000000
0.7924887538 58.4753112793 -11.2876768112 126.4350433350 0.0000000000 0.0000000000 0.0000000000 0.0000000000
0.7830551267 58.5223007202 -11.3341188431 126.4409179688 0.0000000000 0.0000000000 0.0000000000 0.0000000000
0.7734899521 58.5688972473 -11.3254022598 126.4498367310 0.0000000000 0.0000000000 0.0000000000 0.0000000000
0.7637112737 58.6152648926 -11.2940587997 126.4589691162 0.0000000000 0.0000000000 0.0000000000 0.0000000000
0.7537930012 58.6613845825 -11.3270893097 126.4696350098 0.0000000000 0.0000000000 0.0000000000 0.0000000000
0.7437419295 58.7073936462 -11.3108043671 126.4778747559 0.0000000000 0.0000000000 0.0000000000 0.0000000000
0.7337550521 58.7530784607 -11.2782001495 126.4871978760 0.0000000000 0.0000000000 0.0000000000 0.0000000000
0.7236356735 58.7986526489 -11.3395824432 126.4907302856 0.0000000000 0.0000000000 0.0000000000 0.0000000000
0.7136387825 58.8438148499 -11.2320861816 126.5029067993 0.0000000000 0.0000000000 0.0000000000 0.0000000000
0.7032438517 58.8889274597 -11.3652944565 126.5071563721 0.0000000000 0.0000000000 0.0000000000 0.0000000000
0.6930242181 58.9334869385 -11.2039728165 126.5217361450 0.0000000000 0.0000000000 0.0000000000 0.0000000000
0.6822298765 58.9780235291 -11.3479566574 126.5209732056 0.0000000000 0.0000000000 0.0000000000 0.0000000000
0.6715642810 59.0219917297 -11.2200651169 126.5309143066 0.0000000000 0.0000000000 0.0000000000 0.0000000000
0.6603273749 59.0659370422 -11.2827215195 126.5305175781 0.0000000000 0.0000000000 0.0000000000 0.0000000000
0.6491348147 59.1095848083 -11.2687406540 126.5369415283 0.0000000000 0.0000000000 0.0000000000 0.0000000000
0.6377623081 59.1532592773 -11.1819963455 126.5417098999 0.0000000000 0.0000000000 0.0000000000 0.0000000000
0.6263987422 59.1968078613 -11.3217239380 126.5431671143 0.0000000000 0.0000000000 0.0000000000 0.0000000000
0.6153170466 59.2402076721 -11.0896072388 126.5520095825 0.0000000000 0.0000000000 0.0000000000 0.0000000000
0.6041336060 59.2836036682 -11.3899164200 126.5498352051 0.0000000000 0.0000000000 0.0000000000 0.0000000000
0.5934830308 59.3266677856 -10.9757204056 126.5668945312 0.0000000000 0.0000000000 0.0000000000 0.0000000000
0.5826112032 59.3696784973 -11.5295934677 126.5625686646 0.0000000000 0.0000000000 0.0000000000 0.0000000000
0.5726276636 59.4120674133 -10.7389373779 126.5883560181 0.0000000000 0.0000000000 0.0000000000 0.0000000000
0.5621293783 59.4545173645 -11.8619194031 126.5675888062 0.0000000000 0.0000000000 0.0000000000 0.0000000000
0.5530809760 59.4960327148 -10.2130241394 126.6117324829 0.0000000000 0.0000000000 0.0000000000 0.0000000000
0.5426366329 59.5379714966 -12.6757926941 126.5623703003 0.0000000000 0.0000000000 0.0000000000 0.0000000000
0.5347688794 59.5783882141 -9.0600032806 126.6599655151 0.0000000000 0.0000000000 0.0000000000 0.0000000000
0.5236043930 59.6198387146 -14.2077836990 126.5611114502 0.0000000000 0.0000000000 0.0000000000 0.0000000000
0.5170118809 59.6585655212 -8.1843490601 126.6999435425 0.0000000000 0.0000000000 0.0000000000 0.0000000000
0.5058049560 59.6985206604 -13.5651712418 126.5783462524 0.0000000000 0.0000000000 0.0000000000 0.0000000000
0.4983006120 59.7365150452 -10.6557512283 126.6129531860 0.0000000000 0.0000000000 0.0000000000 0.0000000000
0.4905626774 59.7745056152 -9.4781455994 126.6298751831 0.0000000000 0.0000000000 0.0000000000 0.0000000000
0.4804281294 59.8133964539 -13.8875102997 126.5415039062 0.0000000000 0.0000000000 0.0000000000 0.0000000000
0.4744898975 59.8501548767 -9.5202569962 126.6480560303 0.0000000000 0.0000000000 0.0000000000 0.0000000000
0.4661941826 59.8876838684 -10.8554468155 126.6355133057 0.0000000000 0.0000000000 0.0000000000 0.0000000000
0.4577112794 59.9253005981 -12.8913955688 126.6078796387 0.0000000000 0.0000000000 0.0000000000 0.0000000000
0.4522902966 59.9614562988 -9.4112758636 126.6977996826 0.0000000000 0.0000000000 0.0000000000 0.0000000000
0.4442515075 59.9984741211 -11.7465543747 126.6380844116 0.0000000000 0.0000000000 0.0000000000 0.0000000000
0.4373008013 60.0349197388 -11.8978281021 126.6300582886 0.0000000000 0.0000000000 0.0000000000 0.0000000000
0.4318895638 60.0706672668 -9.5685148239 126.6850280762 0.0000000000 0.0000000000 0.0000000000 0.0000000000
0.4238252640 60.1074600220 -12.3302526474 126.6070785522 0.0000000000 0.0000000000 0.0000000000 0.0000000000
0.4177217185 60.1434822083 -11.1019983292 126.6247329712 0.0000000000 0.0000000000 0.0000000000 0.0000000000
0.4114856422 60.1796035767 -9.9692659378 126.6556091309 0.0000000000 0.0000000000 0.0000000000 0.0000000000
0.4029960334 60.2166290283 -12.5775108337 126.5975875854 0.0000000000 0.0000000000 0.0000000000 0.0000000000
0.3970168829 60.2526359558 -10.4524211884 126.6701354980 0.0000000000 0.0000000000 0.0000000000 0.0000000000
0.3899015784 60.2891883850 -10.5795097351 126.6826934814 0.0000000000 0.0000000000 0.0000000000 0.0000000000
0.3820227385 60.3261299133 -12.3410015106 126.6413116455 0.0000000000 0.0000000000 0.0000000000 0.0000000000
0.3764146864 60.3621978760 -10.1072168350 126.7007751465 0.0000000000 0.0000000000 0.0000000000 0.0000000000
0.3690949976 60.3990287781 -11.3085584641 126.6568984985 0.0000000000 0.0000000000 0.0000000000 0.0000000000
0.3623098731 60.4357719421 -11.7683553696 126.6411590576 0.0000000000 0.0000000000 0.0000000000 0.0000000000
0.3567931950 60.4720535278 -10.0870981216 126.7010421753 0.0000000000 0.0000000000 0.0000000000 0.0000000000
0.3493224978 60.5092048645 -11.9874477386 126.6539916992 0.0000000000 0.0000000000 0.0000000000 0.0000000000
0.3436462879 60.5456428528 -10.8924341202 126.7057647705 0.0000000000 0.0000000000 0.0000000000 0.0000000000
0.3375234306 60.5823669434 -10.5555906296 126.7297134399 0.0000000000 0.0000000000 0.0000000000 0.0000000000
0.3307667673 60.6193656921 -11.9951705933 126.6923294067 0.0000000000 0.0000000000 0.0000000000 0.0000000000
0.3256416023 60.6557426453 -10.3201189041 126.7447891235 0.0000000000 0.0000000000 0.0000000000 0.0000000000
0.3193712234 60.6924285889 -11.3017349243 126.7099761963 0.0000000000 0.0000000000 0.0000000000 0.0000000000
0.3132804334 60.7290382385 -11.3590764999 126.6983184814 0.0000000000 0.0000000000 0.0000000000 0.0000000000
0.3079132438 60.7651634216 -10.3704814911 126.7314987183 0.0000000000 0.0000000000 0.0000000000 0.0000000000
0.3008074760 60.8018417358 -11.6966371536 126.6848297119 0.0000000000 0.0000000000 0.0000000000 0.0000000000
0.2949610651 60.8377723694 -10.6879739761 126.7271881104 0.0000000000 0.0000000000 0.0000000000 0.0000000000
0.2879968286 60.8740386963 -10.8495521545 126.7273406982 0.0000000000 0.0000000000 0.0000000000 0.0000000000
0.2805683017 60.9102058411 -11.5217094421 126.7116546631 0.0000000000 0.0000000000 0.0000000000 0.0000000000
0.2736437023 60.9460372925 -10.4310665131 126.7470779419 0.0000000000 0.0000000000 0.0000000000 0.0000000000
0.2652014196 60.9822235107 -11.4439373016 126.7122192383 0.0000000000 0.0000000000 0.0000000000 0.0000000000
0.2570451498 61.0181007385 -10.9271221161 126.7286682129 0.0000000000 0.0000000000 0.0000000000 0.0000000000
0.2482319474 61.0540351868 -10.7807788849 126.7371444702 0.0000000000 0.0000000000 0.0000000000 0.0000000000
0.2384548932 61.0901794434 -11.4856195450 126.7142486572 0.0000000000 0.0000000000 0.0000000000 0.0000000000
0.2293510437 61.1258811951 -10.5342807770 126.7456588745 0.0000000000 0.0000000000 0.0000000000 0.0000000000
0.2189545780 61.1619415283 -11.3745365143 126.7087478638 0.0000000000 0.0000000000 0.0000000000 0.0000000000
0.2092899233 61.1974525452 -10.9280004501 126.7191162109 0.0000000000 0.0000000000 0.0000000000 0.0000000000
0.1991499662 61.2331161499 -10.8242797852 126.7156753540 0.0000000000 0.0000000000 0.0000000000 0.0000000000
0.1888857931 61.2684478760 -11.4250535965 126.6993255615 0.0000000000 0.0000000000 0.0000000000 0.0000000000
0.1791117191 61.3035507202 -10.5165977478 126.7309265137 0.0000000000 0.0000000000 0.0000000000 0.0000000000
0.1687920839 61.3383483887 -11.5056438446 126.7062377930 0.0000000000 0.0000000000 0.0000000000 0.0000000000
0.1591642797 61.3729362488 -10.6332311630 126.7348480225 0.0000000000 0.0000000000 0.0000000000 0.0000000000
0.1493182629 61.4071235657 -11.1997900009 126.7243194580 0.0000000000 0.0000000000 0.0000000000 0.0000000000
0.1397471428 61.4413604736 -10.9816226959 126.7300415039 0.0000000000 0.0000000000 0.0000000000 0.0000000000
0.1305852234 61.4751777649 -10.8398485184 126.7438278198 0.0000000000 0.0000000000 0.0000000000 0.0000000000
0.1212512329 61.5092048645 -11.2567930222 126.7325286865 0.0000000000 0.0000000000 0.0000000000 0.0000000000
0.1127560660 61.5429611206 -10.6673583984 126.7593154907 0.0000000000 0.0000000000 0.0000000000 0.0000000000
0.1040226370 61.5768165588 -11.3305625916 126.7409133911 0.0000000000 0.0000000000 0.0000000000 0.0000000000
0.0961995348 61.6104660034 -10.6487340927 126.7606887817 0.0000000000 0.0000000000 0.0000000000 0.0000000000
0.0881441459 61.6441268921 -11.2511444092 126.7375793457 0.0000000000 0.0000000000 0.0000000000 0.0000000000
0.0808253437 61.6776657104 -10.7372341156 126.7495803833 0.0000000000 0.0000000000 0.0000000000 0.0000000000
0.0734834522 61.7112274170 -11.0885906219 126.7308273315 0.0000000000 0.0000000000 0.0000000000 0.0000000000
0.0666403025 61.7447509766 -10.8809318542 126.7307434082 0.0000000000 0.0000000000 0.0000000000 0.0000000000
0.0598884858 61.7783889771 -10.9300622940 126.7221527100 0.0000000000 0.0000000000 0.0000000000 0.0000000000
0.0534153171 61.8120193481 -11.0140991211 126.7185211182 0.0000000000 0.0000000000 0.0000000000 0.0000000000
0.0472197905 61.8456420898 -10.7868633270 126.7277832031 0.0000000000 0.0000000000 0.0000000000 0.0000000000
0.0409127437 61.8792152405 -11.1342449188 126.7189102173 0.0000000000 0.0000000000 0.0000000000 0.0000000000
0.0351146348 61.9126777649 -10.6454601288 126.7359390259 0.0000000000 0.0000000000 0.0000000000 0.0000000000
0.0289631821 61.9461669922 -11.2648286819 126.7079696655 0.0000000000 0.0000000000 0.0000000000 0.0000000000
0.0236330107 61.9794311523 -10.4795093536 126.7305831909 0.0000000000 0.0000000000 0.0000000000 0.0000000000
0.0175919738 62.0128784180 -11.4481592178 126.6891937256 0.0000000000 0.0000000000 0.0000000000 0.0000000000
0.0126631297 62.0459098816 -10.2209920883 126.7361755371 0.0000000000 0.0000000000 0.0000000000 0.0000000000
0.0064743413 62.0793190002 -11.7773962021 126.6771240234 0.0000000000 0.0000000000 0.0000000000 0.0000000000
0.0019883651 62.1119880676 -9.7710485458 126.7559509277 0.0000000000 0.0000000000 0.0000000000 0.0000000000
-0.0045283656 62.1452903748 -12.3399515152 126.6517868042 0.0000000000 0.0000000000 0.0000000000 0.0000000000
-0.0083624497 62.1773185730 -9.1335973740 126.7720336914 0.0000000000 0.0000000000 0.0000000000 0.0000000000
-0.0152391614 62.2103958130 -13.0416326523 126.6162490845 0.0000000000 0.0000000000 0.0000000000 0.0000000000
-0.0182221215 62.2417030334 -8.6784620285 126.7798233032 0.0000000000 0.0000000000 0.0000000000 0.0000000000
-0.0248436350 62.2743530273 -12.9751806259 126.6127166748 0.0000000000 0.0000000000 0.0000000000 0.0000000000
-0.0276601426 62.3056526184 -9.3207578659 126.7393264771 0.0000000000 0.0000000000 0.0000000000 0.0000000000
-0.0330383778 62.3375129700 -11.5640106201 126.6497802734 0.0000000000 0.0000000000 0.0000000000 0.0000000000
-0.0371562392 62.3688545227 -10.8786773682 126.6619033813 0.0000000000 0.0000000000 0.0000000000 0.0000000000
-0.0412374511 62.3993682861 -10.1304960251 126.6958770752 0.0000000000 0.0000000000 0.0000000000 0.0000000000
-0.0463262908 62.4304847717 -11.8858413696 126.6243286133 0.0000000000 0.0000000000 0.0000000000 0.0000000000
-0.0495641455 62.4607849121 -9.7646636963 126.7118072510 0.0000000000 0.0000000000 0.0000000000 0.0000000000
-0.0545473099 62.4918060303 -11.6902990341 126.6402587891 0.0000000000 0.0000000000 0.0000000000 0.0000000000
-0.0578994155 62.5224800110 -10.2089586258 126.6838760376 0.0000000000 0.0000000000 0.0000000000 0.0000000000
-0.0623738132 62.5529632568 -11.0205192566 126.6411361694 0.0000000000 0.0000000000 0.0000000000 0.0000000000
-0.0664818287 62.5836143494 -10.8269309998 126.6241149902 0.0000000000 0.0000000000 0.0000000000 0.0000000000
-0.0707453489 62.6142692566 -10.4208126068 126.6272201538 0.0000000000 0.0000000000 0.0000000000 0.0000000000
-0.0758881345 62.6452178955 -11.2895278931 126.5946044922 0.0000000000 0.0000000000 0.0000000000 0.0000000000
-0.0804723278 62.6760597229 -10.1081628799 126.6434478760 0.0000000000 0.0000000000 0.0000000000 0.0000000000
-0.0867459625 62.7069816589 -11.4603061676 126.6028442383 0.0000000000 0.0000000000 0.0000000000 0.0000000000
-0.0922025740 62.7376136780 -10.1319017410 126.6568756104 0.0000000000 0.0000000000 0.0000000000 0.0000000000
-0.0992562547 62.7686538696 -11.1243581772 126.6139297485 0.0000000000 0.0000000000 0.0000000000 0.0000000000
-0.1062150076 62.7994422913 -10.6216230392 126.6289596558 0.0000000000 0.0000000000 0.0000000000 0.0000000000
-0.1139326692 62.8304901123 -10.7413330078 126.6150054932 0.0000000000 0.0000000000 0.0000000000 0.0000000000
-0.1222722605 62.8614807129 -10.8035554886 126.6088180542 0.0000000000 0.0000000000 0.0000000000 0.0000000000
-0.1310555786 62.8925743103 -11.0644950867 126.6024551392 0.0000000000 0.0000000000 0.0000000000 0.0000000000
-0.1398052871 62.9235076904 -10.4988183975 126.6309051514 0.0000000000 0.0000000000 0.0000000000 0.0000000000
-0.1495524347 62.9543914795 -11.4936246872 126.6016693115 0.0000000000 0.0000000000 0.0000000000 0.0000000000
-0.1583716720 62.9847640991 -9.4985961914 126.6786956787 0.0000000000 0.0000000000 0.0000000000 0.0000000000
-0.1699874699 63.0154838562 -13.5215024948 126.5408706665 0.0000000000 0.0000000000 0.0000000000 0.0000000000
-0.1770509630 63.0440101624 -7.4674835205 126.7801971436 0.0000000000 0.0000000000 0.0000000000 0.0000000000
-0.1902959496 63.0738220215 -14.4982395172 126.5090560913 0.0000000000 0.0000000000 0.0000000000 0.0000000000
-0.1973340660 63.1009864807 -9.1386899948 126.6675109863 0.0000000000 0.0000000000 0.0000000000 0.0000000000
-0.2076694518 63.1290397644 -9.3504228592 126.6384353638 0.0000000000 0.0000000000 0.0000000000 0.0000000000
-0.2205575854 63.1576766968 -13.9110012054 126.4790191650 0.0000000000 0.0000000000 0.0000000000 0.0000000000
-0.2277708352 63.1841659546 -8.3715953827 126.6700363159 0.0000000000 0.0000000000 0.0000000000 0.0000000000
-0.2393698692 63.2115974426 -11.2528877258 126.5688476562 0.0000000000 0.0000000000 0.0000000000 0.0000000000
-0.2497367412 63.2385826111 -11.9841632843 126.5658035278 0.0000000000 0.0000000000 0.0000000000 0.0000000000
-0.2575390339 63.2647399902 -8.9462404251 126.7033920288 0.0000000000 0.0000000000 0.0000000000 0.0000000000
-0.2681054771 63.2916030884 -11.7164020538 126.6010208130 0.0000000000 0.0000000000 0.0000000000 0.0000000000
-0.2764192820 63.3176727295 -11.1135129929 126.6132583618 0.0000000000 0.0000000000 0.0000000000 0.0000000000
-0.2835856974 63.3435211182 -9.2405490875 126.6651763916 0.0000000000 0.0000000000 0.0000000000 0.0000000000
-0.2928674519 63.3699607849 -11.9793872833 126.5362701416 0.0000000000 0.0000000000 0.0000000000 0.0000000000
-0.2994757891 63.3956947327 -10.4799718857 126.5770950317 0.0000000000 0.0000000000 0.0000000000 0.0000000000
-0.3060387075 63.4216232300 -9.4833908081 126.6142883301 0.0000000000 0.0000000000 0.0000000000 0.0000000000
-0.3142037392 63.4480247498 -12.2877321243 126.5203704834 0.0000000000 0.0000000000 0.0000000000 0.0000000000
-0.3190619349 63.4735450745 -9.6279916763 126.6324844360 0.0000000000 0.0000000000 0.0000000000 0.0000000000
-0.3250255287 63.4997253418 -10.3011140823 126.6205291748 0.0000000000 0.0000000000 0.0000000000 0.0000000000
-0.3306946158 63.5261764526 -11.7547302246 126.5817260742 0.0000000000 0.0000000000 0.0000000000 0.0000000000
-0.3337039649 63.5521469116 -9.4380989075 126.6872863770 0.0000000000 0.0000000000 0.0000000000 0.0000000000
-0.3378370702 63.5786399841 -11.1329498291 126.6277694702 0.0000000000 0.0000000000 0.0000000000 0.0000000000
-0.3401127756 63.6049880981 -10.8398256302 126.6509780884 0.0000000000 0.0000000000 0.0000000000 0.0000000000
-0.3409661353 63.6313629150 -9.6288080215 126.7126998901 0.0000000000 0.0000000000 0.0000000000 0.0000000000
-0.3422420025 63.6581573486 -11.5924053192 126.6341781616 0.0000000000 0.0000000000 0.0000000000 0.0000000000
-0.3408850133 63.6845016479 -9.9860782623 126.6949462891 0.0000000000 0.0000000000 0.0000000000 0.0000000000
-0.3396522701 63.7111892700 -10.2134227753 126.6742401123 0.0000000000 0.0000000000 0.0000000000 0.0000000000
-0.3382789791 63.7381591797 -11.4054088593 126.6091308594 0.0000000000 0.0000000000 0.0000000000 0.0000000000
-0.3350500464 63.7647666931 -9.4516105652 126.6880264282 0.0000000000 0.0000000000 0.0000000000 0.0000000000
-0.3333771229 63.7919197083 -11.1986732483 126.6066360474 0.0000000000 0.0000000000 0.0000000000 0.0000000000
-0.3305172026 63.8187294006 -10.3404846191 126.6514587402 0.0000000000 0.0000000000 0.0000000000 0.0000000000
-0.3281327784 63.8456382751 -9.9838132858 126.6772537231 0.0000000000 0.0000000000 0.0000000000 0.0000000000
-0.3269485533 63.8726196289 -11.2529859543 126.6267700195 0.0000000000 0.0000000000 0.0000000000 0.0000000000
-0.3252663016 63.8990516663 -9.7454242706 126.7000198364 0.0000000000 0.0000000000 0.0000000000 0.0000000000
-0.3259245753 63.9255371094 -10.7861604691 126.6491470337 0.0000000000 0.0000000000 0.0000000000 0.0000000000
-0.3274695873 63.9515380859 -10.5505409241 126.6623840332 0.0000000000 0.0000000000 0.0000000000 0.0000000000
-0.3306302428 63.9772491455 -9.9192752838 126.6914749146 0.0000000000 0.0000000000 0.0000000000 0.0000000000
-0.3368490934 64.0024566650 -11.0682878494 126.6433639526 0.0000000000 0.0000000000 0.0000000000 0.0000000000
-0.3442595005 64.0268554688 -9.9476585388 126.6896362305 0.0000000000 0.0000000000 0.0000000000 0.0000000000
-0.3555835783 64.0502929688 -10.4007339478 126.6774673462 0.0000000000 0.0000000000 0.0000000000 0.0000000000
-0.3694317341 64.0731353760 -11.0550088882 126.6228103638 0.0000000000 0.0000000000 0.0000000000 0.0000000000
-0.3862893879 64.0939788818 -9.2894935608 126.7203292847 0.0000000000 0.0000000000 0.0000000000 0.0000000000
-0.4076235294 64.1153411865 -11.6980056763 126.5779037476 0.0000000000 0.0000000000 0.0000000000 0.0000000000
-0.4296970665 64.1356277466 -9.3920593262 126.6995849609 0.0000000000 0.0000000000 0.0000000000 0.0000000000
-0.4562381208 64.1566772461 -10.6614131927 126.6615753174 0.0000000000 0.0000000000 0.0000000000 0.0000000000
-0.4833957553 64.1778335571 -10.9220180511 126.6450653076 0.0000000000 0.0000000000 0.0000000000 0.0000000000
-0.5120084286 64.1979522705 -9.4057664871 126.7261581421 0.0000000000 0.0000000000 0.0000000000 0.0000000000
-0.5432968736 64.2188034058 -11.4043550491 126.6191101074 0.0000000000 0.0000000000 0.0000000000 0.0000000000
-0.5723114610 64.2393798828 -9.7408409119 126.6773376465 0.0000000000 0.0000000000 0.0000000000 0.0000000000
-0.6040328145 64.2596969604 -10.5785770416 126.6229782104 0.0000000000 0.0000000000 0.0000000000 0.0000000000
-0.6345843673 64.2803497314 -10.6401472092 126.6062774658 0.0000000000 0.0000000000 0.0000000000 0.0000000000
-0.6637744904 64.3013000488 -9.7657804489 126.6438140869 0.0000000000 0.0000000000 0.0000000000 0.0000000000
-0.6949049830 64.3223419189 -11.1265897751 126.5914993286 0.0000000000 0.0000000000 0.0000000000 0.0000000000
-0.7229136825 64.3435745239 -9.8151826859 126.6673889160 0.0000000000 0.0000000000 0.0000000000 0.0000000000
-0.7516252398 64.3655776978 -10.5362186432 126.6469726562 0.0000000000 0.0000000000 0.0000000000 0.0000000000
-0.7801272273 64.3875427246 -10.5948629379 126.6712417603 0.0000000000 0.0000000000 0.0000000000 0.0000000000
-0.8066093922 64.4099349976 -9.8925895691 126.7139434814 0.0000000000 0.0000000000 0.0000000000 0.0000000000
-0.8340508342 64.4329147339 -10.8613109589 126.6703720093 0.0000000000 0.0000000000 0.0000000000 0.0000000000
-0.8600778580 64.4559631348 -9.9311637878 126.7281875610 0.0000000000 0.0000000000 0.0000000000 0.0000000000
-0.8856812119 64.4797134399 -10.5652017593 126.6840057373 0.0000000000 0.0000000000 0.0000000000 0.0000000000
-0.9107598662 64.5034484863 -10.3229742050 126.6921005249 0.0000000000 0.0000000000 0.0000000000 0.0000000000
-0.9350892305 64.5275650024 -10.1149272919 126.6975173950 0.0000000000 0.0000000000 0.0000000000 0.0000000000
