#         COST_U        COST_H      COST_D       COST_S       REGU_H       REGU_S          HPO           COSTGLEN 
1454.9390869141 0.0000000000 0.0000000000 0.0000000000 1161.4150390625 0.0000000000 14.0664796829
990.1628417969 0.0002938987 0.0000000000 0.0000000000 1152.6883544922 1147.2751464844 11.5236873627
699.3490600586 0.0011173226 0.0000000000 0.0000000000 1148.5225830078 2521.0917968750 9.1212434769
510.0027465820 0.0023948282 0.0000000000 0.0000000000 1142.6727294922 2417.2556152344 7.4400954247
382.6121215820 0.0041082040 0.0000000000 0.0000000000 1138.0100097656 2053.2194824219 6.1200666428
295.0904235840 0.0062028999 0.0000000000 0.0000000000 1131.8297119141 1655.2487792969 5.0205454826
234.3265533447 0.0086178603 0.0000000000 0.0000000000 1128.5537109375 1341.0917968750 4.1054787636
191.3533477783 0.0112918150 0.0000000000 0.0000000000 1127.2717285156 1148.4570312500 3.3508861065
160.5331420898 0.0141708404 0.0000000000 0.0000000000 1120.3942871094 1025.5299072266 2.7400097847
138.2131042480 0.0172150824 0.0000000000 0.0000000000 1114.1444091797 927.7884521484 2.2574675083
121.8973999023 0.0203926321 0.0000000000 0.0000000000 1108.7436523438 836.0003051758 1.8782196045
109.7854461670 0.0236769989 0.0000000000 0.0000000000 1102.9600830078 738.0709228516 1.5799309015
100.6474380493 0.0270448178 0.0000000000 0.0000000000 1098.9843750000 645.5077514648 1.3452037573
93.6966171265 0.0304903910 0.0000000000 0.0000000000 1092.0889892578 577.7328491211 1.1580097675
88.4926834106 0.0340040103 0.0000000000 0.0000000000 1085.6567382812 528.6108398438 1.0084903240
84.5275039673 0.0375812799 0.0000000000 0.0000000000 1080.0870361328 479.4396667480 0.8849896789
81.4731216431 0.0412264764 0.0000000000 0.0000000000 1072.9160156250 426.2659912109 0.7809808850
79.1160888672 0.0449410602 0.0000000000 0.0000000000 1063.7141113281 376.7983093262 0.6921608448
77.2653121948 0.0487291254 0.0000000000 0.0000000000 1057.9353027344 336.0421142578 0.6149598360
75.7903137207 0.0525879785 0.0000000000 0.0000000000 1048.9301757812 302.6986389160 0.5469698906
74.5833206177 0.0565246046 0.0000000000 0.0000000000 1040.5142822266 273.8841552734 0.4873791039
73.5635070801 0.0605451055 0.0000000000 0.0000000000 1031.7664794922 245.4649505615 0.4354763925
72.6776962280 0.0646563396 0.0000000000 0.0000000000 1023.9839477539 219.0721130371 0.3907642663
71.8861236572 0.0688644350 0.0000000000 0.0000000000 1015.5759887695 197.7193756104 0.3521319926
71.1618957520 0.0731737390 0.0000000000 0.0000000000 1006.9964599609 180.2588195801 0.3187628090
70.4757766724 0.0775896460 0.0000000000 0.0000000000 1001.6096801758 164.0914154053 0.2893570662
69.8081054688 0.0821194872 0.0000000000 0.0000000000 996.2368774414 148.3993377686 0.2627395689
69.1494522095 0.0867642537 0.0000000000 0.0000000000 992.7595825195 134.0631256104 0.2380600721
68.4957962036 0.0915236250 0.0000000000 0.0000000000 989.6040649414 121.6238098145 0.2146199495
67.8461074829 0.0963957012 0.0000000000 0.0000000000 985.4888305664 110.9190902710 0.1918699145
67.2032470703 0.1013786569 0.0000000000 0.0000000000 982.0565185547 100.9766540527 0.1697233021
66.5650939941 0.1064711511 0.0000000000 0.0000000000 978.5477294922 91.6957244873 0.1481394470
65.9311294556 0.1116629094 0.0000000000 0.0000000000 975.5169067383 83.7031250000 0.1274271011
65.3050155640 0.1169484630 0.0000000000 0.0000000000 973.2083129883 77.2952651978 0.1079380140
64.6930694580 0.1223217621 0.0000000000 0.0000000000 972.0900878906 71.3885803223 0.0899821073
64.1017684937 0.1277783215 0.0000000000 0.0000000000 972.2931518555 64.6947021484 0.0736143142
63.5334091187 0.1333100051 0.0000000000 0.0000000000 971.6005859375 58.2769660950 0.0585727356
62.9880676270 0.1389150321 0.0000000000 0.0000000000 971.6311035156 53.2756805420 0.0444178730
62.4660606384 0.1445882171 0.0000000000 0.0000000000 970.9926147461 49.1745719910 0.0306676682
61.9681777954 0.1503226310 0.0000000000 0.0000000000 970.1281127930 44.4033126831 0.0171548277
61.4924812317 0.1561085433 0.0000000000 0.0000000000 968.4088745117 39.3166007996 0.0040879473
61.0398521423 0.1619368941 0.0000000000 0.0000000000 967.0686035156 34.9211959839 -0.0081744455
60.6102752686 0.1678019017 0.0000000000 0.0000000000 965.8737182617 31.3928451538 -0.0195017867
60.2025756836 0.1736987829 0.0000000000 0.0000000000 964.7259521484 28.4489631653 -0.0299730152
59.8159217834 0.1796203703 0.0000000000 0.0000000000 963.6531372070 26.1754226685 -0.0397706404
59.4497032166 0.1855663955 0.0000000000 0.0000000000 962.3908081055 24.4551391602 -0.0490228683
59.1040153503 0.1915385276 0.0000000000 0.0000000000 960.9403686523 22.7351398468 -0.0578449517
58.7751541138 0.1975417286 0.0000000000 0.0000000000 959.5759887695 21.1079463959 -0.0662825704
58.4578437805 0.2035839260 0.0000000000 0.0000000000 958.4055786133 19.5782375336 -0.0742857680
58.1494369507 0.2096728832 0.0000000000 0.0000000000 957.7606201172 18.2424240112 -0.0819331408
57.8484458923 0.2158200890 0.0000000000 0.0000000000 957.1853027344 16.8143959045 -0.0892861038
57.5542945862 0.2220354676 0.0000000000 0.0000000000 956.5711059570 15.4035921097 -0.0963853151
57.2682189941 0.2283272743 0.0000000000 0.0000000000 955.9084472656 14.3652973175 -0.1032524332
56.9905776978 0.2347037494 0.0000000000 0.0000000000 955.3468017578 13.3266191483 -0.1099143252
56.7225532532 0.2411704510 0.0000000000 0.0000000000 954.8470458984 12.2768449783 -0.1164330393
56.4659843445 0.2477362454 0.0000000000 0.0000000000 954.1023559570 11.3477039337 -0.1229183972
56.2219886780 0.2544043064 0.0000000000 0.0000000000 953.2520751953 10.6240415573 -0.1294481158
55.9916648865 0.2611773014 0.0000000000 0.0000000000 952.3786621094 9.8194942474 -0.1360293925
55.7754669189 0.2680614293 0.0000000000 0.0000000000 951.4459838867 9.1911792755 -0.1425924748
55.5739364624 0.2750646472 0.0000000000 0.0000000000 950.4082031250 8.6246986389 -0.1490252167
55.3904914856 0.2821929455 0.0000000000 0.0000000000 949.1704711914 8.0084333420 -0.1552420259
55.2266273499 0.2894431055 0.0000000000 0.0000000000 947.7949829102 7.5334711075 -0.1613226831
55.0779304504 0.2968276441 0.0000000000 0.0000000000 946.2935180664 7.0239400864 -0.1673595011
54.9434318542 0.3043512106 0.0000000000 0.0000000000 944.6542358398 6.5783104897 -0.1733486056
54.8218879700 0.3120232821 0.0000000000 0.0000000000 942.9189453125 6.2140178680 -0.1792976856
54.7129859924 0.3198502064 0.0000000000 0.0000000000 940.9661254883 5.8437829018 -0.1852162480
54.6158714294 0.3278402090 0.0000000000 0.0000000000 938.8368530273 5.4919500351 -0.1910939217
54.5341110229 0.3359928429 0.0000000000 0.0000000000 936.5916137695 5.1895704269 -0.1968991607
54.4677352905 0.3443157077 0.0000000000 0.0000000000 934.2438964844 4.9208030701 -0.2025675774
54.4171333313 0.3528187573 0.0000000000 0.0000000000 931.9051513672 4.6019020081 -0.2079501599
54.3812370300 0.3615170121 0.0000000000 0.0000000000 929.6592407227 4.2959337234 -0.2129815370
54.3595657349 0.3704189956 0.0000000000 0.0000000000 927.4443969727 4.0009088516 -0.2176298350
54.3516731262 0.3795376718 0.0000000000 0.0000000000 925.3471069336 3.7410786152 -0.2219938338
54.3567161560 0.3888885081 0.0000000000 0.0000000000 923.4127807617 3.4934084415 -0.2261006385
54.3737564087 0.3984872699 0.0000000000 0.0000000000 921.6326904297 3.2536718845 -0.2299604416
54.4002113342 0.4083505869 0.0000000000 0.0000000000 919.9948120117 3.0862252712 -0.2335181534
54.4319534302 0.4184950590 0.0000000000 0.0000000000 918.5423583984 2.9179718494 -0.2367613912
54.4652137756 0.4289389551 0.0000000000 0.0000000000 917.2466430664 2.7508418560 -0.2397309244
54.4984054565 0.4397001565 0.0000000000 0.0000000000 916.0422973633 2.6536345482 -0.2425314933
54.5289611816 0.4507926702 0.0000000000 0.0000000000 914.9216918945 2.5707192421 -0.2451796234
54.5536003113 0.4622328281 0.0000000000 0.0000000000 913.8411865234 2.4215030670 -0.2477059811
54.5698890686 0.4740266502 0.0000000000 0.0000000000 912.7957763672 2.1904838085 -0.2500756979
54.5755729675 0.4861970842 0.0000000000 0.0000000000 911.7675170898 1.9916363955 -0.2522752285
54.5699043274 0.4987418950 0.0000000000 0.0000000000 910.7975463867 1.9324135780 -0.2543229759
54.5520706177 0.5116735697 0.0000000000 0.0000000000 909.8554687500 1.8459067345 -0.2562448084
54.5203552246 0.5249941349 0.0000000000 0.0000000000 908.9290771484 1.6850864887 -0.2580383122
54.4762115479 0.5387009978 0.0000000000 0.0000000000 908.0253295898 1.6466742754 -0.2597213387
54.4206886292 0.5527868271 0.0000000000 0.0000000000 907.1380004883 1.6558914185 -0.2612838745
54.3554687500 0.5672404766 0.0000000000 0.0000000000 906.2158203125 1.5619039536 -0.2627337873
54.2825012207 0.5820523500 0.0000000000 0.0000000000 905.2739868164 1.4285758734 -0.2640914023
54.2030029297 0.5972152948 0.0000000000 0.0000000000 904.3278808594 1.3803935051 -0.2653622627
54.1201362610 0.6127160788 0.0000000000 0.0000000000 903.3418579102 1.3757936954 -0.2664876580
54.0358772278 0.6285388470 0.0000000000 0.0000000000 902.3092041016 1.2887694836 -0.2674938738
53.9520187378 0.6446741819 0.0000000000 0.0000000000 901.2040405273 1.1504445076 -0.2683697939
53.8694992065 0.6611036658 0.0000000000 0.0000000000 900.0213623047 1.0772550106 -0.2691886723
53.7890396118 0.6778112650 0.0000000000 0.0000000000 898.7578735352 1.0631935596 -0.2699559927
53.7119979858 0.6947872639 0.0000000000 0.0000000000 897.4097900391 1.0385429859 -0.2706744671
53.6383705139 0.7120149136 0.0000000000 0.0000000000 895.9740600586 0.9826557040 -0.2713598013
53.5688476562 0.7294809222 0.0000000000 0.0000000000 894.4497070312 0.9170098305 -0.2719944119
53.5037574768 0.7471685410 0.0000000000 0.0000000000 892.8333740234 0.8759365082 -0.2725529075
53.4429550171 0.7650642991 0.0000000000 0.0000000000 891.1286010742 0.8851139545 -0.2730460167
53.3865699768 0.7831554413 0.0000000000 0.0000000000 889.3395996094 0.9131605029 -0.2735437751
53.3342132568 0.8014233708 0.0000000000 0.0000000000 887.4738769531 1.0243673325 -0.2739988565
53.2858047485 0.8198603392 0.0000000000 0.0000000000 885.5631713867 1.1939668655 -0.2744784355
53.2410736084 0.8384447098 0.0000000000 0.0000000000 883.6331787109 1.0978590250 -0.2749314308
53.1991729736 0.8571590185 0.0000000000 0.0000000000 881.6890869141 0.9292265177 -0.2753749490
53.1593093872 0.8759889603 0.0000000000 0.0000000000 879.7399902344 1.0064618587 -0.2758160532
53.1209831238 0.8949120045 0.0000000000 0.0000000000 877.7960205078 1.0036743879 -0.2762906551
53.0831947327 0.9139145613 0.0000000000 0.0000000000 875.8605346680 0.9394643903 -0.2767326236
53.0448493958 0.9329801202 0.0000000000 0.0000000000 873.9529418945 1.0104299784 -0.2772142589
53.0044136047 0.9520991445 0.0000000000 0.0000000000 872.0832519531 0.9258288145 -0.2776882648
52.9613418579 0.9712664485 0.0000000000 0.0000000000 870.2548217773 0.8258560300 -0.2781737447
52.9151573181 0.9904686809 0.0000000000 0.0000000000 868.4628906250 0.8764644265 -0.2786627412
52.8658218384 1.0096884966 0.0000000000 0.0000000000 866.7139282227 0.8124789596 -0.2791689336
52.8130149841 1.0289158821 0.0000000000 0.0000000000 865.0151367188 0.7953347564 -0.2796905041
52.7573394775 1.0481427908 0.0000000000 0.0000000000 863.3493652344 0.8102118969 -0.2801485062
52.7009468079 1.0673695803 0.0000000000 0.0000000000 861.7053222656 0.6990296841 -0.2806321979
52.6461639404 1.0865795612 0.0000000000 0.0000000000 860.0764160156 0.6793371439 -0.2811259627
52.5945701599 1.1057672501 0.0000000000 0.0000000000 858.4730224609 0.7405400872 -0.2816173434
52.5472869873 1.1249243021 0.0000000000 0.0000000000 856.8796997070 0.7502077222 -0.2821478546
52.5051307678 1.1440490484 0.0000000000 0.0000000000 855.2573242188 0.7374396324 -0.2826570272
52.4682655334 1.1631340981 0.0000000000 0.0000000000 853.5722045898 0.7547010183 -0.2832362056
52.4370765686 1.1821794510 0.0000000000 0.0000000000 851.9218139648 0.7847772241 -0.2837481499
52.4113807678 1.2011829615 0.0000000000 0.0000000000 850.2886352539 0.7842686176 -0.2843774557
52.3912544250 1.2201399803 0.0000000000 0.0000000000 848.6624755859 0.7101424932 -0.2849237323
52.3758850098 1.2390532494 0.0000000000 0.0000000000 847.0118408203 0.6397705078 -0.2855631113
52.3647689819 1.2579319477 0.0000000000 0.0000000000 845.3745727539 0.6617080569 -0.2861605883
52.3573379517 1.2767730951 0.0000000000 0.0000000000 843.7474975586 0.6668628454 -0.2867652178
52.3528594971 1.2955745459 0.0000000000 0.0000000000 842.1297607422 0.6022534370 -0.2874306142
52.3504676819 1.3143332005 0.0000000000 0.0000000000 840.5331420898 0.5841546655 -0.2880384624
52.3494262695 1.3330491781 0.0000000000 0.0000000000 838.9630126953 0.6329595447 -0.2886863351
52.3487434387 1.3517228365 0.0000000000 0.0000000000 837.4243774414 0.6687660217 -0.2893688083
52.3470458984 1.3703517914 0.0000000000 0.0000000000 835.9196166992 0.6750346422 -0.2899661362
52.3437423706 1.3889402151 0.0000000000 0.0000000000 834.4439086914 0.6839799881 -0.2906523943
52.3381996155 1.4074867964 0.0000000000 0.0000000000 833.0050659180 0.7250567675 -0.2912945151
52.3302650452 1.4259898663 0.0000000000 0.0000000000 831.6315917969 0.7621183395 -0.2919307947
52.3197021484 1.4444470406 0.0000000000 0.0000000000 830.2988281250 0.7657163739 -0.2926059365
52.3062248230 1.4628583193 0.0000000000 0.0000000000 828.9889526367 0.7765196562 -0.2932505608
52.2900733948 1.4812141657 0.0000000000 0.0000000000 827.7282714844 0.8087323308 -0.2939469814
52.2715568542 1.4995080233 0.0000000000 0.0000000000 826.5194091797 0.8021101356 -0.2945713401
52.2510681152 1.5177350044 0.0000000000 0.0000000000 825.3574218750 0.7529930472 -0.2952658534
52.2287483215 1.5358915329 0.0000000000 0.0000000000 824.2265625000 0.7385489345 -0.2958978713
52.2050666809 1.5539767742 0.0000000000 0.0000000000 823.1141967773 0.7568091750 -0.2965776324
52.1802024841 1.5719890594 0.0000000000 0.0000000000 822.0042724609 0.7793245316 -0.2972377539
52.1548690796 1.5899312496 0.0000000000 0.0000000000 820.8832397461 0.7877190709 -0.2978974879
52.1293067932 1.6077878475 0.0000000000 0.0000000000 819.7601318359 0.7695007920 -0.2985568047
52.1039924622 1.6255682707 0.0000000000 0.0000000000 818.6314697266 0.7568828464 -0.2992122769
52.0790634155 1.6432744265 0.0000000000 0.0000000000 817.4865722656 0.7683096528 -0.2998582125
52.0543365479 1.6609038115 0.0000000000 0.0000000000 816.3346557617 0.7494249940 -0.3005163074
52.0298309326 1.6784554720 0.0000000000 0.0000000000 815.1672973633 0.6761691570 -0.3011957109
52.0054359436 1.6959310770 0.0000000000 0.0000000000 813.9882812500 0.6375851631 -0.3018330038
51.9809150696 1.7133302689 0.0000000000 0.0000000000 812.7916259766 0.6682463288 -0.3025274873
51.9560585022 1.7306596041 0.0000000000 0.0000000000 811.5847778320 0.7013419271 -0.3031958044
51.9302635193 1.7479208708 0.0000000000 0.0000000000 810.3468017578 0.7028434873 -0.3038716018
51.9033508301 1.7651147842 0.0000000000 0.0000000000 809.1066284180 0.7022087574 -0.3045832217
51.8749961853 1.7822470665 0.0000000000 0.0000000000 807.8563232422 0.7301404476 -0.3052480817
51.8450965881 1.7993239164 0.0000000000 0.0000000000 806.6132202148 0.8086314797 -0.3059768677
51.8131141663 1.8163518906 0.0000000000 0.0000000000 805.3687744141 0.9444909096 -0.3066554666
51.7786102295 1.8333351612 0.0000000000 0.0000000000 804.1241455078 1.0688129663 -0.3073926568
51.7406578064 1.8502795696 0.0000000000 0.0000000000 802.8861694336 1.1272965670 -0.3081080019
51.6986236572 1.8671789169 0.0000000000 0.0000000000 801.6493530273 1.2233688831 -0.3088728786
51.6520118713 1.8840276003 0.0000000000 0.0000000000 800.4102172852 1.4174077511 -0.3096464574
51.6005821228 1.9008258581 0.0000000000 0.0000000000 799.1897583008 1.5089105368 -0.3104532063
51.5444145203 1.9175679684 0.0000000000 0.0000000000 797.9551391602 1.4875004292 -0.3112781048
51.4836959839 1.9342542887 0.0000000000 0.0000000000 796.7073974609 1.5246053934 -0.3121379614
51.4181518555 1.9508805275 0.0000000000 0.0000000000 795.4754028320 1.5114871264 -0.3130142689
51.3477287292 1.9674373865 0.0000000000 0.0000000000 794.2211914062 1.4520782232 -0.3139327765
51.2718086243 1.9839123487 0.0000000000 0.0000000000 792.8953247070 1.4375669956 -0.3148982525
51.1908721924 2.0002973080 0.0000000000 0.0000000000 791.5526733398 1.4237740040 -0.3158896565
51.1061325073 2.0165736675 0.0000000000 0.0000000000 790.1900634766 1.3641375303 -0.3169175982
51.0189285278 2.0327413082 0.0000000000 0.0000000000 788.8265380859 1.2428313494 -0.3179511726
50.9302635193 2.0487899780 0.0000000000 0.0000000000 787.4545898438 1.2045027018 -0.3190164268
50.8399887085 2.0647144318 0.0000000000 0.0000000000 786.0830078125 1.2854239941 -0.3201013207
50.7470245361 2.0805108547 0.0000000000 0.0000000000 784.7229614258 1.3624579906 -0.3212097883
50.6503028870 2.0961804390 0.0000000000 0.0000000000 783.3941650391 1.4272060394 -0.3223713040
50.5506210327 2.1117172241 0.0000000000 0.0000000000 782.1068115234 1.4789011478 -0.3235341907
50.4478225708 2.1271142960 0.0000000000 0.0000000000 780.8459472656 1.4401283264 -0.3247604072
50.3416137695 2.1423559189 0.0000000000 0.0000000000 779.6283569336 1.3629739285 -0.3259882927
50.2328681946 2.1574413776 0.0000000000 0.0000000000 778.4570312500 1.3568547964 -0.3272718191
50.1239166260 2.1723623276 0.0000000000 0.0000000000 777.3336791992 1.4769704342 -0.3285865784
50.0167236328 2.1871156693 0.0000000000 0.0000000000 776.1951293945 1.4601347446 -0.3298888803
49.9124679565 2.2016916275 0.0000000000 0.0000000000 775.0537719727 1.2076166868 -0.3312404156
49.8122444153 2.2160859108 0.0000000000 0.0000000000 773.9318237305 1.0774307251 -0.3325906396
49.7163352966 2.2303006649 0.0000000000 0.0000000000 772.7978515625 1.1400499344 -0.3339591622
49.6249046326 2.2443437576 0.0000000000 0.0000000000 771.6607666016 1.2168803215 -0.3353568912
49.5378074646 2.2582209110 0.0000000000 0.0000000000 770.5166015625 1.2066067457 -0.3367711902
49.4552803040 2.2719459534 0.0000000000 0.0000000000 769.3876953125 1.2032067776 -0.3381712139
49.3769340515 2.2855317593 0.0000000000 0.0000000000 768.2592163086 1.2562764883 -0.3396138251
49.3023986816 2.2989966869 0.0000000000 0.0000000000 767.0861816406 1.2458392382 -0.3410320878
49.2312011719 2.3123567104 0.0000000000 0.0000000000 765.9529418945 1.1819401979 -0.3424659371
49.1627807617 2.3256347179 0.0000000000 0.0000000000 764.8579101562 1.2189193964 -0.3438848257
49.0969543457 2.3388538361 0.0000000000 0.0000000000 763.8015136719 1.3153250217 -0.3452988863
49.0334396362 2.3520345688 0.0000000000 0.0000000000 762.7677001953 1.3429462910 -0.3466857970
48.9715232849 2.3651952744 0.0000000000 0.0000000000 761.7549438477 1.4464035034 -0.3480646908
48.9108200073 2.3783574104 0.0000000000 0.0000000000 760.7827148438 1.6383013725 -0.3494352698
48.8509902954 2.3915350437 0.0000000000 0.0000000000 759.8186035156 1.7284538746 -0.3507617116
48.7916183472 2.4047467709 0.0000000000 0.0000000000 758.9149780273 1.7825846672 -0.3521093726
48.7319297791 2.4180078506 0.0000000000 0.0000000000 758.0230712891 1.8402103186 -0.3533821106
48.6716461182 2.4313292503 0.0000000000 0.0000000000 757.1513061523 1.8373531103 -0.3546919823
48.6100845337 2.4447298050 0.0000000000 0.0000000000 756.3068237305 1.7641108036 -0.3559291959
48.5477371216 2.4582219124 0.0000000000 0.0000000000 755.5118408203 1.7095097303 -0.3571664393
48.4849929810 2.4718098640 0.0000000000 0.0000000000 754.6337280273 1.7907446623 -0.3583751321
48.4223136902 2.4854993820 0.0000000000 0.0000000000 753.7781372070 1.9641804695 -0.3595508933
48.3599281311 2.4992878437 0.0000000000 0.0000000000 752.8943481445 2.1365172863 -0.3607231379
48.2978820801 2.5131826401 0.0000000000 0.0000000000 751.9771118164 2.2100975513 -0.3618733883
48.2359962463 2.5271832943 0.0000000000 0.0000000000 751.0379028320 2.0743544102 -0.3630068302
48.1735572815 2.5412943363 0.0000000000 0.0000000000 750.0894775391 1.8696895838 -0.3641341031
48.1104049683 2.5555260181 0.0000000000 0.0000000000 749.1502685547 1.8532472849 -0.3652269244
48.0459709167 2.5698757172 0.0000000000 0.0000000000 748.2338867188 2.0279040337 -0.3663317561
47.9802322388 2.5843410492 0.0000000000 0.0000000000 747.3603515625 2.1475996971 -0.3673970997
47.9128417969 2.5989181995 0.0000000000 0.0000000000 746.5081787109 2.0149703026 -0.3684989810
47.8445205688 2.6135902405 0.0000000000 0.0000000000 745.6977539062 1.8875795603 -0.3695429862
47.7750854492 2.6283552647 0.0000000000 0.0000000000 744.9055175781 2.0121803284 -0.3705816269
47.7057304382 2.6432056427 0.0000000000 0.0000000000 744.1485595703 2.1253540516 -0.3715829849
47.6361427307 2.6581401825 0.0000000000 0.0000000000 743.4091186523 2.1641616821 -0.3725379109
47.5671958923 2.6731646061 0.0000000000 0.0000000000 742.6723632812 2.4464211464 -0.3734491467
47.4987945557 2.6882719994 0.0000000000 0.0000000000 741.9228515625 2.8307697773 -0.3743201792
47.4315338135 2.7034623623 0.0000000000 0.0000000000 741.1567993164 2.9065551758 -0.3751634955
47.3648910522 2.7187356949 0.0000000000 0.0000000000 740.3635253906 2.8726081848 -0.3759786487
47.2982406616 2.7340860367 0.0000000000 0.0000000000 739.5438232422 3.0270984173 -0.3768038750
47.2315979004 2.7495315075 0.0000000000 0.0000000000 738.7036132812 3.1375668049 -0.3776034713
47.1634902954 2.7650697231 0.0000000000 0.0000000000 737.8561401367 3.0242705345 -0.3784387112
47.0937690735 2.7807128429 0.0000000000 0.0000000000 736.9965209961 2.8920743465 -0.3792602420
47.0229072571 2.7964584827 0.0000000000 0.0000000000 736.1354370117 2.8049759865 -0.3800934553
46.9505653381 2.8123042583 0.0000000000 0.0000000000 735.2914428711 2.6032233238 -0.3809388578
46.8775405884 2.8282539845 0.0000000000 0.0000000000 734.4695434570 2.3799126148 -0.3817813098
46.8036308289 2.8443129063 0.0000000000 0.0000000000 733.6801147461 2.4420437813 -0.3826264739
46.7296714783 2.8604743481 0.0000000000 0.0000000000 732.9214477539 2.5872273445 -0.3835076988
46.6552085876 2.8767466545 0.0000000000 0.0000000000 732.2038574219 2.5257501602 -0.3843486905
46.5805931091 2.8931429386 0.0000000000 0.0000000000 731.5990600586 2.4866845608 -0.3852466047
46.5058670044 2.9096794128 0.0000000000 0.0000000000 731.0542602539 2.5588791370 -0.3861168623
46.4318656921 2.9263677597 0.0000000000 0.0000000000 730.5688476562 2.6247963905 -0.3870050609
46.3592987061 2.9432165623 0.0000000000 0.0000000000 730.1461181641 2.6784050465 -0.3879049718
46.2885017395 2.9602375031 0.0000000000 0.0000000000 729.7868041992 2.6091616154 -0.3888079524
46.2202682495 2.9774506092 0.0000000000 0.0000000000 729.4822387695 2.4491448402 -0.3897031844
46.1553268433 2.9948632717 0.0000000000 0.0000000000 729.2137451172 2.3753504753 -0.3906048536
46.0935745239 3.0124776363 0.0000000000 0.0000000000 728.9695434570 2.4564819336 -0.3915016651
46.0345802307 3.0303044319 0.0000000000 0.0000000000 728.7410888672 2.6108481884 -0.3923893571
45.9777946472 3.0483498573 0.0000000000 0.0000000000 728.6923828125 2.8622007370 -0.3932682276
45.9230041504 3.0666215420 0.0000000000 0.0000000000 728.2641601562 3.1979706287 -0.3941661119
45.8685417175 3.0851325989 0.0000000000 0.0000000000 727.9933471680 3.4403407574 -0.3950103819
45.8144950867 3.1038830280 0.0000000000 0.0000000000 727.6906738281 3.6409709454 -0.3958935738
45.7602310181 3.1228766441 0.0000000000 0.0000000000 727.3652343750 3.7219467163 -0.3967488706
45.7053184509 3.1421148777 0.0000000000 0.0000000000 727.0501708984 3.4746124744 -0.3975869417
45.6492767334 3.1616079807 0.0000000000 0.0000000000 726.5918579102 3.2178151608 -0.3984476626
45.5919456482 3.1813657284 0.0000000000 0.0000000000 726.1595458984 3.3661744595 -0.3992871642
45.5333824158 3.2013843060 0.0000000000 0.0000000000 725.7015380859 3.6932835579 -0.4001191258
45.4739799500 3.2216463089 0.0000000000 0.0000000000 725.2116088867 3.7891271114 -0.4009823501
45.4136886597 3.2421410084 0.0000000000 0.0000000000 724.7053222656 3.6624510288 -0.4018090963
45.3535346985 3.2628622055 0.0000000000 0.0000000000 724.1584472656 3.6474199295 -0.4026582241
45.2936782837 3.2837946415 0.0000000000 0.0000000000 723.6176757812 3.7525930405 -0.4035078883
45.2348823547 3.3049237728 0.0000000000 0.0000000000 723.1254272461 3.6444370747 -0.4043304324
45.1765785217 3.3262362480 0.0000000000 0.0000000000 722.5605468750 3.4711887836 -0.4051797390
45.1200828552 3.3477344513 0.0000000000 0.0000000000 722.0362548828 3.3852844238 -0.4060033262
45.0652656555 3.3694179058 0.0000000000 0.0000000000 721.5345458984 3.4678728580 -0.4068347514
45.0121421814 3.3912742138 0.0000000000 0.0000000000 721.0388183594 3.6505353451 -0.4076427221
44.9610900879 3.4132924080 0.0000000000 0.0000000000 720.5678100586 3.7848572731 -0.4084781408
44.9114570618 3.4354662895 0.0000000000 0.0000000000 720.1116943359 3.9982419014 -0.4092584550
44.8633384705 3.4577963352 0.0000000000 0.0000000000 719.6741943359 4.0486946106 -0.4100718796
44.8162460327 3.4802775383 0.0000000000 0.0000000000 719.2492675781 3.9598650932 -0.4108601213
44.7698135376 3.5028941631 0.0000000000 0.0000000000 718.8398437500 4.0151534081 -0.4116320908
44.7242240906 3.5256457329 0.0000000000 0.0000000000 718.4454956055 4.0747170448 -0.4124129415
44.6784210205 3.5485210419 0.0000000000 0.0000000000 718.0635375977 4.0319952965 -0.4131805301
44.6320152283 3.5715265274 0.0000000000 0.0000000000 717.6807250977 3.8704664707 -0.4139241874
44.5847511292 3.5946526527 0.0000000000 0.0000000000 717.3078613281 3.7543876171 -0.4146787822
44.5363731384 3.6179044247 0.0000000000 0.0000000000 716.9311523438 3.9256811142 -0.4154161811
44.4868583679 3.6412768364 0.0000000000 0.0000000000 716.5632934570 4.0382719040 -0.4161491990
44.4358978271 3.6647791862 0.0000000000 0.0000000000 716.1951904297 3.8079457283 -0.4168688953
44.3837699890 3.6884102821 0.0000000000 0.0000000000 715.8267822266 3.5660028458 -0.4176130295
44.3307876587 3.7121767998 0.0000000000 0.0000000000 715.4590454102 3.5152130127 -0.4183117449
44.2781867981 3.7360723019 0.0000000000 0.0000000000 715.0999145508 3.5545446873 -0.4190489948
44.2265510559 3.7601037025 0.0000000000 0.0000000000 714.7391967773 3.4618022442 -0.4197490513
44.1760787964 3.7842650414 0.0000000000 0.0000000000 714.3927001953 3.3253097534 -0.4204627275
44.1268577576 3.8085598946 0.0000000000 0.0000000000 714.0501098633 3.2910315990 -0.4211624265
44.0790557861 3.8329851627 0.0000000000 0.0000000000 713.7091674805 3.2720706463 -0.4218598902
44.0329780579 3.8575434685 0.0000000000 0.0000000000 713.3754272461 3.2166221142 -0.4225505292
43.9884109497 3.8822386265 0.0000000000 0.0000000000 713.0436401367 3.0716826916 -0.4232333601
43.9457588196 3.9070656300 0.0000000000 0.0000000000 712.7066040039 3.0059027672 -0.4239081144
43.9044113159 3.9320321083 0.0000000000 0.0000000000 712.3721313477 3.1434276104 -0.4245797694
43.8647041321 3.9571409225 0.0000000000 0.0000000000 712.0272827148 3.2576358318 -0.4252400398
43.8250350952 3.9823825359 0.0000000000 0.0000000000 711.6775512695 3.2954015732 -0.4259058535
43.7850074768 4.0077567101 0.0000000000 0.0000000000 711.3072509766 3.3301725388 -0.4265550375
43.7436676025 4.0332584381 0.0000000000 0.0000000000 710.9258422852 3.4308650494 -0.4272162616
43.7004203796 4.0588779449 0.0000000000 0.0000000000 710.5357666016 3.6629896164 -0.4278599024
43.6544570923 4.0846071243 0.0000000000 0.0000000000 710.1329345703 4.0126729012 -0.4285293818
43.6054916382 4.1104350090 0.0000000000 0.0000000000 709.7105712891 4.4663167000 -0.4291809797
43.5535354614 4.1363358498 0.0000000000 0.0000000000 709.2734375000 4.7612571716 -0.4298597574
43.5000991821 4.1623044014 0.0000000000 0.0000000000 708.8184204102 4.6506361961 -0.4305258393
43.4462242126 4.1883296967 0.0000000000 0.0000000000 708.3541870117 4.3610138893 -0.4312052429
43.3944740295 4.2143931389 0.0000000000 0.0000000000 707.8825073242 4.2266678810 -0.4318902194
43.3459014893 4.2404699326 0.0000000000 0.0000000000 707.3994750977 4.1917119026 -0.4325776696
43.3020286560 4.2665581703 0.0000000000 0.0000000000 706.9180297852 4.0504159927 -0.4332751632
43.2646141052 4.2926673889 0.0000000000 0.0000000000 706.4356079102 3.9943134785 -0.4339696169
43.2341766357 4.3188171387 0.0000000000 0.0000000000 705.9715576172 4.1131134033 -0.4346763194
43.2110786438 4.3450288773 0.0000000000 0.0000000000 705.5094604492 4.0138964653 -0.4353638589
43.1948661804 4.3713235855 0.0000000000 0.0000000000 705.0680541992 3.8335680962 -0.4360609651
43.1845664978 4.3977260590 0.0000000000 0.0000000000 704.6262207031 4.0269360542 -0.4367291629
43.1782073975 4.4242815971 0.0000000000 0.0000000000 704.1939697266 4.3475308418 -0.4374025464
43.1739540100 4.4510264397 0.0000000000 0.0000000000 703.7489624023 4.4444103241 -0.4380316138
43.1693458557 4.4779939651 0.0000000000 0.0000000000 703.2954711914 4.4938745499 -0.4386630952
43.1635437012 4.5051994324 0.0000000000 0.0000000000 702.8214111328 4.6918487549 -0.4392593503
43.1555976868 4.5326509476 0.0000000000 0.0000000000 702.3397827148 4.9633164406 -0.4398120344
43.1457901001 4.5603566170 0.0000000000 0.0000000000 701.8252563477 5.2194051743 -0.4403979480
43.1350784302 4.5882949829 0.0000000000 0.0000000000 701.3068237305 5.5546021461 -0.4408783317
43.1252326965 4.6164546013 0.0000000000 0.0000000000 700.7670898438 6.0699791908 -0.4414190650
43.1181526184 4.6448202133 0.0000000000 0.0000000000 700.2257690430 6.5622000694 -0.4418706000
43.1154251099 4.6733994484 0.0000000000 0.0000000000 699.6841430664 6.6309928894 -0.4423576295
43.1180877686 4.7021923065 0.0000000000 0.0000000000 699.1420898438 6.3029389381 -0.4427717328
43.1269264221 4.7311968803 0.0000000000 0.0000000000 698.6127319336 6.0541720390 -0.4432393909
43.1415863037 4.7604022026 0.0000000000 0.0000000000 698.0819702148 6.0568428040 -0.4435924292
43.1616020203 4.7898077965 0.0000000000 0.0000000000 697.5629272461 6.0646753311 -0.4440494180
43.1846122742 4.8194003105 0.0000000000 0.0000000000 697.0463256836 5.9449548721 -0.4443725348
43.2085418701 4.8491926193 0.0000000000 0.0000000000 696.5208740234 5.7467145920 -0.4447747171
43.2320404053 4.8791923523 0.0000000000 0.0000000000 695.9953002930 5.4782791138 -0.4450991750
43.2546768188 4.9094200134 0.0000000000 0.0000000000 695.4478149414 5.2750797272 -0.4454346597
43.2758903503 4.9398593903 0.0000000000 0.0000000000 694.9047241211 5.2405004501 -0.4457415938
43.2973365784 4.9705014229 0.0000000000 0.0000000000 694.3379516602 5.2545733452 -0.4460483491
43.3196601868 5.0013489723 0.0000000000 0.0000000000 693.7792358398 5.2884526253 -0.4463207424
43.3441810608 5.0323915482 0.0000000000 0.0000000000 693.2108154297 5.3836083412 -0.4466057420
43.3715934753 5.0636024475 0.0000000000 0.0000000000 692.6550292969 5.4681806564 -0.4468615055
43.4023056030 5.0949583054 0.0000000000 0.0000000000 692.0976562500 5.4894313812 -0.4471121132
43.4372253418 5.1264419556 0.0000000000 0.0000000000 691.5491943359 5.5245037079 -0.4473606944
43.4755554199 5.1580705643 0.0000000000 0.0000000000 691.0056152344 5.6544203758 -0.4475901127
43.5158119202 5.1898474693 0.0000000000 0.0000000000 690.4587402344 5.7522344589 -0.4478225410
43.5578460693 5.2217850685 0.0000000000 0.0000000000 689.9118652344 5.5867404938 -0.4480343163
43.5999946594 5.2538881302 0.0000000000 0.0000000000 689.3579101562 5.2310090065 -0.4482570887
43.6408691406 5.2861495018 0.0000000000 0.0000000000 688.7908935547 5.0495514870 -0.4484376907
43.6806755066 5.3185701370 0.0000000000 0.0000000000 688.2160034180 5.0922880173 -0.4486491084
43.7183341980 5.3511366844 0.0000000000 0.0000000000 687.6292724609 5.0778784752 -0.4488151073
43.7553825378 5.3838319778 0.0000000000 0.0000000000 687.0481567383 4.9421992302 -0.4489949644
43.7925300598 5.4166564941 0.0000000000 0.0000000000 686.4635009766 4.8602128029 -0.4491524100
43.8306007385 5.4496002197 0.0000000000 0.0000000000 685.8975830078 4.8961296082 -0.4493037760
43.8706207275 5.4826345444 0.0000000000 0.0000000000 685.3411254883 4.9541530609 -0.4494568706
43.9123725891 5.5157513618 0.0000000000 0.0000000000 684.8041381836 4.9731259346 -0.4495839775
43.9556503296 5.5489230156 0.0000000000 0.0000000000 684.2814941406 5.0828700066 -0.4497350454
43.9999237061 5.5821447372 0.0000000000 0.0000000000 683.7601318359 5.4070267677 -0.4498525858
44.0458641052 5.6154050827 0.0000000000 0.0000000000 683.2554931641 5.8066940308 -0.4499725699
44.0922393799 5.6486768723 0.0000000000 0.0000000000 682.7463378906 6.0766978264 -0.4501099885
44.1382102966 5.6819567680 0.0000000000 0.0000000000 682.2426757812 6.1326184273 -0.4501951933
44.1833496094 5.7152433395 0.0000000000 0.0000000000 681.7335815430 5.9633069038 -0.4503300190
44.2282676697 5.7485342026 0.0000000000 0.0000000000 681.2205810547 5.7207808495 -0.4504229426
44.2721672058 5.7818298340 0.0000000000 0.0000000000 680.6967773438 5.6512641907 -0.4505245686
44.3152313232 5.8151249886 0.0000000000 0.0000000000 680.1717529297 5.8142371178 -0.4506433606
44.3574485779 5.8484153748 0.0000000000 0.0000000000 679.6403198242 6.0341544151 -0.4507193863
44.4003715515 5.8816761971 0.0000000000 0.0000000000 679.1088256836 6.0737972260 -0.4508408308
44.4456939697 5.9149107933 0.0000000000 0.0000000000 678.5938720703 5.8837137222 -0.4509211183
44.4942016602 5.9481406212 0.0000000000 0.0000000000 678.0945434570 5.6719741821 -0.4510324299
44.5457115173 5.9813652039 0.0000000000 0.0000000000 677.6201782227 5.6436586380 -0.4511086941
44.6005020142 6.0145916939 0.0000000000 0.0000000000 677.1610717773 5.8196706772 -0.4512159824
44.6567611694 6.0478157997 0.0000000000 0.0000000000 676.7235107422 6.0862774849 -0.4512828887
44.7135009766 6.0810647011 0.0000000000 0.0000000000 676.2897949219 6.2313690186 -0.4513863325
44.7691650391 6.1143412590 0.0000000000 0.0000000000 675.8706665039 6.1256036758 -0.4514481723
44.8243484497 6.1476435661 0.0000000000 0.0000000000 675.4498901367 5.8819780350 -0.4515426457
44.8784217834 6.1809697151 0.0000000000 0.0000000000 675.0427856445 5.7028865814 -0.4515971541
44.9323539734 6.2143359184 0.0000000000 0.0000000000 674.6367797852 5.6162548065 -0.4516898990
44.9873085022 6.2477555275 0.0000000000 0.0000000000 674.2495727539 5.5226821899 -0.4517389834
45.0440025330 6.2812304497 0.0000000000 0.0000000000 673.8697509766 5.4435148239 -0.4518268406
45.1028900146 6.3147444725 0.0000000000 0.0000000000 673.5137329102 5.5170221329 -0.4518657327
45.1640281677 6.3483018875 0.0000000000 0.0000000000 673.1674194336 5.7363295555 -0.4519482553
45.2264022827 6.3819174767 0.0000000000 0.0000000000 672.8415527344 5.9046535492 -0.4519796669
45.2890281677 6.4156227112 0.0000000000 0.0000000000 672.5252685547 5.8629188538 -0.4520462751
45.3516616821 6.4494137764 0.0000000000 0.0000000000 672.2150878906 5.6409335136 -0.4520723820
45.4132194519 6.4833040237 0.0000000000 0.0000000000 671.9199829102 5.3863697052 -0.4521197081
45.4735984802 6.5173058510 0.0000000000 0.0000000000 671.6173706055 5.2460069656 -0.4521391988
45.5329399109 6.5514225960 0.0000000000 0.0000000000 671.3262939453 5.2693142891 -0.4521755576
45.5932121277 6.5856137276 0.0000000000 0.0000000000 671.0375976562 5.3508973122 -0.4521831870
45.6553649902 6.6198964119 0.0000000000 0.0000000000 670.7625122070 5.3885092735 -0.4522093236
45.7208976746 6.6542849541 0.0000000000 0.0000000000 670.5020141602 5.4373388290 -0.4521974623
45.7880668640 6.6887664795 0.0000000000 0.0000000000 670.2414550781 5.6006674767 -0.4522119164
45.8560562134 6.7233057022 0.0000000000 0.0000000000 669.9877929688 5.8708238602 -0.4521793127
45.9226303101 6.7579116821 0.0000000000 0.0000000000 669.7297973633 6.1309428215 -0.4521774650
45.9878044128 6.7926263809 0.0000000000 0.0000000000 669.4726562500 6.3359098434 -0.4521289468
46.0507011414 6.8274612427 0.0000000000 0.0000000000 669.2062988281 6.5437116623 -0.4521091580
46.1133460999 6.8624057770 0.0000000000 0.0000000000 668.9368286133 6.7873625755 -0.4520394802
46.1765518188 6.8974432945 0.0000000000 0.0000000000 668.6693115234 7.0891370773 -0.4520059228
46.2414932251 6.9325675964 0.0000000000 0.0000000000 668.4062500000 7.5368943214 -0.4519227743
46.3086776733 6.9677548409 0.0000000000 0.0000000000 668.1513671875 8.1065549850 -0.4518734813
46.3777122498 7.0029983521 0.0000000000 0.0000000000 667.9058837891 8.4941329956 -0.4517816603
46.4476394653 7.0383076668 0.0000000000 0.0000000000 667.6464233398 8.3812656403 -0.4517076015
46.5167503357 7.0736665726 0.0000000000 0.0000000000 667.3958129883 7.8376293182 -0.4516006708
46.5854110718 7.1090903282 0.0000000000 0.0000000000 667.1251831055 7.3259067535 -0.4514997900
46.6535987854 7.1446046829 0.0000000000 0.0000000000 666.8654174805 7.2401237488 -0.4513879120
46.7206153870 7.1802005768 0.0000000000 0.0000000000 666.5862426758 7.5253105164 -0.4512433410
46.7853851318 7.2158689499 0.0000000000 0.0000000000 666.3024902344 7.7971897125 -0.4511293769
46.8483085632 7.2515912056 0.0000000000 0.0000000000 666.0009155273 7.8084478378 -0.4509455562
46.9098815918 7.2873444557 0.0000000000 0.0000000000 665.6891479492 7.6552352905 -0.4508024752
46.9725151062 7.3231191635 0.0000000000 0.0000000000 665.3756103516 7.5912847519 -0.4506130815
47.0367469788 7.3589076996 0.0000000000 0.0000000000 665.0625610352 7.7377123833 -0.4504168928
47.1046485901 7.3947281837 0.0000000000 0.0000000000 664.7522583008 7.9836082458 -0.4502209425
47.1757469177 7.4306001663 0.0000000000 0.0000000000 664.4548339844 8.1736669540 -0.4499902725
47.2493324280 7.4665484428 0.0000000000 0.0000000000 664.1585083008 8.2708244324 -0.4497523606
47.3228225708 7.5025930405 0.0000000000 0.0000000000 663.8599243164 8.2597045898 -0.4495176375
47.3934974670 7.5387511253 0.0000000000 0.0000000000 663.5493164062 8.1316423416 -0.4492348433
47.4598121643 7.5750265121 0.0000000000 0.0000000000 663.2214355469 7.9264960289 -0.4489814639
47.5217590332 7.6114134789 0.0000000000 0.0000000000 662.8777465820 7.5997056961 -0.4486820698
47.5807037354 7.6478905678 0.0000000000 0.0000000000 662.5200195312 7.1693973541 -0.4483856261
47.6369819641 7.6844553947 0.0000000000 0.0000000000 662.1501464844 6.9058952332 -0.4480779767
47.6930046082 7.7211365700 0.0000000000 0.0000000000 661.7710571289 6.9794993401 -0.4477478564
47.7503547668 7.7579569817 0.0000000000 0.0000000000 661.3879394531 7.1399297714 -0.4474239647
47.8117561340 7.7949194908 0.0000000000 0.0000000000 660.9993896484 7.0856156349 -0.4470732510
47.8765296936 7.8320150375 0.0000000000 0.0000000000 660.6130981445 6.9373855591 -0.4467421472
47.9434509277 7.8692755699 0.0000000000 0.0000000000 660.2155761719 6.9687423706 -0.4463753104
48.0098342896 7.9067096710 0.0000000000 0.0000000000 659.8182373047 7.1111102104 -0.4460226297
48.0741653442 7.9443373680 0.0000000000 0.0000000000 659.4029541016 7.0639743805 -0.4456443489
48.1315536499 7.9821600914 0.0000000000 0.0000000000 658.9749145508 6.7765188217 -0.4452635050
48.1834449768 8.0201511383 0.0000000000 0.0000000000 658.5300903320 6.5417642593 -0.4448781013
48.2275276184 8.0583028793 0.0000000000 0.0000000000 658.0711059570 6.5734763145 -0.4444760680
48.2685394287 8.0965938568 0.0000000000 0.0000000000 657.6010131836 6.8242483139 -0.4440710843
48.3093452454 8.1349964142 0.0000000000 0.0000000000 657.1286621094 7.1305303574 -0.4436590970
48.3538665771 8.1735057831 0.0000000000 0.0000000000 656.6671752930 7.3893866539 -0.4432329237
48.4020538330 8.2121467590 0.0000000000 0.0000000000 656.2140502930 7.5535049438 -0.4428181648
48.4529075623 8.2509326935 0.0000000000 0.0000000000 655.7677001953 7.6183476448 -0.4423753023
48.5028877258 8.2899112701 0.0000000000 0.0000000000 655.3218383789 7.6586294174 -0.4419587851
48.5486564636 8.3290615082 0.0000000000 0.0000000000 654.8521118164 7.7101564407 -0.4415016770
48.5895271301 8.3683423996 0.0000000000 0.0000000000 654.3766479492 7.7287197113 -0.4410803914
48.6253585815 8.4077348709 0.0000000000 0.0000000000 653.8859863281 7.6841850281 -0.4406191409
48.6565971375 8.4472188950 0.0000000000 0.0000000000 653.3866577148 7.5676221848 -0.4401927292
48.6850471497 8.4867658615 0.0000000000 0.0000000000 652.8825073242 7.3705286980 -0.4397358596
48.7113189697 8.5263175964 0.0000000000 0.0000000000 652.3688354492 7.1376910210 -0.4393101931
48.7385139465 8.5658254623 0.0000000000 0.0000000000 651.8624877930 7.0070528984 -0.4388623536
48.7650184631 8.6052732468 0.0000000000 0.0000000000 651.3552856445 7.0945835114 -0.4384456575
48.7914886475 8.6446580887 0.0000000000 0.0000000000 650.8508911133 7.3740730286 -0.4380079210
48.8168830872 8.6839990616 0.0000000000 0.0000000000 650.3507080078 7.7919816971 -0.4375997782
48.8429489136 8.7232561111 0.0000000000 0.0000000000 649.8550415039 8.1902570724 -0.4371752739
48.8683662415 8.7623968124 0.0000000000 0.0000000000 649.3637084961 8.2769422531 -0.4367713928
48.8915519714 8.8014354706 0.0000000000 0.0000000000 648.8697509766 7.9576463699 -0.4363677502
48.9122886658 8.8403692245 0.0000000000 0.0000000000 648.3767700195 7.5631828308 -0.4359722733
48.9310874939 8.8791685104 0.0000000000 0.0000000000 647.8867187500 7.4735255241 -0.4355996251
48.9481163025 8.9178285599 0.0000000000 0.0000000000 647.3949584961 7.6923532486 -0.4352151752
48.9645347595 8.9563522339 0.0000000000 0.0000000000 646.9108886719 8.1281967163 -0.4348758757
48.9825706482 8.9947080612 0.0000000000 0.0000000000 646.4244995117 8.5215139389 -0.4344987273
49.0018043518 9.0329084396 0.0000000000 0.0000000000 645.9509887695 8.5034933090 -0.4341846704
49.0209350586 9.0709571838 0.0000000000 0.0000000000 645.4754028320 8.1703596115 -0.4338304996
49.0377845764 9.1088609695 0.0000000000 0.0000000000 645.0108032227 7.9160513878 -0.4335262775
49.0490798950 9.1466541290 0.0000000000 0.0000000000 644.5387573242 7.8682832718 -0.4332059026
49.0555381775 9.1843109131 0.0000000000 0.0000000000 644.0762329102 7.9641036987 -0.4329141676
49.0583381653 9.2218236923 0.0000000000 0.0000000000 643.6083374023 8.0981645584 -0.4326265156
49.0602416992 9.2591915131 0.0000000000 0.0000000000 643.1488647461 8.2356128693 -0.4323540330
49.0637969971 9.2964115143 0.0000000000 0.0000000000 642.6975708008 8.5056304932 -0.4320968091
49.0728988647 9.3334875107 0.0000000000 0.0000000000 642.2677001953 8.9480447769 -0.4318496287
49.0888595581 9.3704109192 0.0000000000 0.0000000000 641.8569335938 9.3780174255 -0.4316083491
49.1071815491 9.4072360992 0.0000000000 0.0000000000 641.4556274414 9.6404151917 -0.4313884974
49.1228828430 9.4439592361 0.0000000000 0.0000000000 641.0549926758 9.6809911728 -0.4311603904
49.1310768127 9.4806222916 0.0000000000 0.0000000000 640.6449584961 9.4766693115 -0.4309606850
49.1313247681 9.5171823502 0.0000000000 0.0000000000 640.2261352539 9.1278324127 -0.4307574928
49.1271095276 9.5536279678 0.0000000000 0.0000000000 639.8021240234 8.8444423676 -0.4305773973
49.1232032776 9.5899820328 0.0000000000 0.0000000000 639.3858642578 8.7170314789 -0.4303933382
49.1214904785 9.6262168884 0.0000000000 0.0000000000 638.9730224609 8.6914901733 -0.4302299619
49.1214790344 9.6623592377 0.0000000000 0.0000000000 638.5680541992 8.7046918869 -0.4300640821
49.1206321716 9.6984081268 0.0000000000 0.0000000000 638.1605834961 8.7052841187 -0.4299154282
49.1191749573 9.7343873978 0.0000000000 0.0000000000 637.7613525391 8.6541967392 -0.4297791719
49.1140480042 9.7702827454 0.0000000000 0.0000000000 637.3540039062 8.5670719147 -0.4296392202
49.1064758301 9.8060522079 0.0000000000 0.0000000000 636.9552001953 8.4887771606 -0.4295364916
49.0999221802 9.8416824341 0.0000000000 0.0000000000 636.5645141602 8.4336795807 -0.4294065535
49.0988464355 9.8771791458 0.0000000000 0.0000000000 636.2068481445 8.3544492722 -0.4293212295
49.1038627625 9.9125757217 0.0000000000 0.0000000000 635.8713378906 8.2405214310 -0.4292120636
49.1158714294 9.9479122162 0.0000000000 0.0000000000 635.5700683594 8.1692123413 -0.4291277826
49.1318931580 9.9832305908 0.0000000000 0.0000000000 635.2908935547 8.1741437912 -0.4290365577
49.1490631104 10.0185852051 0.0000000000 0.0000000000 635.0289916992 8.1563444138 -0.4289601445
49.1635971069 10.0539970398 0.0000000000 0.0000000000 634.7748413086 7.9681043625 -0.4288721681
49.1744766235 10.0894641876 0.0000000000 0.0000000000 634.5166625977 7.5962038040 -0.4288147986
49.1863670349 10.1249437332 0.0000000000 0.0000000000 634.2682495117 7.2489738464 -0.4287286401
49.2038269043 10.1603908539 0.0000000000 0.0000000000 634.0106201172 7.1888046265 -0.4286912382
49.2250137329 10.1958341599 0.0000000000 0.0000000000 633.7557373047 7.5149564743 -0.4286173880
49.2483406067 10.2313337326 0.0000000000 0.0000000000 633.4815673828 7.9926314354 -0.4285851121
49.2697563171 10.2669076920 0.0000000000 0.0000000000 633.2012329102 8.2734975815 -0.4285330176
49.2883758545 10.3025159836 0.0000000000 0.0000000000 632.9085083008 8.3401260376 -0.4285015166
49.3018913269 10.3381185532 0.0000000000 0.0000000000 632.6042480469 8.3576679230 -0.4284731448
49.3129653931 10.3737106323 0.0000000000 0.0000000000 632.3001708984 8.4449806213 -0.4284544885
49.3224716187 10.4092941284 0.0000000000 0.0000000000 631.9843139648 8.6862258911 -0.4284510314
49.3337097168 10.4448242188 0.0000000000 0.0000000000 631.6785888672 9.0662126541 -0.4284606576
49.3505325317 10.4802932739 0.0000000000 0.0000000000 631.3812255859 9.4784088135 -0.4284754097
49.3743972778 10.5157070160 0.0000000000 0.0000000000 631.1020507812 9.7420053482 -0.4285033941
49.4054603577 10.5510873795 0.0000000000 0.0000000000 630.8566894531 9.8051805496 -0.4285404384
49.4401321411 10.5864744186 0.0000000000 0.0000000000 630.6279296875 9.8760757446 -0.4285755157
49.4749832153 10.6218624115 0.0000000000 0.0000000000 630.4224243164 10.1308774948 -0.4286241531
49.5093460083 10.6572914124 0.0000000000 0.0000000000 630.2202758789 10.5864267349 -0.4286637902
49.5413093567 10.6928024292 0.0000000000 0.0000000000 630.0186767578 11.1539487839 -0.4287064672
49.5704574585 10.7283582687 0.0000000000 0.0000000000 629.8128051758 11.6459655762 -0.4287269115
49.5946578979 10.7639389038 0.0000000000 0.0000000000 629.5853271484 11.9036512375 -0.4287776053
49.6135292053 10.7995243073 0.0000000000 0.0000000000 629.3427124023 11.9530630112 -0.4287794828
49.6258697510 10.8350906372 0.0000000000 0.0000000000 629.0637817383 11.9531602859 -0.4288280308
49.6337738037 10.8706045151 0.0000000000 0.0000000000 628.7710571289 12.0584058762 -0.4288370609
49.6390037537 10.9059925079 0.0000000000 0.0000000000 628.4578857422 12.3903884888 -0.4288684130
49.6446380615 10.9412136078 0.0000000000 0.0000000000 628.1469726562 12.9369916916 -0.4288930297
49.6500740051 10.9762296677 0.0000000000 0.0000000000 627.8515625000 13.4509668350 -0.4289196134
49.6576080322 11.0110197067 0.0000000000 0.0000000000 627.5736083984 13.6340322495 -0.4289553165
49.6668663025 11.0455722809 0.0000000000 0.0000000000 627.3312377930 13.4322566986 -0.4289903343
49.6761436462 11.0798940659 0.0000000000 0.0000000000 627.1032104492 13.0364742279 -0.4290426075
49.6876907349 11.1140050888 0.0000000000 0.0000000000 626.8981933594 12.6633691788 -0.4290961027
49.6993179321 11.1479129791 0.0000000000 0.0000000000 626.7008056641 12.3840274811 -0.4291699231
49.7103347778 11.1815900803 0.0000000000 0.0000000000 626.4995727539 12.0870351791 -0.4292415380
49.7194633484 11.2150440216 0.0000000000 0.0000000000 626.2882690430 11.6453580856 -0.4293472469
49.7280769348 11.2482948303 0.0000000000 0.0000000000 626.0631103516 11.0722703934 -0.4294473827
49.7362174988 11.2813158035 0.0000000000 0.0000000000 625.8413696289 10.4438934326 -0.4295839071
49.7461013794 11.3140926361 0.0000000000 0.0000000000 625.6074218750 9.8216571808 -0.4297254086
49.7572441101 11.3466539383 0.0000000000 0.0000000000 625.3811035156 9.3021821976 -0.4298939705
49.7664184570 11.3790531158 0.0000000000 0.0000000000 625.1638183594 9.0293998718 -0.4300620556
49.7727851868 11.4112987518 0.0000000000 0.0000000000 624.9637451172 9.0441503525 -0.4302617013
49.7781944275 11.4433841705 0.0000000000 0.0000000000 624.8007202148 9.1627359390 -0.4304461479
49.7876510620 11.4753227234 0.0000000000 0.0000000000 624.6589355469 9.1431226730 -0.4306629002
49.8021087646 11.5071954727 0.0000000000 0.0000000000 624.5462646484 8.9383459091 -0.4308677018
49.8218078613 11.5390281677 0.0000000000 0.0000000000 624.4479980469 8.6670694351 -0.4310881197
49.8421096802 11.5708541870 0.0000000000 0.0000000000 624.3334350586 8.4492454529 -0.4313059449
49.8585319519 11.6026973724 0.0000000000 0.0000000000 624.2139892578 8.3509559631 -0.4315236509
49.8680953979 11.6345586777 0.0000000000 0.0000000000 624.0629882812 8.3930511475 -0.4317489564
49.8725509644 11.6664180756 0.0000000000 0.0000000000 623.9051513672 8.5523157120 -0.4319618642
49.8753433228 11.6983423233 0.0000000000 0.0000000000 623.7221679688 8.7984409332 -0.4321900606
49.8812446594 11.7302999496 0.0000000000 0.0000000000 623.5464477539 9.0460977554 -0.4324064255
49.8917655945 11.7623281479 0.0000000000 0.0000000000 623.3811645508 9.1096553802 -0.4326380193
49.9071464539 11.7944126129 0.0000000000 0.0000000000 623.2522583008 9.0024795532 -0.4328556061
49.9241561890 11.8265600204 0.0000000000 0.0000000000 623.1437377930 8.9808616638 -0.4330775738
49.9405174255 11.8587598801 0.0000000000 0.0000000000 623.0474853516 9.1192760468 -0.4332863986
49.9529075623 11.8910388947 0.0000000000 0.0000000000 622.9599609375 9.2592506409 -0.4334825277
49.9595298767 11.9234104156 0.0000000000 0.0000000000 622.8605957031 9.4042844772 -0.4336820245
49.9601478577 11.9558687210 0.0000000000 0.0000000000 622.7547607422 9.8281316757 -0.4338509440
49.9589538574 11.9883985519 0.0000000000 0.0000000000 622.6376953125 10.5721454620 -0.4340200722
49.9606132507 12.0209560394 0.0000000000 0.0000000000 622.5168457031 11.2918968201 -0.4341705739
49.9649200439 12.0535354614 0.0000000000 0.0000000000 622.3914184570 11.6569089890 -0.4343079329
49.9718170166 12.0861463547 0.0000000000 0.0000000000 622.2705078125 11.6364326477 -0.4344449043
49.9769363403 12.1188325882 0.0000000000 0.0000000000 622.1550292969 11.3743295670 -0.4345530868
49.9764595032 12.1515979767 0.0000000000 0.0000000000 622.0555419922 11.0368146896 -0.4346769154
49.9752197266 12.1844091415 0.0000000000 0.0000000000 621.9539794922 10.8426532745 -0.4347563386
49.9745178223 12.2173118591 0.0000000000 0.0000000000 621.8608398438 10.9267530441 -0.4348595440
49.9785003662 12.2502670288 0.0000000000 0.0000000000 621.7706298828 11.2276086807 -0.4349301159
49.9846000671 12.2832870483 0.0000000000 0.0000000000 621.6817016602 11.6087598801 -0.4350177944
49.9898414612 12.3163995743 0.0000000000 0.0000000000 621.6080932617 11.9821529388 -0.4350732863
49.9920768738 12.3496751785 0.0000000000 0.0000000000 621.5437622070 12.3048248291 -0.4351422787
49.9918174744 12.3831157684 0.0000000000 0.0000000000 621.4879150391 12.5825080872 -0.4351793528
49.9919700623 12.4167003632 0.0000000000 0.0000000000 621.4227294922 12.8036193848 -0.4352079630
49.9942626953 12.4504337311 0.0000000000 0.0000000000 621.3414306641 12.8708286285 -0.4352197051
49.9955444336 12.4843502045 0.0000000000 0.0000000000 621.2482910156 12.7358188629 -0.4352181256
49.9918174744 12.5184421539 0.0000000000 0.0000000000 621.1485595703 12.5498561859 -0.4352145195
49.9861297607 12.5527038574 0.0000000000 0.0000000000 621.0469360352 12.5189695358 -0.4351923466
49.9813613892 12.5871009827 0.0000000000 0.0000000000 620.9509277344 12.6607799530 -0.4351756275
49.9778747559 12.6216030121 0.0000000000 0.0000000000 620.8618774414 12.7883777618 -0.4351473451
49.9782180786 12.6561937332 0.0000000000 0.0000000000 620.7781372070 12.6883668900 -0.4351230860
49.9823150635 12.6908674240 0.0000000000 0.0000000000 620.7011108398 12.3199911118 -0.4350946546
49.9868850708 12.7256212234 0.0000000000 0.0000000000 620.6258544922 11.8582372665 -0.4350657463
49.9916343689 12.7604246140 0.0000000000 0.0000000000 620.5605468750 11.4993753433 -0.4350405931
49.9974479675 12.7952423096 0.0000000000 0.0000000000 620.4796142578 11.2872571945 -0.4350045919
50.0045890808 12.8301210403 0.0000000000 0.0000000000 620.3826293945 11.1662273407 -0.4349861145
50.0102844238 12.8650722504 0.0000000000 0.0000000000 620.2614746094 11.1230335236 -0.4349524379
50.0120544434 12.9001588821 0.0000000000 0.0000000000 620.1241455078 11.1329784393 -0.4349365234
50.0121536255 12.9353733063 0.0000000000 0.0000000000 619.9827880859 10.9808692932 -0.4349071980
50.0115013123 12.9706783295 0.0000000000 0.0000000000 619.8447875977 10.6510124207 -0.4348871410
50.0152702332 13.0060434341 0.0000000000 0.0000000000 619.7194824219 10.4758386612 -0.4348693490
50.0236587524 13.0414695740 0.0000000000 0.0000000000 619.5899658203 10.5021286011 -0.4348482192
50.0360069275 13.0769767761 0.0000000000 0.0000000000 619.4746704102 10.4762411118 -0.4348531961
50.0476455688 13.1125946045 0.0000000000 0.0000000000 619.3619995117 10.3216657639 -0.4348415136
50.0592918396 13.1483364105 0.0000000000 0.0000000000 619.2599487305 10.1732559204 -0.4348489642
50.0682754517 13.1841678619 0.0000000000 0.0000000000 619.1341552734 10.0888757706 -0.4348190427
50.0765228271 13.2200860977 0.0000000000 0.0000000000 619.0034179688 9.9722194672 -0.4348446131
50.0853233337 13.2560853958 0.0000000000 0.0000000000 618.8369750977 9.7522106171 -0.4348312318
50.0989494324 13.2922143936 0.0000000000 0.0000000000 618.6714477539 9.4827394485 -0.4348325133
50.1147422791 13.3285017014 0.0000000000 0.0000000000 618.4901123047 9.2120876312 -0.4348403215
50.1333351135 13.3649654388 0.0000000000 0.0000000000 618.3223876953 8.9465932846 -0.4348192215
50.1507911682 13.4016256332 0.0000000000 0.0000000000 618.1717529297 8.8191432953 -0.4348219037
50.1661148071 13.4385032654 0.0000000000 0.0000000000 618.0412597656 8.8879880905 -0.4348009527
50.1802520752 13.4755659103 0.0000000000 0.0000000000 617.9375000000 9.1368274689 -0.4347888827
50.1926689148 13.5127754211 0.0000000000 0.0000000000 617.8430786133 9.6414604187 -0.4347666204
50.2074546814 13.5501146317 0.0000000000 0.0000000000 617.7457885742 10.2696037292 -0.4347411990
50.2278709412 13.5875606537 0.0000000000 0.0000000000 617.6255493164 10.7167663574 -0.4347258806
50.2510452271 13.6250791550 0.0000000000 0.0000000000 617.4810180664 10.9428577423 -0.4346965849
50.2731323242 13.6626873016 0.0000000000 0.0000000000 617.3175659180 11.1860456467 -0.4346848726
50.2909774780 13.7003927231 0.0000000000 0.0000000000 617.1402587891 11.5587263107 -0.4346557558
50.3044204712 13.7382297516 0.0000000000 0.0000000000 616.9800415039 11.8974323273 -0.4346489906
50.3176116943 13.7761917114 0.0000000000 0.0000000000 616.8381347656 12.0307893753 -0.4346221387
50.3344841003 13.8142652512 0.0000000000 0.0000000000 616.7297363281 12.0004854202 -0.4346281588
50.3567848206 13.8524417877 0.0000000000 0.0000000000 616.6415405273 11.9503650665 -0.4346160889
50.3806724548 13.8907098770 0.0000000000 0.0000000000 616.5715332031 12.0044279099 -0.4346349537
50.4054794312 13.9290599823 0.0000000000 0.0000000000 616.5144653320 12.2328510284 -0.4346509278
50.4279670715 13.9674720764 0.0000000000 0.0000000000 616.4370727539 12.6174917221 -0.4346835017
50.4494285583 14.0059509277 0.0000000000 0.0000000000 616.3423461914 13.0678052902 -0.4347172976
50.4690818787 14.0445041656 0.0000000000 0.0000000000 616.2257690430 13.4951143265 -0.4347724915
50.4912376404 14.0831480026 0.0000000000 0.0000000000 616.0907592773 13.8639326096 -0.4348146021
50.5155487061 14.1219539642 0.0000000000 0.0000000000 615.9483642578 14.1622953415 -0.4348816872
50.5369529724 14.1609210968 0.0000000000 0.0000000000 615.8029174805 14.3854513168 -0.4349241853
50.5548210144 14.2000675201 0.0000000000 0.0000000000 615.6950073242 14.5819454193 -0.4349838793
50.5674362183 14.2393550873 0.0000000000 0.0000000000 615.6214599609 14.8305664062 -0.4350347519
50.5858421326 14.2787675858 0.0000000000 0.0000000000 615.5993652344 15.1479492188 -0.4350837171
50.6124153137 14.3183040619 0.0000000000 0.0000000000 615.5757446289 15.4416227341 -0.4351533055
50.6473045349 14.3579587936 0.0000000000 0.0000000000 615.5551147461 15.5194377899 -0.4351969361
50.6810722351 14.3977165222 0.0000000000 0.0000000000 615.5082397461 15.2284097672 -0.4352782965
50.7096099854 14.4375658035 0.0000000000 0.0000000000 615.4423828125 14.5883407593 -0.4353272021
50.7300643921 14.4775257111 0.0000000000 0.0000000000 615.3449707031 13.7647256851 -0.4354145527
50.7431564331 14.5176095963 0.0000000000 0.0000000000 615.2407836914 13.0000228882 -0.4354711473
50.7575607300 14.5578393936 0.0000000000 0.0000000000 615.1284790039 12.5145816803 -0.4355706275
50.7806854248 14.5982341766 0.0000000000 0.0000000000 615.0347900391 12.3614387512 -0.4356239140
50.8079948425 14.6387615204 0.0000000000 0.0000000000 614.9664916992 12.4103937149 -0.4357259572
50.8351097107 14.6794509888 0.0000000000 0.0000000000 614.9241943359 12.4780521393 -0.4357924759
50.8593826294 14.7202930450 0.0000000000 0.0000000000 614.9085083008 12.4518251419 -0.4358866215
50.8811721802 14.7612733841 0.0000000000 0.0000000000 614.9200439453 12.2897148132 -0.4359748960
50.9061317444 14.8023586273 0.0000000000 0.0000000000 614.9328002930 12.0082798004 -0.4360546470
50.9363899231 14.8435754776 0.0000000000 0.0000000000 614.9421386719 11.6706256866 -0.4361497164
50.9652519226 14.8849134445 0.0000000000 0.0000000000 614.9210815430 11.3434495926 -0.4362259805
50.9905242920 14.9264268875 0.0000000000 0.0000000000 614.8804321289 11.0905551910 -0.4363097250
51.0082588196 14.9681453705 0.0000000000 0.0000000000 614.8192138672 10.9452104568 -0.4363963902
51.0206947327 15.0100774765 0.0000000000 0.0000000000 614.7615356445 10.8691797256 -0.4364540577
51.0342788696 15.0522394180 0.0000000000 0.0000000000 614.7202758789 10.8448381424 -0.4365366399
51.0534057617 15.0946302414 0.0000000000 0.0000000000 614.6987304688 10.8603420258 -0.4365813434
51.0809211731 15.1372566223 0.0000000000 0.0000000000 614.6852416992 10.8426208496 -0.4366532564
51.1087226868 15.1801195145 0.0000000000 0.0000000000 614.6793212891 10.7715301514 -0.4366987646
51.1316680908 15.2232265472 0.0000000000 0.0000000000 614.6594848633 10.7471799850 -0.4367592335
51.1470527649 15.2665824890 0.0000000000 0.0000000000 614.6413574219 10.8691787720 -0.4368019700
51.1613464355 15.3101921082 0.0000000000 0.0000000000 614.6001586914 11.1146297455 -0.4368564188
51.1783332825 15.3540735245 0.0000000000 0.0000000000 614.5551147461 11.3903951645 -0.4368885159
51.1957015991 15.3982162476 0.0000000000 0.0000000000 614.4948120117 11.6318988800 -0.4369383454
51.2138290405 15.4426412582 0.0000000000 0.0000000000 614.4362182617 11.8574113846 -0.4369626343
51.2309532166 15.4873313904 0.0000000000 0.0000000000 614.3721923828 12.1459751129 -0.4370213747
51.2511711121 15.5322999954 0.0000000000 0.0000000000 614.3238525391 12.5492401123 -0.4370412230
51.2723846436 15.5774908066 0.0000000000 0.0000000000 614.2838745117 13.0126495361 -0.4371075034
51.2973213196 15.6229209900 0.0000000000 0.0000000000 614.2560424805 13.3950529099 -0.4371300936
51.3189086914 15.6685743332 0.0000000000 0.0000000000 614.2250976562 13.6044034958 -0.4371908605
51.3350257874 15.7144832611 0.0000000000 0.0000000000 614.1947021484 13.6989622116 -0.4372292459
51.3457221985 15.7606449127 0.0000000000 0.0000000000 614.1418457031 13.8172769547 -0.4372771084
51.3572082520 15.8070592880 0.0000000000 0.0000000000 614.0615234375 14.0441083908 -0.4373339117
51.3716697693 15.8537349701 0.0000000000 0.0000000000 613.9520874023 14.3250627518 -0.4373827577
51.3839874268 15.9006786346 0.0000000000 0.0000000000 613.8419799805 14.5073575974 -0.4374480844
51.3916549683 15.9479045868 0.0000000000 0.0000000000 613.7265625000 14.5260829926 -0.4374947548
51.4014396667 15.9953966141 0.0000000000 0.0000000000 613.6311645508 14.4649639130 -0.4375541508
51.4168586731 16.0431518555 0.0000000000 0.0000000000 613.5411987305 14.3745231628 -0.4376118183
51.4347190857 16.0911502838 0.0000000000 0.0000000000 613.4668579102 14.2493877411 -0.4376620650
51.4460067749 16.1393928528 0.0000000000 0.0000000000 613.3995971680 14.2219953537 -0.4377279282
51.4523658752 16.1878471375 0.0000000000 0.0000000000 613.3389892578 14.5029582977 -0.4377886653
51.4553756714 16.2364826202 0.0000000000 0.0000000000 613.2692260742 14.9915466309 -0.4378511310
51.4568519592 16.2852878571 0.0000000000 0.0000000000 613.1848754883 15.1116867065 -0.4379234314
51.4646682739 16.3342552185 0.0000000000 0.0000000000 613.0642089844 14.4741001129 -0.4380109012
51.4762611389 16.3834075928 0.0000000000 0.0000000000 612.9201049805 13.5359487534 -0.4380922318
51.4860877991 16.4327125549 0.0000000000 0.0000000000 612.7615966797 12.8950099945 -0.4381987453
51.4896888733 16.4821491241 0.0000000000 0.0000000000 612.6108398438 12.6291227341 -0.4382975101
51.4907760620 16.5317249298 0.0000000000 0.0000000000 612.4785766602 12.7144708633 -0.4384165406
51.4958457947 16.5814456940 0.0000000000 0.0000000000 612.3732910156 13.0451507568 -0.4385471940
51.5118789673 16.6312942505 0.0000000000 0.0000000000 612.2633056641 13.2775459290 -0.4386850297
51.5319404602 16.6812725067 0.0000000000 0.0000000000 612.1430053711 13.1885089874 -0.4388498664
51.5485458374 16.7313957214 0.0000000000 0.0000000000 611.9893188477 13.0432024002 -0.4389965534
51.5539703369 16.7816619873 0.0000000000 0.0000000000 611.8056030273 13.1822748184 -0.4391787648
51.5480270386 16.8320980072 0.0000000000 0.0000000000 611.5935058594 13.4868259430 -0.4393385947
51.5447616577 16.8826332092 0.0000000000 0.0000000000 611.3618164062 13.6862106323 -0.4395343065
51.5516090393 16.9333019257 0.0000000000 0.0000000000 611.1263427734 13.6944751740 -0.4397149384
51.5693397522 16.9840984344 0.0000000000 0.0000000000 610.9041137695 13.4701023102 -0.4399265945
51.5921936035 17.0350322723 0.0000000000 0.0000000000 610.7006835938 13.1239948273 -0.4401251674
51.6067428589 17.0860748291 0.0000000000 0.0000000000 610.4930419922 12.9726514816 -0.4403508604
51.6107521057 17.1372356415 0.0000000000 0.0000000000 610.2907714844 13.2296447754 -0.4405776858
51.6165161133 17.1884670258 0.0000000000 0.0000000000 610.0588989258 13.7927589417 -0.4408034384
51.6324920654 17.2397556305 0.0000000000 0.0000000000 609.8187866211 14.3490753174 -0.4410708547
51.6578483582 17.2911071777 0.0000000000 0.0000000000 609.5612182617 14.7327423096 -0.4412923753
51.6849937439 17.3425388336 0.0000000000 0.0000000000 609.2955322266 15.0399188995 -0.4415827096
51.7087631226 17.3940963745 0.0000000000 0.0000000000 609.0267333984 15.3905582428 -0.4418236315
51.7288894653 17.4457454681 0.0000000000 0.0000000000 608.7680664062 15.8389387131 -0.4421145618
51.7486991882 17.4975185394 0.0000000000 0.0000000000 608.5233764648 16.4064292908 -0.4423879683
51.7791099548 17.5493850708 0.0000000000 0.0000000000 608.2775878906 16.9794845581 -0.4426861405
51.8165168762 17.6013355255 0.0000000000 0.0000000000 608.0308837891 17.3798217773 -0.4429758191
51.8513031006 17.6533832550 0.0000000000 0.0000000000 607.7646484375 17.5491065979 -0.4432915449
51.8772811890 17.7055339813 0.0000000000 0.0000000000 607.4917602539 17.4978313446 -0.4435938597
51.9022521973 17.7577743530 0.0000000000 0.0000000000 607.2069702148 17.2449264526 -0.4439291656
51.9322166443 17.8100738525 0.0000000000 0.0000000000 606.9327392578 16.8936386108 -0.4442440569
51.9711380005 17.8624286652 0.0000000000 0.0000000000 606.6607055664 16.5936298370 -0.4445947111
52.0093917847 17.9148445129 0.0000000000 0.0000000000 606.3953857422 16.3924674988 -0.4449265301
52.0422744751 17.9673137665 0.0000000000 0.0000000000 606.1243896484 16.1787204742 -0.4452823997
52.0720672607 18.0198383331 0.0000000000 0.0000000000 605.8435668945 15.8826417923 -0.4456371069
52.1028099060 18.0723953247 0.0000000000 0.0000000000 605.5618286133 15.5890483856 -0.4460120797
52.1359596252 18.1250152588 0.0000000000 0.0000000000 605.2772827148 15.3907423019 -0.4463799596
52.1761817932 18.1776752472 0.0000000000 0.0000000000 605.0067749023 15.2583360672 -0.4467807710
52.2151947021 18.2304172516 0.0000000000 0.0000000000 604.7408447266 15.0936908722 -0.4471627772
52.2551689148 18.2832012177 0.0000000000 0.0000000000 604.4706420898 14.8529634476 -0.4475947022
52.2946090698 18.3360137939 0.0000000000 0.0000000000 604.1890258789 14.5500116348 -0.4480139613
52.3367881775 18.3888854980 0.0000000000 0.0000000000 603.8933105469 14.2589359283 -0.4484759569
52.3777351379 18.4418182373 0.0000000000 0.0000000000 603.5963745117 14.1464929581 -0.4489479065
52.4162712097 18.4948291779 0.0000000000 0.0000000000 603.3023681641 14.3024616241 -0.4494413733
52.4600257874 18.5479259491 0.0000000000 0.0000000000 603.0289916992 14.4911565781 -0.4499558806
52.5153160095 18.6011066437 0.0000000000 0.0000000000 602.7720947266 14.3248872757 -0.4504520893
52.5843124390 18.6543731689 0.0000000000 0.0000000000 602.5238647461 13.6612176895 -0.4509912431
52.6524085999 18.7077407837 0.0000000000 0.0000000000 602.2716674805 12.7171010971 -0.4514914453
52.7110900879 18.7612533569 0.0000000000 0.0000000000 602.0011596680 11.9077377319 -0.4520521462
52.7656898499 18.8149280548 0.0000000000 0.0000000000 601.7081298828 11.5358438492 -0.4525591433
52.8155822754 18.8687801361 0.0000000000 0.0000000000 601.3932495117 11.5763330460 -0.4531183839
52.8671607971 18.9228305817 0.0000000000 0.0000000000 601.0734252930 11.7460012436 -0.4536291957
52.9271659851 18.9770603180 0.0000000000 0.0000000000 600.7510986328 11.7630920410 -0.4541769922
52.9865875244 19.0314731598 0.0000000000 0.0000000000 600.4467773438 11.5561695099 -0.4546824992
53.0418510437 19.0860576630 0.0000000000 0.0000000000 600.1588745117 11.2373371124 -0.4552188218
53.0945167542 19.1407699585 0.0000000000 0.0000000000 599.8750000000 10.9602851868 -0.4557274580
53.1437263489 19.1955947876 0.0000000000 0.0000000000 599.5769042969 10.8495645523 -0.4562616944
53.1936149597 19.2505226135 0.0000000000 0.0000000000 599.2537841797 10.9464368820 -0.4567854404
53.2434501648 19.3055763245 0.0000000000 0.0000000000 598.9233398438 11.1635522842 -0.4573393464
53.2965850830 19.3607826233 0.0000000000 0.0000000000 598.5932006836 11.3824872971 -0.4578880668
53.3470535278 19.4161415100 0.0000000000 0.0000000000 598.2760620117 11.5505781174 -0.4584672749
53.4018440247 19.4716567993 0.0000000000 0.0000000000 597.9813842773 11.6178045273 -0.4590276480
53.4574546814 19.5273513794 0.0000000000 0.0000000000 597.7014160156 11.5306825638 -0.4596459866
53.5078926086 19.5832214355 0.0000000000 0.0000000000 597.4179687500 11.3581829071 -0.4602108896
53.5556144714 19.6392612457 0.0000000000 0.0000000000 597.1209106445 11.2638425827 -0.4608559310
53.6061935425 19.6954441071 0.0000000000 0.0000000000 596.8087158203 11.3488569260 -0.4614577889
53.6584968567 19.7517509460 0.0000000000 0.0000000000 596.4814453125 11.5826501846 -0.4621154666
53.7148284912 19.8081531525 0.0000000000 0.0000000000 596.1605834961 11.8855352402 -0.4627644122
53.7711639404 19.8646793365 0.0000000000 0.0000000000 595.8439941406 12.2769985199 -0.4634466171
53.8379020691 19.9213199615 0.0000000000 0.0000000000 595.5429687500 12.8909273148 -0.4641292393
53.9095878601 19.9780483246 0.0000000000 0.0000000000 595.2427368164 13.7882423401 -0.4648564756
53.9835357666 20.0348739624 0.0000000000 0.0000000000 594.9425048828 14.8154630661 -0.4655797184
54.0605049133 20.0917797089 0.0000000000 0.0000000000 594.6314086914 15.6965379715 -0.4663588405
54.1443367004 20.1487655640 0.0000000000 0.0000000000 594.3072509766 16.2427692413 -0.4671407342
54.2255554199 20.2058582306 0.0000000000 0.0000000000 593.9658813477 16.4247245789 -0.4679674506
54.3028984070 20.2631206512 0.0000000000 0.0000000000 593.6084594727 16.2667770386 -0.4688164592
54.3663597107 20.3205585480 0.0000000000 0.0000000000 593.2509765625 15.7901105881 -0.4696955383
54.4337348938 20.3781318665 0.0000000000 0.0000000000 592.8968505859 15.1851787567 -0.4706065953
54.5195732117 20.4358615875 0.0000000000 0.0000000000 592.5651245117 14.8011770248 -0.4715745151
54.6204071045 20.4937362671 0.0000000000 0.0000000000 592.2399902344 14.8427352905 -0.4725565910
54.7176208496 20.5517730713 0.0000000000 0.0000000000 591.9251708984 15.2757778168 -0.4736260772
54.8005752563 20.6099872589 0.0000000000 0.0000000000 591.6029663086 16.0174350739 -0.4746890962
54.8792610168 20.6683864594 0.0000000000 0.0000000000 591.2853393555 16.9929332733 -0.4758767486
54.9714317322 20.7269592285 0.0000000000 0.0000000000 590.9508666992 17.9781341553 -0.4770258665
55.0807456970 20.7857055664 0.0000000000 0.0000000000 590.6006469727 18.5627365112 -0.4783332646
55.1931686401 20.8446960449 0.0000000000 0.0000000000 590.2336425781 18.4737129211 -0.4795853198
55.2942085266 20.9039859772 0.0000000000 0.0000000000 589.8684692383 17.9352188110 -0.4809639156
55.3905067444 20.9636058807 0.0000000000 0.0000000000 589.5026855469 17.4880466461 -0.4823081493
55.4978561401 21.0235557556 0.0000000000 0.0000000000 589.1450195312 17.4222564697 -0.4837460220
55.6257858276 21.0838584900 0.0000000000 0.0000000000 588.8019409180 17.5643920898 -0.4851708114
55.7648963928 21.1445579529 0.0000000000 0.0000000000 588.4658203125 17.5874805450 -0.4866933227
55.9137649536 21.2056484222 0.0000000000 0.0000000000 588.1348266602 17.4324932098 -0.4882010221
56.0634498596 21.2671871185 0.0000000000 0.0000000000 587.8079223633 17.4052104950 -0.4898192883
56.2051010132 21.3291912079 0.0000000000 0.0000000000 587.4620361328 17.8069705963 -0.4914155006
56.3549652100 21.3916702271 0.0000000000 0.0000000000 587.1084594727 18.5202579498 -0.4931431711
56.5291137695 21.4546356201 0.0000000000 0.0000000000 586.7431640625 19.0557270050 -0.4948619604
56.7159805298 21.5181312561 0.0000000000 0.0000000000 586.3737182617 19.0224304199 -0.4967023730
56.9057540894 21.5822029114 0.0000000000 0.0000000000 585.9910278320 18.4760856628 -0.4985734522
57.0950202942 21.6468906403 0.0000000000 0.0000000000 585.6079101562 17.7735843658 -0.5005310774
57.2820320129 21.7122173309 0.0000000000 0.0000000000 585.2176513672 17.1932601929 -0.5025807619
57.4997596741 21.7781581879 0.0000000000 0.0000000000 584.8382568359 16.7996330261 -0.5046871901
57.7511482239 21.8447322845 0.0000000000 0.0000000000 584.4751586914 16.5099830627 -0.5069173574
58.0339965820 21.9119930267 0.0000000000 0.0000000000 584.1241455078 16.1664581299 -0.5092166662
58.3273544312 21.9800128937 0.0000000000 0.0000000000 583.7843017578 15.6900062561 -0.5116121173
58.6123847961 22.0488643646 0.0000000000 0.0000000000 583.4376220703 15.2592363358 -0.5141234398
58.8924484253 22.1185817719 0.0000000000 0.0000000000 583.0894165039 15.0293216705 -0.5166871548
59.1813964844 22.1891670227 0.0000000000 0.0000000000 582.7298583984 14.8414020538 -0.5194444060
59.5131149292 22.2605838776 0.0000000000 0.0000000000 582.3723754883 14.4806547165 -0.5221744776
59.8688545227 22.3329162598 0.0000000000 0.0000000000 582.0112304688 14.0059185028 -0.5252197385
60.2492790222 22.4062213898 0.0000000000 0.0000000000 581.6419677734 13.6765146255 -0.5281231403
60.6359786987 22.4805831909 0.0000000000 0.0000000000 581.2648925781 13.6560001373 -0.5314259529
61.0361251831 22.5560493469 0.0000000000 0.0000000000 580.8894042969 13.8971977234 -0.5346580744
61.4511604309 22.6326465607 0.0000000000 0.0000000000 580.5217895508 14.2349920273 -0.5381859541
61.8876686096 22.7104091644 0.0000000000 0.0000000000 580.1625976562 14.5224113464 -0.5419161916
62.3703269958 22.7893333435 0.0000000000 0.0000000000 579.8113403320 14.6788311005 -0.5457409024
62.9273376465 22.8694229126 0.0000000000 0.0000000000 579.4625854492 14.6566181183 -0.5500375628
63.5439376831 22.9507465363 0.0000000000 0.0000000000 579.1130981445 14.4387063980 -0.5542567372
64.1806411743 23.0334281921 0.0000000000 0.0000000000 578.7420043945 14.0988340378 -0.5592538714
64.8782501221 23.1175746918 0.0000000000 0.0000000000 578.3786010742 13.8367471695 -0.5640082359
65.6522293091 23.2033290863 0.0000000000 0.0000000000 578.0203857422 13.8839731216 -0.5698739290
66.5198516846 23.2908077240 0.0000000000 0.0000000000 577.6875000000 14.3102960587 -0.5753706694
67.4341354370 23.3801937103 0.0000000000 0.0000000000 577.3596191406 14.9493093491 -0.5821785927
68.4185791016 23.4717216492 0.0000000000 0.0000000000 577.0307006836 15.6086835861 -0.5886304975
69.4026412964 23.5655956268 0.0000000000 0.0000000000 576.6945800781 16.2707500458 -0.5962872505
70.3980941772 23.6621074677 0.0000000000 0.0000000000 576.3424682617 17.0189990997 -0.6037726402
71.4291152954 23.7615470886 0.0000000000 0.0000000000 575.9923706055 17.8608207703 -0.6120601892
72.5966949463 23.8641948700 0.0000000000 0.0000000000 575.6574707031 18.6514472961 -0.6205401421
73.9338073730 23.9703903198 0.0000000000 0.0000000000 575.3450927734 19.2168273926 -0.6294614673
75.3651580811 24.0805740356 0.0000000000 0.0000000000 575.0772094727 19.6112823486 -0.6388335228
76.8138046265 24.1950969696 0.0000000000 0.0000000000 574.8408203125 19.9774055481 -0.6485754848
78.2911071777 24.3143043518 0.0000000000 0.0000000000 574.6191406250 20.4211177826 -0.6587111354
79.8625183105 24.4384555817 0.0000000000 0.0000000000 574.3518676758 21.1612262726 -0.6694413424
81.5363464355 24.5678253174 0.0000000000 0.0000000000 574.0310668945 22.1325645447 -0.6803901196
83.3385162354 24.7027244568 0.0000000000 0.0000000000 573.6654663086 22.9176006317 -0.6922652125
85.3157196045 24.8436012268 0.0000000000 0.0000000000 573.2877807617 23.3855972290 -0.7042158842
87.2979354858 24.9908313751 0.0000000000 0.0000000000 572.9238281250 23.7397022247 -0.7172047496
89.3279953003 25.1446781158 0.0000000000 0.0000000000 572.5747070312 24.1656284332 -0.7301820517
91.5061416626 25.3052539825 0.0000000000 0.0000000000 572.2282714844 24.7312278748 -0.7436971068
93.8983306885 25.4727554321 0.0000000000 0.0000000000 571.8496093750 25.4078979492 -0.7575452328
96.3752441406 25.6473522186 0.0000000000 0.0000000000 571.3935546875 26.1378345490 -0.7704783082
98.4893722534 25.8292064667 0.0000000000 0.0000000000 570.8306274414 26.8743438721 -0.7839620113
99.7056121826 26.0183353424 0.0000000000 0.0000000000 570.1226806641 27.4276275635 -0.7957770824
99.5957946777 26.2146015167 0.0000000000 0.0000000000 569.2440185547 27.4333057404 -0.8082404733
98.5254898071 26.4178333282 0.0000000000 0.0000000000 568.2373046875 26.5916538239 -0.8203308582
98.1299972534 26.6279468536 0.0000000000 0.0000000000 567.2516479492 25.1402206421 -0.8299848437
101.6735687256 26.8450241089 0.0000000000 0.0000000000 566.6608886719 23.7684707642 -0.8350618482
105.3589248657 27.0706195831 0.0000000000 0.0000000000 566.2463989258 22.9335918427 -0.8342075944
103.3947448730 27.3055744171 0.0000000000 0.0000000000 565.4516601562 22.5290966034 -0.8276988268
98.3561782837 27.5480957031 0.0000000000 0.0000000000 564.0408325195 22.1547660828 -0.8145584464
93.7166366577 27.7951507568 0.0000000000 0.0000000000 562.1318969727 21.5316295624 -0.7974150181
88.4530181885 28.0440406799 0.0000000000 0.0000000000 559.8208618164 20.2937259674 -0.7800371051
81.2277297974 28.2914104462 0.0000000000 0.0000000000 557.2157592773 18.6870822906 -0.7616788149
75.8586425781 28.5318412781 0.0000000000 0.0000000000 554.6006469727 17.1998004913 -0.7458450794
74.8789901733 28.7608833313 0.0000000000 0.0000000000 552.6448364258 15.9619054794 -0.7347593904
75.6966018677 28.9764118195 0.0000000000 0.0000000000 550.8319702148 14.3454093933 -0.7232913971
73.9446792603 29.1774387360 0.0000000000 0.0000000000 548.2733764648 13.1211633682 -0.7113605738
72.4552230835 29.3615531921 0.0000000000 0.0000000000 545.2281494141 12.0608997345 -0.6933469176
73.5305480957 29.5273284912 0.0000000000 0.0000000000 542.6183471680 11.3399505615 -0.6626546383
71.9057159424 29.6752662659 0.0000000000 0.0000000000 540.2649536133 10.8749065399 -0.6209301949
70.0181884766 29.8045940399 0.0000000000 0.0000000000 538.0435791016 10.1887378693 -0.5785255432
69.0753784180 29.9156417847 0.0000000000 0.0000000000 535.4779663086 9.5896129608 -0.5339765549
68.4940414429 30.0097522736 0.0000000000 0.0000000000 531.9494018555 9.1179437637 -0.4874264896
67.2340393066 30.0885448456 0.0000000000 0.0000000000 526.7645263672 8.5994148254 -0.4409311712
65.4554672241 30.1528568268 0.0000000000 0.0000000000 519.9000854492 7.6981320381 -0.3915303946
65.6046524048 30.2036857605 0.0000000000 0.0000000000 514.9306030273 6.8316349983 -0.3369272351
65.4990386963 30.2422180176 0.0000000000 0.0000000000 511.9180603027 6.3497219086 -0.2824075818
63.4303131104 30.2696819305 0.0000000000 0.0000000000 509.2915039062 6.2082381248 -0.2339316010
61.2295875549 30.2869548798 0.0000000000 0.0000000000 505.9470825195 6.2850027084 -0.1821119189
60.5761642456 30.2946281433 0.0000000000 0.0000000000 501.7491149902 5.9087338448 -0.1315116286
60.8247795105 30.2930736542 0.0000000000 0.0000000000 497.3828735352 5.0274238586 -0.0917759240
61.3466072083 30.2831363678 0.0000000000 0.0000000000 493.0057983398 4.3627862930 -0.0625373721
62.2526702881 30.2657032013 0.0000000000 0.0000000000 488.5516052246 4.1624078751 -0.0446720123
63.8061943054 30.2412033081 0.0000000000 0.0000000000 484.1536560059 4.2891669273 -0.0382701159
65.6890945435 30.2096576691 0.0000000000 0.0000000000 480.0671691895 4.2411146164 -0.0394422710
66.8633651733 30.1714210510 0.0000000000 0.0000000000 476.7279663086 3.8146064281 -0.0446373820
66.6959381104 30.1272258759 0.0000000000 0.0000000000 474.5149536133 3.3633713722 -0.0554010272
65.0823135376 30.0778560638 0.0000000000 0.0000000000 473.4963989258 3.0122644901 -0.0714004785
62.7865791321 30.0241661072 0.0000000000 0.0000000000 473.2425842285 2.6856343746 -0.0871236324
61.3675537109 29.9670696259 0.0000000000 0.0000000000 472.6575012207 2.4144234657 -0.1002939939
61.2240638733 29.9072265625 0.0000000000 0.0000000000 471.2805175781 2.2094423771 -0.1132213473
61.6626510620 29.8448753357 0.0000000000 0.0000000000 469.5483398438 1.9973521233 -0.1229777634
61.5473480225 29.7801685333 0.0000000000 0.0000000000 468.1122741699 1.7348231077 -0.1313377023
60.4480209351 29.7134418488 0.0000000000 0.0000000000 467.2002258301 1.5279527903 -0.1414237022
58.7838478088 29.6452713013 0.0000000000 0.0000000000 466.6080627441 1.4850062132 -0.1507736444
57.5258331299 29.5763702393 0.0000000000 0.0000000000 465.7135009766 1.5644047260 -0.1592374444
57.2804107666 29.5073471069 0.0000000000 0.0000000000 464.1376342773 1.6634136438 -0.1690362692
57.6163177490 29.4385414124 0.0000000000 0.0000000000 462.2325134277 1.7158929110 -0.1793256700
57.6441764832 29.3700866699 0.0000000000 0.0000000000 460.6659851074 1.7875101566 -0.1893556565
56.8740615845 29.3021621704 0.0000000000 0.0000000000 459.7830810547 1.8659732342 -0.2009129673
55.5919609070 29.2350997925 0.0000000000 0.0000000000 459.4546813965 1.9135584831 -0.2132108510
54.4688415527 29.1693477631 0.0000000000 0.0000000000 459.2221984863 1.9270890951 -0.2251655459
53.9686012268 29.1053962708 0.0000000000 0.0000000000 458.6604614258 1.9236508608 -0.2364007533
53.9178504944 29.0434608459 0.0000000000 0.0000000000 457.8182983398 1.9842960835 -0.2469815016
53.8148765564 28.9835300446 0.0000000000 0.0000000000 457.1116027832 2.2230248451 -0.2562837601
53.3965721130 28.9256305695 0.0000000000 0.0000000000 456.7760925293 2.6386880875 -0.2663475275
52.8504333496 28.8700370789 0.0000000000 0.0000000000 456.7303466797 2.9514968395 -0.2766667008
52.5630455017 28.8172492981 0.0000000000 0.0000000000 456.6440734863 3.0334432125 -0.2867528200
52.6030921936 28.7677135468 0.0000000000 0.0000000000 456.2765808105 3.4152979851 -0.2961198092
52.7883605957 28.7215709686 0.0000000000 0.0000000000 455.7341003418 4.5217571259 -0.3051010966
52.9608840942 28.6785869598 0.0000000000 0.0000000000 455.3268127441 6.0907449722 -0.3118370175
53.1039733887 28.6385936737 0.0000000000 0.0000000000 455.1737060547 7.6569643021 -0.3171060681
53.3106079102 28.6017189026 0.0000000000 0.0000000000 455.0355529785 8.7768077850 -0.3199461699
53.5240821838 28.5681152344 0.0000000000 0.0000000000 454.6522827148 9.2672710419 -0.3213057816
53.6586036682 28.5376892090 0.0000000000 0.0000000000 454.0836791992 9.5585536957 -0.3204894960
53.7703628540 28.5100631714 0.0000000000 0.0000000000 453.5081481934 10.1523790359 -0.3194467425
53.8981704712 28.4849433899 0.0000000000 0.0000000000 453.0502624512 11.1236381531 -0.3168652356
54.0132293701 28.4623699188 0.0000000000 0.0000000000 452.6570129395 12.1538982391 -0.3147078753
54.0309333801 28.4424266815 0.0000000000 0.0000000000 452.2441101074 12.6597776413 -0.3118839562
53.9252624512 28.4249935150 0.0000000000 0.0000000000 451.8578491211 12.3213939667 -0.3089170158
53.7848892212 28.4097728729 0.0000000000 0.0000000000 451.5599060059 11.8153352737 -0.3061199784
53.6680297852 28.3964328766 0.0000000000 0.0000000000 451.3802490234 11.8799428940 -0.3022502065
53.5778007507 28.3848228455 0.0000000000 0.0000000000 451.2098693848 12.1966981888 -0.2987377942
53.5010757446 28.3748188019 0.0000000000 0.0000000000 450.9963989258 12.2689628601 -0.2943729162
53.4354743958 28.3662853241 0.0000000000 0.0000000000 450.6827087402 12.1575088501 -0.2905862629
53.4030227661 28.3589725494 0.0000000000 0.0000000000 450.2860107422 11.9031696320 -0.2863603234
53.4123077393 28.3525543213 0.0000000000 0.0000000000 449.8784179688 11.5187454224 -0.2829277515
53.4473457336 28.3467311859 0.0000000000 0.0000000000 449.5041809082 11.3184719086 -0.2793332934
53.4894828796 28.3412914276 0.0000000000 0.0000000000 449.2046203613 11.5082044601 -0.2763628662
53.5241889954 28.3360862732 0.0000000000 0.0000000000 448.9998779297 11.7960395813 -0.2733938992
53.5488166809 28.3309650421 0.0000000000 0.0000000000 448.9129943848 11.8133068085 -0.2710649073
53.5634384155 28.3257751465 0.0000000000 0.0000000000 448.9324951172 11.7555055618 -0.2684378922
53.5710449219 28.3204250336 0.0000000000 0.0000000000 449.0347900391 12.1747198105 -0.2669730484
53.5778808594 28.3148918152 0.0000000000 0.0000000000 449.1721191406 13.3140239716 -0.2649370134
53.6033439636 28.3091869354 0.0000000000 0.0000000000 449.2935485840 14.9554290771 -0.2640091479
53.6637496948 28.3033599854 0.0000000000 0.0000000000 449.3634948730 16.7452716827 -0.2628171146
53.7706108093 28.2974643707 0.0000000000 0.0000000000 449.3640136719 18.4672565460 -0.2623127699
53.9167289734 28.2915420532 0.0000000000 0.0000000000 449.3074340820 19.9495086670 -0.2617318928
54.0850601196 28.2856349945 0.0000000000 0.0000000000 449.2242736816 20.8304195404 -0.2616878450
54.2506217957 28.2797679901 0.0000000000 0.0000000000 449.1523742676 20.7084274292 -0.2616191804
54.3922309875 28.2740192413 0.0000000000 0.0000000000 449.1344909668 19.6401405334 -0.2617425919
54.5014228821 28.2684803009 0.0000000000 0.0000000000 449.1873168945 18.2110290527 -0.2622452676
54.5818862915 28.2632541656 0.0000000000 0.0000000000 449.3130798340 16.9664287567 -0.2626152039
54.6539993286 28.2584514618 0.0000000000 0.0000000000 449.5020751953 16.0330219269 -0.2633284926
54.7183914185 28.2541408539 0.0000000000 0.0000000000 449.7258300781 15.3695535660 -0.2641076744
54.7721138000 28.2503700256 0.0000000000 0.0000000000 449.9497985840 14.9965295792 -0.2647994757
54.8146362305 28.2472000122 0.0000000000 0.0000000000 450.1511230469 14.9063110352 -0.2658197880
54.8365020752 28.2446784973 0.0000000000 0.0000000000 450.3241577148 15.0518817902 -0.2666297853
54.8514556885 28.2428607941 0.0000000000 0.0000000000 450.4639282227 15.4389648438 -0.2678394020
54.8638000488 28.2417793274 0.0000000000 0.0000000000 450.5772705078 16.2192993164 -0.2688742876
54.8740615845 28.2414569855 0.0000000000 0.0000000000 450.6690368652 17.6649646759 -0.2702225745
54.8704566956 28.2418651581 0.0000000000 0.0000000000 450.7456054688 19.7335948944 -0.2717091739
54.8450241089 28.2429904938 0.0000000000 0.0000000000 450.8237915039 21.3552303314 -0.2732174098
54.8039855957 28.2448158264 0.0000000000 0.0000000000 450.9137878418 21.4933433533 -0.2750959694
54.7477149963 28.2473163605 0.0000000000 0.0000000000 451.0244445801 20.9286251068 -0.2769757509
54.6791152954 28.2504730225 0.0000000000 0.0000000000 451.1605224609 20.5616130829 -0.2790612280
54.6014289856 28.2542667389 0.0000000000 0.0000000000 451.3208312988 20.3533802032 -0.2813289165
54.5214004517 28.2587013245 0.0000000000 0.0000000000 451.5053405762 20.2318038940 -0.2836497426
54.4408493042 28.2637538910 0.0000000000 0.0000000000 451.7075805664 20.1329479218 -0.2860512137
54.3662490845 28.2694053650 0.0000000000 0.0000000000 451.9332580566 19.9241161346 -0.2885517478
54.2906837463 28.2756309509 0.0000000000 0.0000000000 452.1815795898 19.7893409729 -0.2909383476
54.2146415710 28.2824192047 0.0000000000 0.0000000000 452.4469604492 20.1300773621 -0.2936024070
54.1309890747 28.2897777557 0.0000000000 0.0000000000 452.7317810059 21.1154823303 -0.2960711122
54.0599937439 28.2977371216 0.0000000000 0.0000000000 453.0392761230 22.7299804688 -0.2986619473
54.0077247620 28.3063106537 0.0000000000 0.0000000000 453.3656921387 24.6760101318 -0.3010782301
53.9811553955 28.3155059814 0.0000000000 0.0000000000 453.6994323730 26.1724834442 -0.3035283983
53.9766654968 28.3253307343 0.0000000000 0.0000000000 454.0280761719 27.2233886719 -0.3057539761
53.9886779785 28.3357658386 0.0000000000 0.0000000000 454.3325805664 29.2416896820 -0.3081875145
54.0030975342 28.3468055725 0.0000000000 0.0000000000 454.6052246094 32.3126716614 -0.3102490902
54.0206260681 28.3584499359 0.0000000000 0.0000000000 454.8460998535 33.8586921692 -0.3127080202
54.0382995605 28.3707046509 0.0000000000 0.0000000000 455.0526428223 32.5200614929 -0.3148099780
54.0682716370 28.3835792542 0.0000000000 0.0000000000 455.2276000977 30.4337234497 -0.3171831667
54.1122665405 28.3970699310 0.0000000000 0.0000000000 455.3924865723 30.0552635193 -0.3194487095
54.1643371582 28.4111595154 0.0000000000 0.0000000000 455.5614929199 30.9579505920 -0.3218334019
54.2101325989 28.4258213043 0.0000000000 0.0000000000 455.7579956055 30.8820381165 -0.3242491186
54.2381019592 28.4410400391 0.0000000000 0.0000000000 455.9904785156 29.0649833679 -0.3267402053
54.2497634888 28.4568061829 0.0000000000 0.0000000000 456.2435607910 26.8267955780 -0.3292327821
54.2522468567 28.4731330872 0.0000000000 0.0000000000 456.5138549805 24.8944396973 -0.3317533135
54.2489814758 28.4900245667 0.0000000000 0.0000000000 456.7828979492 22.7607841492 -0.3342126310
54.2433624268 28.5074882507 0.0000000000 0.0000000000 457.0487670898 20.9956512451 -0.3367105722
54.2311820984 28.5255069733 0.0000000000 0.0000000000 457.2922363281 20.0795764923 -0.3392564058
54.1996078491 28.5440597534 0.0000000000 0.0000000000 457.5219421387 18.9359283447 -0.3418151736
54.1429672241 28.5631580353 0.0000000000 0.0000000000 457.7340087891 17.6680374146 -0.3444606364
54.0699043274 28.5828132629 0.0000000000 0.0000000000 457.9307250977 17.3700790405 -0.3473605216
53.9895477295 28.6030616760 0.0000000000 0.0000000000 458.1045837402 17.6169357300 -0.3500103354
53.9170875549 28.6239604950 0.0000000000 0.0000000000 458.2617797852 17.6368026733 -0.3531689346
53.8526191711 28.6455230713 0.0000000000 0.0000000000 458.4114990234 17.7632408142 -0.3559898734
53.7915229797 28.6677627563 0.0000000000 0.0000000000 458.5727233887 18.3500022888 -0.3592057824
53.7258262634 28.6906890869 0.0000000000 0.0000000000 458.7659606934 18.9825496674 -0.3622758090
53.6581306458 28.7143325806 0.0000000000 0.0000000000 458.9915771484 19.3982143402 -0.3655430377
53.5962600708 28.7387123108 0.0000000000 0.0000000000 459.2442016602 19.7959499359 -0.3688330054
53.5436134338 28.7638626099 0.0000000000 0.0000000000 459.5133666992 20.7310962677 -0.3721388280
53.5004539490 28.7898025513 0.0000000000 0.0000000000 459.7906188965 22.6854877472 -0.3755828440
53.4636001587 28.8165225983 0.0000000000 0.0000000000 460.0604858398 24.9292678833 -0.3789655268
53.4337692261 28.8440189362 0.0000000000 0.0000000000 460.3219909668 26.1837902069 -0.3824833035
53.4127197266 28.8723011017 0.0000000000 0.0000000000 460.5621337891 25.9129772186 -0.3859360814
53.4007568359 28.9013633728 0.0000000000 0.0000000000 460.7821044922 24.3455104828 -0.3895063400
53.3949584961 28.9312229156 0.0000000000 0.0000000000 460.9851989746 22.5374164581 -0.3929790258
53.3920288086 28.9618701935 0.0000000000 0.0000000000 461.1828308105 21.6705131531 -0.3965452909
53.3887329102 28.9932823181 0.0000000000 0.0000000000 461.3920593262 21.4131278992 -0.4000407755
53.3854331970 29.0254516602 0.0000000000 0.0000000000 461.6229248047 20.6866092682 -0.4035236835
53.3813781738 29.0583553314 0.0000000000 0.0000000000 461.8811645508 19.5070190430 -0.4071143866
53.3753128052 29.0919704437 0.0000000000 0.0000000000 462.1621093750 18.2410449982 -0.4104614854
53.3639259338 29.1262855530 0.0000000000 0.0000000000 462.4654235840 16.9808864594 -0.4140831828
53.3456077576 29.1612892151 0.0000000000 0.0000000000 462.7691650391 16.1684150696 -0.4173973203
53.3203506470 29.1969547272 0.0000000000 0.0000000000 463.0696411133 16.0189876556 -0.4209102988
53.2982368469 29.2332687378 0.0000000000 0.0000000000 463.3588562012 16.2115573883 -0.4242533445
53.2820625305 29.2701931000 0.0000000000 0.0000000000 463.6362304688 16.4598693848 -0.4276572168
53.2733688354 29.3077182770 0.0000000000 0.0000000000 463.9024963379 16.7634811401 -0.4309689105
53.2607345581 29.3458232880 0.0000000000 0.0000000000 464.1618957520 17.1941585541 -0.4342830181
53.2378082275 29.3844947815 0.0000000000 0.0000000000 464.4142150879 17.3706054688 -0.4375307262
53.2103805542 29.4237117767 0.0000000000 0.0000000000 464.6706848145 16.9199008942 -0.4407518506
53.1945457458 29.4634456635 0.0000000000 0.0000000000 464.9255676270 16.1575908661 -0.4439371228
53.2001342773 29.5037117004 0.0000000000 0.0000000000 465.1870117188 15.6321086884 -0.4470850527
53.2166938782 29.5445156097 0.0000000000 0.0000000000 465.4443054199 15.5514450073 -0.4501791000
53.2275199890 29.5858726501 0.0000000000 0.0000000000 465.6966857910 15.6315555573 -0.4532372355
53.2284355164 29.6277694702 0.0000000000 0.0000000000 465.9461059570 15.5980987549 -0.4562178850
53.2295188904 29.6701869965 0.0000000000 0.0000000000 466.1944885254 15.5838890076 -0.4591442645
53.2566108704 29.7131195068 0.0000000000 0.0000000000 466.4463195801 15.5842189789 -0.4619938135
53.3021202087 29.7565765381 0.0000000000 0.0000000000 466.7053527832 15.4334459305 -0.4647354484
53.3558235168 29.8005790710 0.0000000000 0.0000000000 466.9523620605 15.2836160660 -0.4673891366
53.3934288025 29.8451480865 0.0000000000 0.0000000000 467.1910095215 15.3237466812 -0.4699034989
53.4189987183 29.8903007507 0.0000000000 0.0000000000 467.4040527344 15.3162660599 -0.4722938538
53.4548301697 29.9360218048 0.0000000000 0.0000000000 467.6172180176 14.8321084976 -0.4745459259
53.5026931763 29.9822864532 0.0000000000 0.0000000000 467.8376464844 13.9368934631 -0.4766292274
53.5552749634 30.0291194916 0.0000000000 0.0000000000 468.0755615234 13.1847000122 -0.4786219299
53.5939216614 30.0765171051 0.0000000000 0.0000000000 468.3298645020 12.7970161438 -0.4803612530
53.6128120422 30.1244640350 0.0000000000 0.0000000000 468.5929260254 12.5493240356 -0.4820781350
53.6323852539 30.1729373932 0.0000000000 0.0000000000 468.8618469238 12.3307418823 -0.4834946990
53.6502723694 30.2219181061 0.0000000000 0.0000000000 469.1291809082 12.2161951065 -0.4848783016
53.6664009094 30.2714157104 0.0000000000 0.0000000000 469.3927917480 12.2609853745 -0.4860050082
53.6910820007 30.3214416504 0.0000000000 0.0000000000 469.6536254883 12.4823579788 -0.4870549738
53.7210617065 30.3719806671 0.0000000000 0.0000000000 469.9076232910 12.8231906891 -0.4878832996
53.7303962708 30.4230289459 0.0000000000 0.0000000000 470.1661682129 13.1574440002 -0.4886281788
53.7158660889 30.4745635986 0.0000000000 0.0000000000 470.4326171875 13.4521589279 -0.4891589284
53.6931686401 30.5265617371 0.0000000000 0.0000000000 470.7072753906 13.7835998535 -0.4896090925
53.6777572632 30.5789756775 0.0000000000 0.0000000000 470.9817810059 14.1702098846 -0.4899010062
53.6728897095 30.6318283081 0.0000000000 0.0000000000 471.2415466309 14.6023702621 -0.4900994599
53.6761169434 30.6850967407 0.0000000000 0.0000000000 471.4832458496 15.0403184891 -0.4902119637
53.6661376953 30.7388000488 0.0000000000 0.0000000000 471.6940917969 15.3624391556 -0.4902354181
53.6362609863 30.7929458618 0.0000000000 0.0000000000 471.8954467773 15.3199110031 -0.4902248681
53.5882911682 30.8475284576 0.0000000000 0.0000000000 472.0757446289 14.9855270386 -0.4901460707
53.5552978516 30.9025192261 0.0000000000 0.0000000000 472.2665405273 14.8634328842 -0.4900499880
53.5390357971 30.9579029083 0.0000000000 0.0000000000 472.4669494629 14.9299592972 -0.4899373651
53.5200386047 31.0136604309 0.0000000000 0.0000000000 472.6715698242 15.0109863281 -0.4897740781
53.4805335999 31.0698051453 0.0000000000 0.0000000000 472.8745727539 15.3491182327 -0.4896314144
53.4179687500 31.1262912750 0.0000000000 0.0000000000 473.0584106445 15.9646501541 -0.4894727767
53.3600845337 31.1830711365 0.0000000000 0.0000000000 473.2136840820 16.6938362122 -0.4893098474
53.3236579895 31.2401161194 0.0000000000 0.0000000000 473.3428344727 17.3774604797 -0.4891734719
53.3042449951 31.2974071503 0.0000000000 0.0000000000 473.4446105957 18.0758934021 -0.4890223444
53.2877082825 31.3549404144 0.0000000000 0.0000000000 473.5324096680 18.9329929352 -0.4888675809
53.2617301941 31.4126968384 0.0000000000 0.0000000000 473.6187133789 19.6697196960 -0.4887153208
53.2246856689 31.4706687927 0.0000000000 0.0000000000 473.7069396973 19.8727016449 -0.4885499179
53.1778068542 31.5288200378 0.0000000000 0.0000000000 473.8079223633 19.5528964996 -0.4883728027
53.1304702759 31.5871047974 0.0000000000 0.0000000000 473.9174194336 19.1742172241 -0.4882212877
53.1034507751 31.6455059052 0.0000000000 0.0000000000 474.0281372070 19.3066749573 -0.4880176187
53.0966911316 31.7040271759 0.0000000000 0.0000000000 474.1275024414 19.5598869324 -0.4878586531
53.0754089355 31.7626647949 0.0000000000 0.0000000000 474.2116088867 19.3655338287 -0.4876655936
53.0234107971 31.8213901520 0.0000000000 0.0000000000 474.2711791992 19.1807022095 -0.4874661863
52.9670257568 31.8801803589 0.0000000000 0.0000000000 474.3156738281 19.0872154236 -0.4873163104
52.9332618713 31.9389972687 0.0000000000 0.0000000000 474.3494567871 18.5289039612 -0.4871027470
52.9220848083 31.9978427887 0.0000000000 0.0000000000 474.3795471191 17.6629371643 -0.4869654775
52.9243927002 32.0567283630 0.0000000000 0.0000000000 474.4141540527 16.8802127838 -0.4867984653
52.9147872925 32.1156768799 0.0000000000 0.0000000000 474.4483337402 16.1313858032 -0.4866453111
52.8748474121 32.1746902466 0.0000000000 0.0000000000 474.4922485352 15.4205932617 -0.4865105748
52.8178520203 32.2337570190 0.0000000000 0.0000000000 474.5334777832 15.0529918671 -0.4863670170
52.7807540894 32.2928276062 0.0000000000 0.0000000000 474.5743713379 15.2001523972 -0.4862369299
52.7747726440 32.3519134521 0.0000000000 0.0000000000 474.5969848633 15.6567268372 -0.4861204624
52.7729721069 32.4109954834 0.0000000000 0.0000000000 474.6123046875 16.1358108521 -0.4860070646
52.7537193298 32.4700889587 0.0000000000 0.0000000000 474.6132202148 16.4059181213 -0.4859102964
52.7194976807 32.5291900635 0.0000000000 0.0000000000 474.6091918945 16.3400421143 -0.4858230352
52.6951332092 32.5883102417 0.0000000000 0.0000000000 474.5974121094 16.0257129669 -0.4857328236
52.6872558594 32.6474647522 0.0000000000 0.0000000000 474.5890808105 15.6923494339 -0.4856739640
52.6894416809 32.7066345215 0.0000000000 0.0000000000 474.5778503418 15.3931465149 -0.4855999351
52.6865577698 32.7658576965 0.0000000000 0.0000000000 474.5706787109 14.9260940552 -0.4855622053
52.6657981873 32.8251380920 0.0000000000 0.0000000000 474.5537414551 14.2857828140 -0.4855008721
52.6370964050 32.8844490051 0.0000000000 0.0000000000 474.5368041992 13.7655982971 -0.4854711294
52.6212959290 32.9437675476 0.0000000000 0.0000000000 474.5104980469 13.6027278900 -0.4854272008
52.6258621216 33.0030746460 0.0000000000 0.0000000000 474.4865417480 13.7729616165 -0.4853987992
52.6334915161 33.0623664856 0.0000000000 0.0000000000 474.4530944824 14.0411949158 -0.4853866696
52.6329040527 33.1216468811 0.0000000000 0.0000000000 474.4170837402 14.1720209122 -0.4853629470
52.6128387451 33.1809043884 0.0000000000 0.0000000000 474.3750915527 14.1126718521 -0.4853736460
52.5880966187 33.2401237488 0.0000000000 0.0000000000 474.3261413574 13.8851976395 -0.4853585362
52.5752677917 33.2992935181 0.0000000000 0.0000000000 474.2751159668 13.5119209290 -0.4853839874
52.5877037048 33.3584098816 0.0000000000 0.0000000000 474.2181701660 13.1790895462 -0.4853875041
