#         rmsthk      stdthk       rmsvel       stdvel       rmsdiv       stddiv       rmsusurf       stdusurf
-0.0000015394 0.0001042066 -12.5488567352 178.3650665283 0.0000000000 0.0000000000 0.0000000000 0.0000000000
-0.0992590636 0.5190073848 -18.5312576294 169.8324127197 0.0000000000 0.0000000000 0.0000000000 0.0000000000
-0.1681017578 1.0180544853 -21.7073192596 164.2805480957 0.0000000000 0.0000000000 0.0000000000 0.0000000000
-0.2120076567 1.5075221062 -24.2042198181 160.7354125977 0.0000000000 0.0000000000 0.0000000000 0.0000000000
-0.2350998372 1.9920166731 -27.0464324951 157.9192504883 0.0000000000 0.0000000000 0.0000000000 0.0000000000
-0.2532878816 2.4728004932 -29.7265701294 155.7794799805 0.0000000000 0.0000000000 0.0000000000 0.0000000000
-0.2690818906 2.9442644119 -32.1860542297 154.1964721680 0.0000000000 0.0000000000 0.0000000000 0.0000000000
-0.2812057436 3.4029917717 -34.4757347107 153.0278015137 0.0000000000 0.0000000000 0.0000000000 0.0000000000
-0.2886526287 3.8475592136 -36.5011672974 152.1842803955 0.0000000000 0.0000000000 0.0000000000 0.0000000000
-0.2907535136 4.2775988579 -38.2974853516 151.5581817627 0.0000000000 0.0000000000 0.0000000000 0.0000000000
-0.2871779799 4.6930580139 -39.8546218872 151.0881195068 0.0000000000 0.0000000000 0.0000000000 0.0000000000
-0.2782405019 5.0943994522 -41.1809501648 150.7264709473 0.0000000000 0.0000000000 0.0000000000 0.0000000000
-0.2638845146 5.4812192917 -42.2939910889 150.4435119629 0.0000000000 0.0000000000 0.0000000000 0.0000000000
-0.2443698496 5.8537154198 -43.1621208191 150.2315063477 0.0000000000 0.0000000000 0.0000000000 0.0000000000
-0.2201534808 6.2122154236 -43.8016166687 150.0813598633 0.0000000000 0.0000000000 0.0000000000 0.0000000000
-0.1916748434 6.5571236610 -44.2134094238 149.9893493652 0.0000000000 0.0000000000 0.0000000000 0.0000000000
-0.1596145928 6.8892188072 -44.4339065552 149.9435577393 0.0000000000 0.0000000000 0.0000000000 0.0000000000
-0.1245465949 7.2091598511 -44.5406188965 149.9219360352 0.0000000000 0.0000000000 0.0000000000 0.0000000000
-0.0870365947 7.5172910690 -44.5758628845 149.9135894775 0.0000000000 0.0000000000 0.0000000000 0.0000000000
-0.0475305356 7.8140616417 -44.5572052002 149.9130859375 0.0000000000 0.0000000000 0.0000000000 0.0000000000
-0.0063878628 8.1002206802 -44.5077400208 149.9147033691 0.0000000000 0.0000000000 0.0000000000 0.0000000000
0.0360209867 8.3764801025 -44.4217376709 149.9202270508 0.0000000000 0.0000000000 0.0000000000 0.0000000000
0.0793492794 8.6436052322 -44.2785720825 149.9353637695 0.0000000000 0.0000000000 0.0000000000 0.0000000000
0.1233541295 8.9024314880 -44.0677337646 149.9621887207 0.0000000000 0.0000000000 0.0000000000 0.0000000000
0.1677803844 9.1540336609 -43.7889175415 150.0018157959 0.0000000000 0.0000000000 0.0000000000 0.0000000000
0.2124504745 9.3993520737 -43.4473533630 150.0531158447 0.0000000000 0.0000000000 0.0000000000 0.0000000000
0.2571076453 9.6391611099 -43.0419273376 150.1168060303 0.0000000000 0.0000000000 0.0000000000 0.0000000000
0.3015819490 9.8744401932 -42.5692291260 150.1950988770 0.0000000000 0.0000000000 0.0000000000 0.0000000000
0.3456385136 10.1061306000 -42.0437355042 150.2840881348 0.0000000000 0.0000000000 0.0000000000 0.0000000000
0.3891164362 10.3348531723 -41.4794692993 150.3809814453 0.0000000000 0.0000000000 0.0000000000 0.0000000000
0.4318155348 10.5610561371 -40.8881111145 150.4830780029 0.0000000000 0.0000000000 0.0000000000 0.0000000000
0.4734837413 10.7851800919 -40.2731895447 150.5902252197 0.0000000000 0.0000000000 0.0000000000 0.0000000000
0.5139736533 11.0075893402 -39.6325798035 150.7035827637 0.0000000000 0.0000000000 0.0000000000 0.0000000000
0.5531649590 11.2285366058 -38.9600257874 150.8244934082 0.0000000000 0.0000000000 0.0000000000 0.0000000000
0.5908991098 11.4481868744 -38.2579154968 150.9521484375 0.0000000000 0.0000000000 0.0000000000 0.0000000000
0.6270374060 11.6665563583 -37.5350914001 151.0848846436 0.0000000000 0.0000000000 0.0000000000 0.0000000000
0.6614382863 11.8838281631 -36.8002281189 151.2206573486 0.0000000000 0.0000000000 0.0000000000 0.0000000000
0.6940857172 12.0999050140 -36.0583877563 151.3591918945 0.0000000000 0.0000000000 0.0000000000 0.0000000000
0.7247532010 12.3148546219 -35.3144416809 151.5006866455 0.0000000000 0.0000000000 0.0000000000 0.0000000000
0.7534762025 12.5285625458 -34.5644302368 151.6471252441 0.0000000000 0.0000000000 0.0000000000 0.0000000000
0.7801037431 12.7410440445 -33.8085136414 151.7990417480 0.0000000000 0.0000000000 0.0000000000 0.0000000000
0.8044764996 12.9521741867 -33.0399742126 151.9592590332 0.0000000000 0.0000000000 0.0000000000 0.0000000000
0.8264902234 13.1613740921 -32.2766609192 152.1222229004 0.0000000000 0.0000000000 0.0000000000 0.0000000000
0.8460034728 13.3678617477 -31.5391559601 152.2835693359 0.0000000000 0.0000000000 0.0000000000 0.0000000000
0.8627195358 13.5712900162 -30.8328990936 152.4426879883 0.0000000000 0.0000000000 0.0000000000 0.0000000000
0.8766270876 13.7714424133 -30.1671333313 152.5967102051 0.0000000000 0.0000000000 0.0000000000 0.0000000000
0.8876647949 13.9682054520 -29.5478572845 152.7443542480 0.0000000000 0.0000000000 0.0000000000 0.0000000000
0.8957443237 14.1615734100 -28.9814205170 152.8829803467 0.0000000000 0.0000000000 0.0000000000 0.0000000000
0.9008861184 14.3517026901 -28.4713668823 153.0107269287 0.0000000000 0.0000000000 0.0000000000 0.0000000000
0.9031156898 14.5391368866 -28.0166263580 153.1276702881 0.0000000000 0.0000000000 0.0000000000 0.0000000000
0.9025356770 14.7245836258 -27.6171569824 153.2333679199 0.0000000000 0.0000000000 0.0000000000 0.0000000000
0.8994398713 14.9086360931 -27.2717018127 153.3276672363 0.0000000000 0.0000000000 0.0000000000 0.0000000000
0.8939666748 15.0919761658 -26.9779586792 153.4107971191 0.0000000000 0.0000000000 0.0000000000 0.0000000000
0.8863297105 15.2749948502 -26.7353191376 153.4829711914 0.0000000000 0.0000000000 0.0000000000 0.0000000000
0.8768361807 15.4580869675 -26.5423851013 153.5444641113 0.0000000000 0.0000000000 0.0000000000 0.0000000000
0.8656710982 15.6415405273 -26.3975353241 153.5950622559 0.0000000000 0.0000000000 0.0000000000 0.0000000000
0.8531598449 15.8255548477 -26.2979965210 153.6353302002 0.0000000000 0.0000000000 0.0000000000 0.0000000000
0.8395281434 16.0102119446 -26.2408542633 153.6660766602 0.0000000000 0.0000000000 0.0000000000 0.0000000000
0.8249481320 16.1955070496 -26.2240715027 153.6871490479 0.0000000000 0.0000000000 0.0000000000 0.0000000000
0.8098035455 16.3811130524 -26.2450771332 153.6989288330 0.0000000000 0.0000000000 0.0000000000 0.0000000000
0.7941645980 16.5669097900 -26.3017883301 153.7017059326 0.0000000000 0.0000000000 0.0000000000 0.0000000000
0.7782659531 16.7525558472 -26.3929824829 153.6955566406 0.0000000000 0.0000000000 0.0000000000 0.0000000000
0.7624108195 16.9376239777 -26.5153312683 153.6814117432 0.0000000000 0.0000000000 0.0000000000 0.0000000000
0.7467986345 17.1215934753 -26.6650962830 153.6595611572 0.0000000000 0.0000000000 0.0000000000 0.0000000000
0.7315841913 17.3038730621 -26.8379764557 153.6310577393 0.0000000000 0.0000000000 0.0000000000 0.0000000000
0.7167705894 17.4838199615 -27.0291824341 153.5976409912 0.0000000000 0.0000000000 0.0000000000 0.0000000000
0.7025687695 17.6607685089 -27.2335147858 153.5600128174 0.0000000000 0.0000000000 0.0000000000 0.0000000000
0.6891283393 17.8341503143 -27.4446372986 153.5203094482 0.0000000000 0.0000000000 0.0000000000 0.0000000000
0.6766240001 18.0035133362 -27.6563072205 153.4802551270 0.0000000000 0.0000000000 0.0000000000 0.0000000000
0.6651859879 18.1685047150 -27.8628177643 153.4409332275 0.0000000000 0.0000000000 0.0000000000 0.0000000000
0.6551111341 18.3288955688 -28.0586109161 153.4033660889 0.0000000000 0.0000000000 0.0000000000 0.0000000000
0.6464859247 18.4847068787 -28.2384357452 153.3687744141 0.0000000000 0.0000000000 0.0000000000 0.0000000000
0.6394289136 18.6360778809 -28.3981552124 153.3383636475 0.0000000000 0.0000000000 0.0000000000 0.0000000000
0.6339925528 18.7832260132 -28.5347709656 153.3120269775 0.0000000000 0.0000000000 0.0000000000 0.0000000000
0.6302405596 18.9263629913 -28.6467418671 153.2899017334 0.0000000000 0.0000000000 0.0000000000 0.0000000000
0.6281514168 19.0656909943 -28.7331848145 153.2715454102 0.0000000000 0.0000000000 0.0000000000 0.0000000000
0.6276782155 19.2014808655 -28.7935276031 153.2571716309 0.0000000000 0.0000000000 0.0000000000 0.0000000000
0.6286447644 19.3341140747 -28.8268718719 153.2473754883 0.0000000000 0.0000000000 0.0000000000 0.0000000000
0.6308945417 19.4640083313 -28.8329830170 153.2422790527 0.0000000000 0.0000000000 0.0000000000 0.0000000000
0.6342314482 19.5913658142 -28.8128414154 153.2418670654 0.0000000000 0.0000000000 0.0000000000 0.0000000000
0.6384767890 19.7162876129 -28.7679634094 153.2460937500 0.0000000000 0.0000000000 0.0000000000 0.0000000000
0.6433646083 19.8388748169 -28.7005577087 153.2540435791 0.0000000000 0.0000000000 0.0000000000 0.0000000000
0.6486322284 19.9591541290 -28.6132068634 153.2651977539 0.0000000000 0.0000000000 0.0000000000 0.0000000000
0.6541787386 20.0771427155 -28.5093116760 153.2790222168 0.0000000000 0.0000000000 0.0000000000 0.0000000000
0.6598885059 20.1927738190 -28.3928833008 153.2940521240 0.0000000000 0.0000000000 0.0000000000 0.0000000000
0.6656436920 20.3061981201 -28.2680149078 153.3098449707 0.0000000000 0.0000000000 0.0000000000 0.0000000000
0.6713879704 20.4175720215 -28.1384220123 153.3257598877 0.0000000000 0.0000000000 0.0000000000 0.0000000000
0.6770820022 20.5269680023 -28.0071640015 153.3411407471 0.0000000000 0.0000000000 0.0000000000 0.0000000000
0.6826367974 20.6345901489 -27.8773021698 153.3554229736 0.0000000000 0.0000000000 0.0000000000 0.0000000000
0.6880868077 20.7406463623 -27.7512302399 153.3684234619 0.0000000000 0.0000000000 0.0000000000 0.0000000000
0.6933323145 20.8453712463 -27.6310043335 153.3796997070 0.0000000000 0.0000000000 0.0000000000 0.0000000000
0.6982671022 20.9490489960 -27.5182418823 153.3887634277 0.0000000000 0.0000000000 0.0000000000 0.0000000000
0.7028197646 21.0517883301 -27.4138813019 153.3956909180 0.0000000000 0.0000000000 0.0000000000 0.0000000000
0.7069208622 21.1537017822 -27.3183364868 153.4006347656 0.0000000000 0.0000000000 0.0000000000 0.0000000000
0.7105335593 21.2548217773 -27.2316322327 153.4040527344 0.0000000000 0.0000000000 0.0000000000 0.0000000000
0.7135280967 21.3551158905 -27.1536540985 153.4057769775 0.0000000000 0.0000000000 0.0000000000 0.0000000000
0.7159185410 21.4545249939 -27.0833320618 153.4062042236 0.0000000000 0.0000000000 0.0000000000 0.0000000000
0.7175943255 21.5528545380 -27.0196743011 153.4053649902 0.0000000000 0.0000000000 0.0000000000 0.0000000000
0.7186422944 21.6499729156 -26.9612464905 153.4036865234 0.0000000000 0.0000000000 0.0000000000 0.0000000000
0.7190700769 21.7457580566 -26.9065437317 153.4015045166 0.0000000000 0.0000000000 0.0000000000 0.0000000000
0.7189247608 21.8400917053 -26.8547306061 153.3990325928 0.0000000000 0.0000000000 0.0000000000 0.0000000000
0.7181788683 21.9330310822 -26.8048133850 153.3968048096 0.0000000000 0.0000000000 0.0000000000 0.0000000000
0.7168750763 22.0245532990 -26.7562885284 153.3948974609 0.0000000000 0.0000000000 0.0000000000 0.0000000000
0.7150859833 22.1146888733 -26.7090053558 153.3929748535 0.0000000000 0.0000000000 0.0000000000 0.0000000000
0.7128002048 22.2035026550 -26.6625747681 153.3912811279 0.0000000000 0.0000000000 0.0000000000 0.0000000000
0.7100338340 22.2910633087 -26.6167678833 153.3898773193 0.0000000000 0.0000000000 0.0000000000 0.0000000000
0.7068139315 22.3774185181 -26.5718708038 153.3887023926 0.0000000000 0.0000000000 0.0000000000 0.0000000000
0.7031217813 22.4626445770 -26.5284767151 153.3873138428 0.0000000000 0.0000000000 0.0000000000 0.0000000000
0.6990362406 22.5467872620 -26.4871711731 153.3855285645 0.0000000000 0.0000000000 0.0000000000 0.0000000000
0.6945567131 22.6299057007 -26.4478912354 153.3830413818 0.0000000000 0.0000000000 0.0000000000 0.0000000000
0.6897289753 22.7119998932 -26.4109210968 153.3799743652 0.0000000000 0.0000000000 0.0000000000 0.0000000000
0.6846210361 22.7930889130 -26.3765277863 153.3763732910 0.0000000000 0.0000000000 0.0000000000 0.0000000000
0.6792614460 22.8731594086 -26.3452491760 153.3719787598 0.0000000000 0.0000000000 0.0000000000 0.0000000000
0.6737430096 22.9522895813 -26.3168125153 153.3668518066 0.0000000000 0.0000000000 0.0000000000 0.0000000000
0.6680131555 23.0304584503 -26.2906532288 153.3611907959 0.0000000000 0.0000000000 0.0000000000 0.0000000000
0.6621625423 23.1077194214 -26.2664260864 153.3549499512 0.0000000000 0.0000000000 0.0000000000 0.0000000000
0.6562413573 23.1841697693 -26.2438163757 153.3481597900 0.0000000000 0.0000000000 0.0000000000 0.0000000000
0.6503078938 23.2598991394 -26.2225322723 153.3406524658 0.0000000000 0.0000000000 0.0000000000 0.0000000000
0.6443994045 23.3350238800 -26.2020568848 153.3328704834 0.0000000000 0.0000000000 0.0000000000 0.0000000000
0.6386499405 23.4094715118 -26.1817417145 153.3252716064 0.0000000000 0.0000000000 0.0000000000 0.0000000000
0.6331264973 23.4832897186 -26.1615352631 153.3175964355 0.0000000000 0.0000000000 0.0000000000 0.0000000000
0.6278100014 23.5564498901 -26.1408901215 153.3098907471 0.0000000000 0.0000000000 0.0000000000 0.0000000000
0.6227708459 23.6289558411 -26.1194686890 153.3020477295 0.0000000000 0.0000000000 0.0000000000 0.0000000000
0.6180504560 23.7008132935 -26.0968971252 153.2942962646 0.0000000000 0.0000000000 0.0000000000 0.0000000000
0.6136620045 23.7720775604 -26.0731811523 153.2868652344 0.0000000000 0.0000000000 0.0000000000 0.0000000000
0.6096476912 23.8426856995 -26.0483436584 153.2798614502 0.0000000000 0.0000000000 0.0000000000 0.0000000000
0.6059657335 23.9125690460 -26.0228767395 153.2730865479 0.0000000000 0.0000000000 0.0000000000 0.0000000000
0.6026008129 23.9817104340 -25.9972190857 153.2664489746 0.0000000000 0.0000000000 0.0000000000 0.0000000000
0.5994582176 24.0501232147 -25.9720764160 153.2599029541 0.0000000000 0.0000000000 0.0000000000 0.0000000000
0.5966432691 24.1177711487 -25.9478073120 153.2534027100 0.0000000000 0.0000000000 0.0000000000 0.0000000000
0.5941761136 24.1846981049 -25.9248561859 153.2469787598 0.0000000000 0.0000000000 0.0000000000 0.0000000000
0.5920074582 24.2509632111 -25.9032821655 153.2403717041 0.0000000000 0.0000000000 0.0000000000 0.0000000000
0.5900663137 24.3166160583 -25.8831996918 153.2337493896 0.0000000000 0.0000000000 0.0000000000 0.0000000000
0.5882731676 24.3816299438 -25.8647918701 153.2268524170 0.0000000000 0.0000000000 0.0000000000 0.0000000000
0.5866366625 24.4460506439 -25.8484344482 153.2194976807 0.0000000000 0.0000000000 0.0000000000 0.0000000000
0.5850639343 24.5098762512 -25.8343982697 153.2116851807 0.0000000000 0.0000000000 0.0000000000 0.0000000000
0.5835296512 24.5731201172 -25.8230628967 153.2031707764 0.0000000000 0.0000000000 0.0000000000 0.0000000000
0.5819295049 24.6357650757 -25.8145141602 153.1940002441 0.0000000000 0.0000000000 0.0000000000 0.0000000000
0.5802185535 24.6978054047 -25.8086910248 153.1841278076 0.0000000000 0.0000000000 0.0000000000 0.0000000000
0.5783832669 24.7592639923 -25.8052425385 153.1736145020 0.0000000000 0.0000000000 0.0000000000 0.0000000000
0.5764400959 24.8200626373 -25.8030910492 153.1625518799 0.0000000000 0.0000000000 0.0000000000 0.0000000000
0.5743123889 24.8802642822 -25.8011207581 153.1512145996 0.0000000000 0.0000000000 0.0000000000 0.0000000000
0.5719549060 24.9398841858 -25.7980480194 153.1399536133 0.0000000000 0.0000000000 0.0000000000 0.0000000000
0.5693470240 24.9988975525 -25.7927780151 153.1289672852 0.0000000000 0.0000000000 0.0000000000 0.0000000000
0.5664508939 25.0573253632 -25.7837848663 153.1185607910 0.0000000000 0.0000000000 0.0000000000 0.0000000000
0.5633034706 25.1152019501 -25.7701892853 153.1091308594 0.0000000000 0.0000000000 0.0000000000 0.0000000000
0.5600411296 25.1724624634 -25.7521648407 153.1006622314 0.0000000000 0.0000000000 0.0000000000 0.0000000000
0.5565246344 25.2291374207 -25.7303256989 153.0929107666 0.0000000000 0.0000000000 0.0000000000 0.0000000000
0.5527448058 25.2852210999 -25.7055263519 153.0858154297 0.0000000000 0.0000000000 0.0000000000 0.0000000000
0.5487712622 25.3407077789 -25.6784191132 153.0793609619 0.0000000000 0.0000000000 0.0000000000 0.0000000000
0.5446670055 25.3956985474 -25.6497898102 153.0730743408 0.0000000000 0.0000000000 0.0000000000 0.0000000000
0.5403501987 25.4502182007 -25.6200561523 153.0673065186 0.0000000000 0.0000000000 0.0000000000 0.0000000000
0.5358676910 25.5042762756 -25.5904083252 153.0617370605 0.0000000000 0.0000000000 0.0000000000 0.0000000000
0.5312756300 25.5579090118 -25.5619640350 153.0559997559 0.0000000000 0.0000000000 0.0000000000 0.0000000000
0.5265375376 25.6111450195 -25.5352668762 153.0498962402 0.0000000000 0.0000000000 0.0000000000 0.0000000000
0.5216458440 25.6640319824 -25.5106925964 153.0433959961 0.0000000000 0.0000000000 0.0000000000 0.0000000000
0.5165586472 25.7166042328 -25.4880962372 153.0367126465 0.0000000000 0.0000000000 0.0000000000 0.0000000000
0.5113220811 25.7688636780 -25.4684505463 153.0294342041 0.0000000000 0.0000000000 0.0000000000 0.0000000000
0.5059881210 25.8208580017 -25.4525489807 153.0214233398 0.0000000000 0.0000000000 0.0000000000 0.0000000000
0.5005045533 25.8726177216 -25.4408874512 153.0126190186 0.0000000000 0.0000000000 0.0000000000 0.0000000000
0.4949568510 25.9241371155 -25.4335174561 153.0030517578 0.0000000000 0.0000000000 0.0000000000 0.0000000000
0.4893580973 25.9753875732 -25.4301280975 152.9926452637 0.0000000000 0.0000000000 0.0000000000 0.0000000000
0.4837153256 26.0263195038 -25.4302310944 152.9815979004 0.0000000000 0.0000000000 0.0000000000 0.0000000000
0.4780465662 26.0768756866 -25.4330253601 152.9700927734 0.0000000000 0.0000000000 0.0000000000 0.0000000000
0.4723904729 26.1269683838 -25.4373054504 152.9583282471 0.0000000000 0.0000000000 0.0000000000 0.0000000000
0.4667854905 26.1766033173 -25.4417953491 152.9465484619 0.0000000000 0.0000000000 0.0000000000 0.0000000000
0.4612097144 26.2257537842 -25.4434165955 152.9360656738 0.0000000000 0.0000000000 0.0000000000 0.0000000000
0.4556752145 26.2744255066 -25.4425106049 152.9260864258 0.0000000000 0.0000000000 0.0000000000 0.0000000000
0.4501986504 26.3226184845 -25.4381599426 152.9168853760 0.0000000000 0.0000000000 0.0000000000 0.0000000000
0.4447042048 26.3703594208 -25.4297523499 152.9085235596 0.0000000000 0.0000000000 0.0000000000 0.0000000000
0.4391846359 26.4176731110 -25.4165687561 152.9012145996 0.0000000000 0.0000000000 0.0000000000 0.0000000000
0.4336841702 26.4645347595 -25.3985595703 152.8950653076 0.0000000000 0.0000000000 0.0000000000 0.0000000000
0.4281913936 26.5109024048 -25.3760719299 152.8899993896 0.0000000000 0.0000000000 0.0000000000 0.0000000000
0.4226913154 26.5568275452 -25.3501338959 152.8857421875 0.0000000000 0.0000000000 0.0000000000 0.0000000000
0.4171942174 26.6023941040 -25.3217468262 152.8821258545 0.0000000000 0.0000000000 0.0000000000 0.0000000000
0.4117192924 26.6476249695 -25.2921295166 152.8788452148 0.0000000000 0.0000000000 0.0000000000 0.0000000000
0.4062611461 26.6926040649 -25.2625274658 152.8756256104 0.0000000000 0.0000000000 0.0000000000 0.0000000000
0.4007850587 26.7373714447 -25.2339725494 152.8722076416 0.0000000000 0.0000000000 0.0000000000 0.0000000000
0.3953375816 26.7818546295 -25.2063293457 152.8689270020 0.0000000000 0.0000000000 0.0000000000 0.0000000000
0.3898986578 26.8262329102 -25.1817207336 152.8649291992 0.0000000000 0.0000000000 0.0000000000 0.0000000000
0.3845048845 26.8705635071 -25.1605300903 152.8601684570 0.0000000000 0.0000000000 0.0000000000 0.0000000000
0.3791125715 26.9148826599 -25.1423645020 152.8547210693 0.0000000000 0.0000000000 0.0000000000 0.0000000000
0.3737218976 26.9591770172 -25.1263809204 152.8488006592 0.0000000000 0.0000000000 0.0000000000 0.0000000000
0.3684839010 27.0034618378 -25.1119174957 152.8425903320 0.0000000000 0.0000000000 0.0000000000 0.0000000000
0.3633493483 27.0477619171 -25.0980415344 152.8363342285 0.0000000000 0.0000000000 0.0000000000 0.0000000000
0.3582133949 27.0921268463 -25.0845432281 152.8297882080 0.0000000000 0.0000000000 0.0000000000 0.0000000000
0.3531162739 27.1365432739 -25.0712451935 152.8231964111 0.0000000000 0.0000000000 0.0000000000 0.0000000000
0.3479781151 27.1809597015 -25.0577430725 152.8164672852 0.0000000000 0.0000000000 0.0000000000 0.0000000000
0.3428990841 27.2253837585 -25.0434150696 152.8098907471 0.0000000000 0.0000000000 0.0000000000 0.0000000000
0.3379580677 27.2697696686 -25.0278453827 152.8035125732 0.0000000000 0.0000000000 0.0000000000 0.0000000000
0.3332307339 27.3140068054 -25.0103435516 152.7974243164 0.0000000000 0.0000000000 0.0000000000 0.0000000000
0.3285567164 27.3582324982 -24.9894618988 152.7918548584 0.0000000000 0.0000000000 0.0000000000 0.0000000000
0.3239762187 27.4024200439 -24.9655551910 152.7868652344 0.0000000000 0.0000000000 0.0000000000 0.0000000000
0.3194706142 27.4465999603 -24.9386005402 152.7823638916 0.0000000000 0.0000000000 0.0000000000 0.0000000000
0.3150642216 27.4907417297 -24.9086418152 152.7786560059 0.0000000000 0.0000000000 0.0000000000 0.0000000000
0.3106902540 27.5348339081 -24.8750705719 152.7756958008 0.0000000000 0.0000000000 0.0000000000 0.0000000000
0.3063923120 27.5788936615 -24.8385734558 152.7734832764 0.0000000000 0.0000000000 0.0000000000 0.0000000000
0.3021522164 27.6229267120 -24.8002872467 152.7716674805 0.0000000000 0.0000000000 0.0000000000 0.0000000000
0.2979114056 27.6669578552 -24.7611865997 152.7699127197 0.0000000000 0.0000000000 0.0000000000 0.0000000000
0.2937587202 27.7109355927 -24.7215633392 152.7684478760 0.0000000000 0.0000000000 0.0000000000 0.0000000000
0.2897081971 27.7549171448 -24.6821994781 152.7669372559 0.0000000000 0.0000000000 0.0000000000 0.0000000000
0.2858244777 27.7988815308 -24.6430912018 152.7653503418 0.0000000000 0.0000000000 0.0000000000 0.0000000000
0.2821282148 27.8427410126 -24.6047611237 152.7635955811 0.0000000000 0.0000000000 0.0000000000 0.0000000000
0.2785605788 27.8865242004 -24.5666961670 152.7617187500 0.0000000000 0.0000000000 0.0000000000 0.0000000000
0.2751153111 27.9302558899 -24.5299301147 152.7592163086 0.0000000000 0.0000000000 0.0000000000 0.0000000000
0.2717361748 27.9739665985 -24.4937648773 152.7563934326 0.0000000000 0.0000000000 0.0000000000 0.0000000000
0.2683508992 28.0176868439 -24.4583816528 152.7535095215 0.0000000000 0.0000000000 0.0000000000 0.0000000000
0.2648888528 28.0614337921 -24.4231395721 152.7503204346 0.0000000000 0.0000000000 0.0000000000 0.0000000000
0.2614111900 28.1051769257 -24.3880004883 152.7471466064 0.0000000000 0.0000000000 0.0000000000 0.0000000000
0.2578302324 28.1487636566 -24.3496608734 152.7451629639 0.0000000000 0.0000000000 0.0000000000 0.0000000000
0.2542100847 28.1922779083 -24.3124332428 152.7428436279 0.0000000000 0.0000000000 0.0000000000 0.0000000000
0.2503395677 28.2356967926 -24.2766551971 152.7403564453 0.0000000000 0.0000000000 0.0000000000 0.0000000000
0.2462032437 28.2791061401 -24.2425937653 152.7376098633 0.0000000000 0.0000000000 0.0000000000 0.0000000000
0.2417879999 28.3225383759 -24.2099685669 152.7349243164 0.0000000000 0.0000000000 0.0000000000 0.0000000000
0.2371390015 28.3660621643 -24.1786613464 152.7320709229 0.0000000000 0.0000000000 0.0000000000 0.0000000000
0.2321835756 28.4097023010 -24.1481513977 152.7293243408 0.0000000000 0.0000000000 0.0000000000 0.0000000000
0.2268822342 28.4535083771 -24.1172161102 152.7268371582 0.0000000000 0.0000000000 0.0000000000 0.0000000000
0.2212106884 28.4974861145 -24.0840911865 152.7251739502 0.0000000000 0.0000000000 0.0000000000 0.0000000000
0.2150619328 28.5417022705 -24.0481071472 152.7241668701 0.0000000000 0.0000000000 0.0000000000 0.0000000000
0.2083616257 28.5861663818 -24.0078639984 152.7241516113 0.0000000000 0.0000000000 0.0000000000 0.0000000000
0.2011277676 28.6308498383 -23.9630718231 152.7253417969 0.0000000000 0.0000000000 0.0000000000 0.0000000000
0.1933984011 28.6757640839 -23.9148464203 152.7272949219 0.0000000000 0.0000000000 0.0000000000 0.0000000000
0.1851013154 28.7208480835 -23.8645992279 152.7297363281 0.0000000000 0.0000000000 0.0000000000 0.0000000000
0.1763181686 28.7660331726 -23.8140811920 152.7322082520 0.0000000000 0.0000000000 0.0000000000 0.0000000000
0.1670581847 28.8112678528 -23.7645568848 152.7342529297 0.0000000000 0.0000000000 0.0000000000 0.0000000000
0.1572252959 28.8564777374 -23.7176818848 152.7356262207 0.0000000000 0.0000000000 0.0000000000 0.0000000000
0.1467979103 28.9016323090 -23.6738166809 152.7361297607 0.0000000000 0.0000000000 0.0000000000 0.0000000000
0.1357945055 28.9467086792 -23.6333427429 152.7358398438 0.0000000000 0.0000000000 0.0000000000 0.0000000000
0.1242523044 28.9917201996 -23.5964660645 152.7346649170 0.0000000000 0.0000000000 0.0000000000 0.0000000000
0.1121566594 29.0367183685 -23.5631389618 152.7323913574 0.0000000000 0.0000000000 0.0000000000 0.0000000000
0.0995176509 29.0817337036 -23.5318794250 152.7294464111 0.0000000000 0.0000000000 0.0000000000 0.0000000000
0.0863024965 29.1267490387 -23.5020637512 152.7261352539 0.0000000000 0.0000000000 0.0000000000 0.0000000000
0.0724558234 29.1718025208 -23.4713344574 152.7229919434 0.0000000000 0.0000000000 0.0000000000 0.0000000000
0.0579511225 29.2168865204 -23.4385795593 152.7203979492 0.0000000000 0.0000000000 0.0000000000 0.0000000000
0.0427916162 29.2620201111 -23.4033718109 152.7186584473 0.0000000000 0.0000000000 0.0000000000 0.0000000000
0.0269607361 29.3071746826 -23.3655853271 152.7178039551 0.0000000000 0.0000000000 0.0000000000 0.0000000000
0.0103890002 29.3523998260 -23.3237457275 152.7182617188 0.0000000000 0.0000000000 0.0000000000 0.0000000000
-0.0068210694 29.3975868225 -23.2756710052 152.7204132080 0.0000000000 0.0000000000 0.0000000000 0.0000000000
-0.0247628633 29.4427318573 -23.2181682587 152.7250823975 0.0000000000 0.0000000000 0.0000000000 0.0000000000
-0.0434184112 29.4879016876 -23.1521396637 152.7319641113 0.0000000000 0.0000000000 0.0000000000 0.0000000000
-0.0628788322 29.5330600739 -23.0787601471 152.7407989502 0.0000000000 0.0000000000 0.0000000000 0.0000000000
-0.0831382945 29.5781364441 -23.0002613068 152.7510528564 0.0000000000 0.0000000000 0.0000000000 0.0000000000
-0.1041850075 29.6230773926 -22.9221687317 152.7613067627 0.0000000000 0.0000000000 0.0000000000 0.0000000000
-0.1260119528 29.6678447723 -22.8489131927 152.7705535889 0.0000000000 0.0000000000 0.0000000000 0.0000000000
-0.1486293077 29.7124805450 -22.7853584290 152.7774963379 0.0000000000 0.0000000000 0.0000000000 0.0000000000
-0.1720227003 29.7570877075 -22.7362308502 152.7811889648 0.0000000000 0.0000000000 0.0000000000 0.0000000000
-0.1961680949 29.8016471863 -22.7020206451 152.7814788818 0.0000000000 0.0000000000 0.0000000000 0.0000000000
-0.2211016119 29.8463115692 -22.6867904663 152.7776031494 0.0000000000 0.0000000000 0.0000000000 0.0000000000
-0.2469202876 29.8911170959 -22.6893939972 152.7698059082 0.0000000000 0.0000000000 0.0000000000 0.0000000000
-0.2736589611 29.9361286163 -22.7059822083 152.7592315674 0.0000000000 0.0000000000 0.0000000000 0.0000000000
-0.3013352454 29.9813385010 -22.7312297821 152.7470550537 0.0000000000 0.0000000000 0.0000000000 0.0000000000
-0.3299304843 30.0267391205 -22.7595462799 152.7348022461 0.0000000000 0.0000000000 0.0000000000 0.0000000000
-0.3593899012 30.0722846985 -22.7857093811 152.7234191895 0.0000000000 0.0000000000 0.0000000000 0.0000000000
-0.3896213472 30.1179409027 -22.7981204987 152.7157745361 0.0000000000 0.0000000000 0.0000000000 0.0000000000
-0.4206489921 30.1636753082 -22.7905693054 152.7130889893 0.0000000000 0.0000000000 0.0000000000 0.0000000000
-0.4522733986 30.2094383240 -22.7599182129 152.7161712646 0.0000000000 0.0000000000 0.0000000000 0.0000000000
-0.4844412208 30.2552642822 -22.7094879150 152.7239685059 0.0000000000 0.0000000000 0.0000000000 0.0000000000
-0.5170437098 30.3011264801 -22.6450519562 152.7352752686 0.0000000000 0.0000000000 0.0000000000 0.0000000000
-0.5501204729 30.3469829559 -22.5711536407 152.7487335205 0.0000000000 0.0000000000 0.0000000000 0.0000000000
-0.5835717320 30.3927936554 -22.4924449921 152.7635498047 0.0000000000 0.0000000000 0.0000000000 0.0000000000
-0.6174685955 30.4385223389 -22.4141407013 152.7781066895 0.0000000000 0.0000000000 0.0000000000 0.0000000000
-0.6518449187 30.4841842651 -22.3475284576 152.7899932861 0.0000000000 0.0000000000 0.0000000000 0.0000000000
-0.6867010593 30.5298004150 -22.3010177612 152.7970733643 0.0000000000 0.0000000000 0.0000000000 0.0000000000
-0.7221816778 30.5753746033 -22.2775573730 152.7987213135 0.0000000000 0.0000000000 0.0000000000 0.0000000000
-0.7583394051 30.6208095551 -22.2731189728 152.7959442139 0.0000000000 0.0000000000 0.0000000000 0.0000000000
-0.7952699065 30.6659774780 -22.2809429169 152.7902832031 0.0000000000 0.0000000000 0.0000000000 0.0000000000
-0.8330457807 30.7106819153 -22.2973079681 152.7823944092 0.0000000000 0.0000000000 0.0000000000 0.0000000000
-0.8718547225 30.7548236847 -22.3173675537 152.7734069824 0.0000000000 0.0000000000 0.0000000000 0.0000000000
-0.9117406607 30.7980651855 -22.3439922333 152.7624511719 0.0000000000 0.0000000000 0.0000000000 0.0000000000
-0.9528714418 30.8402919769 -22.3875923157 152.7468566895 0.0000000000 0.0000000000 0.0000000000 0.0000000000
-0.9955459833 30.8813838959 -22.4441471100 152.7282714844 0.0000000000 0.0000000000 0.0000000000 0.0000000000
-1.0397526026 30.9213504791 -22.4762592316 152.7161560059 0.0000000000 0.0000000000 0.0000000000 0.0000000000
-1.0852483511 30.9602279663 -22.4587974548 152.7162628174 0.0000000000 0.0000000000 0.0000000000 0.0000000000
-1.1320281029 30.9981155396 -22.3721427917 152.7327270508 0.0000000000 0.0000000000 0.0000000000 0.0000000000
-1.1801509857 31.0352096558 -22.2213230133 152.7643890381 0.0000000000 0.0000000000 0.0000000000 0.0000000000
-1.2296802998 31.0718193054 -22.0250244141 152.8071746826 0.0000000000 0.0000000000 0.0000000000 0.0000000000
-1.2806817293 31.1082859039 -21.8188457489 152.8527069092 0.0000000000 0.0000000000 0.0000000000 0.0000000000
-1.3331345320 31.1448993683 -21.6444168091 152.8912811279 0.0000000000 0.0000000000 0.0000000000 0.0000000000
-1.3867803812 31.1818389893 -21.5370578766 152.9144287109 0.0000000000 0.0000000000 0.0000000000 0.0000000000
-1.4412171841 31.2191066742 -21.5108604431 152.9187774658 0.0000000000 0.0000000000 0.0000000000 0.0000000000
-1.4959793091 31.2569923401 -21.5523567200 152.9073333740 0.0000000000 0.0000000000 0.0000000000 0.0000000000
-1.5505360365 31.2954368591 -21.6272735596 152.8882141113 0.0000000000 0.0000000000 0.0000000000 0.0000000000
-1.6044092178 31.3342266083 -21.6895847321 152.8722076416 0.0000000000 0.0000000000 0.0000000000 0.0000000000
-1.6572932005 31.3730983734 -21.7089500427 152.8664398193 0.0000000000 0.0000000000 0.0000000000 0.0000000000
-1.7089049816 31.4117794037 -21.6715545654 152.8741455078 0.0000000000 0.0000000000 0.0000000000 0.0000000000
-1.7591564655 31.4502449036 -21.5823287964 152.8941650391 0.0000000000 0.0000000000 0.0000000000 0.0000000000
-1.8081645966 31.4885902405 -21.4647674561 152.9207763672 0.0000000000 0.0000000000 0.0000000000 0.0000000000
-1.8560611010 31.5269775391 -21.3505897522 152.9465484619 0.0000000000 0.0000000000 0.0000000000 0.0000000000
-1.9030028582 31.5653858185 -21.2664299011 152.9653015137 0.0000000000 0.0000000000 0.0000000000 0.0000000000
-1.9490849972 31.6039848328 -21.2334899902 152.9719390869 0.0000000000 0.0000000000 0.0000000000 0.0000000000
-1.9942345619 31.6427040100 -21.2513523102 152.9666900635 0.0000000000 0.0000000000 0.0000000000 0.0000000000
-2.0385475159 31.6815967560 -21.3008861542 152.9542999268 0.0000000000 0.0000000000 0.0000000000 0.0000000000
-2.0819666386 31.7206096649 -21.3519744873 152.9417572021 0.0000000000 0.0000000000 0.0000000000 0.0000000000
-2.1244614124 31.7596244812 -21.3756980896 152.9360351562 0.0000000000 0.0000000000 0.0000000000 0.0000000000
-2.1659309864 31.7985877991 -21.3555450439 152.9408721924 0.0000000000 0.0000000000 0.0000000000 0.0000000000
-2.2064635754 31.8375263214 -21.2893390656 152.9568328857 0.0000000000 0.0000000000 0.0000000000 0.0000000000
-2.2462284565 31.8764820099 -21.1921215057 152.9803161621 0.0000000000 0.0000000000 0.0000000000 0.0000000000
-2.2854397297 31.9155540466 -21.0905742645 153.0049285889 0.0000000000 0.0000000000 0.0000000000 0.0000000000
-2.3242263794 31.9548645020 -21.0103378296 153.0243988037 0.0000000000 0.0000000000 0.0000000000 0.0000000000
-2.3627057076 31.9945125580 -20.9696025848 153.0342407227 0.0000000000 0.0000000000 0.0000000000 0.0000000000
-2.4009368420 32.0345687866 -20.9660167694 153.0349121094 0.0000000000 0.0000000000 0.0000000000 0.0000000000
-2.4389030933 32.0751380920 -20.9828357697 153.0306243896 0.0000000000 0.0000000000 0.0000000000 0.0000000000
-2.4764888287 32.1162185669 -20.9966869354 153.0269622803 0.0000000000 0.0000000000 0.0000000000 0.0000000000
-2.5137093067 32.1577491760 -20.9870433807 153.0290222168 0.0000000000 0.0000000000 0.0000000000 0.0000000000
-2.5506899357 32.1998519897 -20.9482231140 153.0383911133 0.0000000000 0.0000000000 0.0000000000 0.0000000000
-2.5875158310 32.2425155640 -20.8856601715 153.0535278320 0.0000000000 0.0000000000 0.0000000000 0.0000000000
-2.6243531704 32.2857971191 -20.8121376038 153.0715026855 0.0000000000 0.0000000000 0.0000000000 0.0000000000
-2.6612980366 32.3297386169 -20.7412128448 153.0885925293 0.0000000000 0.0000000000 0.0000000000 0.0000000000
-2.6984162331 32.3743095398 -20.6885185242 153.1012878418 0.0000000000 0.0000000000 0.0000000000 0.0000000000
-2.7357814312 32.4194412231 -20.6604938507 153.1077423096 0.0000000000 0.0000000000 0.0000000000 0.0000000000
-2.7734525204 32.4651603699 -20.6518573761 153.1091613770 0.0000000000 0.0000000000 0.0000000000 0.0000000000
-2.8113598824 32.5114250183 -20.6495056152 153.1087799072 0.0000000000 0.0000000000 0.0000000000 0.0000000000
-2.8495304585 32.5582466125 -20.6411113739 153.1095886230 0.0000000000 0.0000000000 0.0000000000 0.0000000000
-2.8879625797 32.6055717468 -20.6182003021 153.1138000488 0.0000000000 0.0000000000 0.0000000000 0.0000000000
-2.9266924858 32.6534309387 -20.5792522430 153.1218261719 0.0000000000 0.0000000000 0.0000000000 0.0000000000
-2.9656996727 32.7018203735 -20.5320949554 153.1319122314 0.0000000000 0.0000000000 0.0000000000 0.0000000000
-3.0050182343 32.7507858276 -20.4877052307 153.1414794922 0.0000000000 0.0000000000 0.0000000000 0.0000000000
-3.0446846485 32.8001976013 -20.4544296265 153.1483764648 0.0000000000 0.0000000000 0.0000000000 0.0000000000
-3.0847527981 32.8500175476 -20.4356346130 153.1518554688 0.0000000000 0.0000000000 0.0000000000 0.0000000000
-3.1250598431 32.9001312256 -20.4290351868 153.1525878906 0.0000000000 0.0000000000 0.0000000000 0.0000000000
-3.1655700207 32.9503898621 -20.4259376526 153.1525878906 0.0000000000 0.0000000000 0.0000000000 0.0000000000
-3.2061085701 33.0007019043 -20.4181327820 153.1538238525 0.0000000000 0.0000000000 0.0000000000 0.0000000000
-3.2464807034 33.0509834290 -20.3983001709 153.1579437256 0.0000000000 0.0000000000 0.0000000000 0.0000000000
-3.2866785526 33.1011199951 -20.3675918579 153.1647644043 0.0000000000 0.0000000000 0.0000000000 0.0000000000
-3.3266041279 33.1511116028 -20.3327331543 153.1725921631 0.0000000000 0.0000000000 0.0000000000 0.0000000000
-3.3662428856 33.2009353638 -20.3034400940 153.1791229248 0.0000000000 0.0000000000 0.0000000000 0.0000000000
-3.4055557251 33.2505073547 -20.2866668701 153.1826934814 0.0000000000 0.0000000000 0.0000000000 0.0000000000
-3.4446415901 33.2998733521 -20.2835674286 153.1829833984 0.0000000000 0.0000000000 0.0000000000 0.0000000000
-3.4834206104 33.3490028381 -20.2886638641 153.1815032959 0.0000000000 0.0000000000 0.0000000000 0.0000000000
-3.5218586922 33.3978347778 -20.2920589447 153.1808624268 0.0000000000 0.0000000000 0.0000000000 0.0000000000
-3.5599324703 33.4463729858 -20.2879295349 153.1823425293 0.0000000000 0.0000000000 0.0000000000 0.0000000000
-3.5976214409 33.4945755005 -20.2730064392 153.1868133545 0.0000000000 0.0000000000 0.0000000000 0.0000000000
-3.6349112988 33.5424079895 -20.2507266998 153.1932678223 0.0000000000 0.0000000000 0.0000000000 0.0000000000
-3.6717915535 33.5898666382 -20.2272186279 153.2002716064 0.0000000000 0.0000000000 0.0000000000 0.0000000000
-3.7081863880 33.6369705200 -20.2096614838 153.2058715820 0.0000000000 0.0000000000 0.0000000000 0.0000000000
-3.7441103458 33.6837692261 -20.2005844116 153.2096252441 0.0000000000 0.0000000000 0.0000000000 0.0000000000
-3.7795159817 33.7302169800 -20.1984767914 153.2115783691 0.0000000000 0.0000000000 0.0000000000 0.0000000000
-3.8142921925 33.7761535645 -20.1992397308 153.2130737305 0.0000000000 0.0000000000 0.0000000000 0.0000000000
-3.8484995365 33.8215942383 -20.1983623505 153.2149047852 0.0000000000 0.0000000000 0.0000000000 0.0000000000
-3.8820509911 33.8665046692 -20.1933441162 153.2180175781 0.0000000000 0.0000000000 0.0000000000 0.0000000000
-3.9149985313 33.9109344482 -20.1854152679 153.2219543457 0.0000000000 0.0000000000 0.0000000000 0.0000000000
-3.9473202229 33.9549217224 -20.1756210327 153.2265167236 0.0000000000 0.0000000000 0.0000000000 0.0000000000
-3.9790143967 33.9985351562 -20.1660003662 153.2312011719 0.0000000000 0.0000000000 0.0000000000 0.0000000000
-4.0100984573 34.0418014526 -20.1583499908 153.2354736328 0.0000000000 0.0000000000 0.0000000000 0.0000000000
-4.0405664444 34.0846481323 -20.1503753662 153.2399749756 0.0000000000 0.0000000000 0.0000000000 0.0000000000
-4.0704278946 34.1270866394 -20.1427059174 153.2444000244 0.0000000000 0.0000000000 0.0000000000 0.0000000000
-4.0997672081 34.1691665649 -20.1339015961 153.2491455078 0.0000000000 0.0000000000 0.0000000000 0.0000000000
-4.1285314560 34.2109565735 -20.1222896576 153.2545318604 0.0000000000 0.0000000000 0.0000000000 0.0000000000
-4.1567935944 34.2525978088 -20.1103839874 153.2599945068 0.0000000000 0.0000000000 0.0000000000 0.0000000000
-4.1845278740 34.2940292358 -20.1013069153 153.2647705078 0.0000000000 0.0000000000 0.0000000000 0.0000000000
-4.2118554115 34.3353004456 -20.0954456329 153.2687072754 0.0000000000 0.0000000000 0.0000000000 0.0000000000
-4.2387046814 34.3764724731 -20.0932636261 153.2719421387 0.0000000000 0.0000000000 0.0000000000 0.0000000000
-4.2652087212 34.4174880981 -20.0926418304 153.2749176025 0.0000000000 0.0000000000 0.0000000000 0.0000000000
-4.2913570404 34.4583473206 -20.0899105072 153.2786560059 0.0000000000 0.0000000000 0.0000000000 0.0000000000
-4.3171806335 34.4990463257 -20.0850486755 153.2830505371 0.0000000000 0.0000000000 0.0000000000 0.0000000000
-4.3427124023 34.5394783020 -20.0761775970 153.2885894775 0.0000000000 0.0000000000 0.0000000000 0.0000000000
-4.3679852486 34.5796432495 -20.0645942688 153.2948455811 0.0000000000 0.0000000000 0.0000000000 0.0000000000
-4.3930459023 34.6197395325 -20.0538940430 153.3007507324 0.0000000000 0.0000000000 0.0000000000 0.0000000000
-4.4179701805 34.6598281860 -20.0488605499 153.3054656982 0.0000000000 0.0000000000 0.0000000000 0.0000000000
-4.4426960945 34.6998443604 -20.0492191315 153.3088378906 0.0000000000 0.0000000000 0.0000000000 0.0000000000
-4.4672245979 34.7397727966 -20.0511207581 153.3120269775 0.0000000000 0.0000000000 0.0000000000 0.0000000000
-4.4916334152 34.7796440125 -20.0491313934 153.3161621094 0.0000000000 0.0000000000 0.0000000000 0.0000000000
-4.5158872604 34.8195152283 -20.0410537720 153.3218841553 0.0000000000 0.0000000000 0.0000000000 0.0000000000
-4.5400037766 34.8594741821 -20.0285854340 153.3285369873 0.0000000000 0.0000000000 0.0000000000 0.0000000000
-4.5640621185 34.8995971680 -20.0167675018 153.3351745605 0.0000000000 0.0000000000 0.0000000000 0.0000000000
-4.5881333351 34.9399681091 -20.0083694458 153.3408203125 0.0000000000 0.0000000000 0.0000000000 0.0000000000
-4.6122379303 34.9806137085 -20.0034732819 153.3455810547 0.0000000000 0.0000000000 0.0000000000 0.0000000000
-4.6364431381 35.0215530396 -20.0003185272 153.3499755859 0.0000000000 0.0000000000 0.0000000000 0.0000000000
-4.6606383324 35.0627899170 -19.9971885681 153.3541259766 0.0000000000 0.0000000000 0.0000000000 0.0000000000
-4.6848254204 35.1043395996 -19.9907150269 153.3591461182 0.0000000000 0.0000000000 0.0000000000 0.0000000000
-4.7089695930 35.1461753845 -19.9790248871 153.3652801514 0.0000000000 0.0000000000 0.0000000000 0.0000000000
-4.7331433296 35.1882896423 -19.9660720825 153.3716735840 0.0000000000 0.0000000000 0.0000000000 0.0000000000
-4.7573113441 35.2306785583 -19.9584217072 153.3765563965 0.0000000000 0.0000000000 0.0000000000 0.0000000000
-4.7814474106 35.2732582092 -19.9577331543 153.3796844482 0.0000000000 0.0000000000 0.0000000000 0.0000000000
-4.8056101799 35.3160591125 -19.9599952698 153.3819274902 0.0000000000 0.0000000000 0.0000000000 0.0000000000
-4.8298597336 35.3590164185 -19.9606914520 153.3847351074 0.0000000000 0.0000000000 0.0000000000 0.0000000000
-4.8542056084 35.4019317627 -19.9558105469 153.3889007568 0.0000000000 0.0000000000 0.0000000000 0.0000000000
-4.8786778450 35.4448127747 -19.9450531006 153.3947601318 0.0000000000 0.0000000000 0.0000000000 0.0000000000
-4.9032969475 35.4876823425 -19.9319362640 153.4012298584 0.0000000000 0.0000000000 0.0000000000 0.0000000000
-4.9281044006 35.5306777954 -19.9223976135 153.4069671631 0.0000000000 0.0000000000 0.0000000000 0.0000000000
-4.9530181885 35.5737152100 -19.9173526764 153.4115753174 0.0000000000 0.0000000000 0.0000000000 0.0000000000
-4.9779896736 35.6167259216 -19.9184722900 153.4147186279 0.0000000000 0.0000000000 0.0000000000 0.0000000000
-5.0029082298 35.6597557068 -19.9213485718 153.4174499512 0.0000000000 0.0000000000 0.0000000000 0.0000000000
-5.0277066231 35.7027702332 -19.9204807281 153.4209442139 0.0000000000 0.0000000000 0.0000000000 0.0000000000
-5.0524573326 35.7457542419 -19.9142169952 153.4258575439 0.0000000000 0.0000000000 0.0000000000 0.0000000000
-5.0770106316 35.7886924744 -19.9051399231 153.4315032959 0.0000000000 0.0000000000 0.0000000000 0.0000000000
-5.1013693810 35.8316383362 -19.8970642090 153.4370727539 0.0000000000 0.0000000000 0.0000000000 0.0000000000
-5.1256651878 35.8745346069 -19.8918094635 153.4419708252 0.0000000000 0.0000000000 0.0000000000 0.0000000000
-5.1497325897 35.9171829224 -19.8907966614 153.4461212158 0.0000000000 0.0000000000 0.0000000000 0.0000000000
-5.1735148430 35.9594192505 -19.8894863129 153.4502563477 0.0000000000 0.0000000000 0.0000000000 0.0000000000
-5.1969909668 36.0011711121 -19.8825168610 153.4559326172 0.0000000000 0.0000000000 0.0000000000 0.0000000000
-5.2202119827 36.0423927307 -19.8729724884 153.4622650146 0.0000000000 0.0000000000 0.0000000000 0.0000000000
-5.2431926727 36.0830116272 -19.8629856110 153.4687957764 0.0000000000 0.0000000000 0.0000000000 0.0000000000
-5.2660231590 36.1232376099 -19.8577442169 153.4741210938 0.0000000000 0.0000000000 0.0000000000 0.0000000000
-5.2885565758 36.1630401611 -19.8543186188 153.4789276123 0.0000000000 0.0000000000 0.0000000000 0.0000000000
-5.3106141090 36.2021064758 -19.8527641296 153.4833221436 0.0000000000 0.0000000000 0.0000000000 0.0000000000
-5.3320994377 36.2403221130 -19.8514614105 153.4877624512 0.0000000000 0.0000000000 0.0000000000 0.0000000000
-5.3528232574 36.2774429321 -19.8513126373 153.4920959473 0.0000000000 0.0000000000 0.0000000000 0.0000000000
-5.3728737831 36.3135833740 -19.8475742340 153.4976043701 0.0000000000 0.0000000000 0.0000000000 0.0000000000
-5.3922004700 36.3487854004 -19.8366909027 153.5050659180 0.0000000000 0.0000000000 0.0000000000 0.0000000000
-5.4107785225 36.3830451965 -19.8179302216 153.5146636963 0.0000000000 0.0000000000 0.0000000000 0.0000000000
-5.4287238121 36.4163513184 -19.7961654663 153.5251159668 0.0000000000 0.0000000000 0.0000000000 0.0000000000
-5.4462161064 36.4487113953 -19.7770633698 153.5350341797 0.0000000000 0.0000000000 0.0000000000 0.0000000000
-5.4634213448 36.4803771973 -19.7621822357 153.5437774658 0.0000000000 0.0000000000 0.0000000000 0.0000000000
-5.4803128242 36.5115547180 -19.7512378693 153.5514526367 0.0000000000 0.0000000000 0.0000000000 0.0000000000
-5.4969158173 36.5424461365 -19.7429981232 153.5583343506 0.0000000000 0.0000000000 0.0000000000 0.0000000000
-5.5134902000 36.5733070374 -19.7333831787 153.5653839111 0.0000000000 0.0000000000 0.0000000000 0.0000000000
-5.5301752090 36.6042213440 -19.7227058411 153.5726013184 0.0000000000 0.0000000000 0.0000000000 0.0000000000
-5.5469813347 36.6351509094 -19.7112178802 153.5799255371 0.0000000000 0.0000000000 0.0000000000 0.0000000000
-5.5640416145 36.6662635803 -19.7018871307 153.5865936279 0.0000000000 0.0000000000 0.0000000000 0.0000000000
-5.5813164711 36.6976432800 -19.6940269470 153.5927581787 0.0000000000 0.0000000000 0.0000000000 0.0000000000
-5.5989179611 36.7292060852 -19.6883468628 153.5982208252 0.0000000000 0.0000000000 0.0000000000 0.0000000000
-5.6167993546 36.7609443665 -19.6821994781 153.6037292480 0.0000000000 0.0000000000 0.0000000000 0.0000000000
-5.6347584724 36.7927818298 -19.6711196899 153.6104736328 0.0000000000 0.0000000000 0.0000000000 0.0000000000
-5.6529130936 36.8247222900 -19.6556415558 153.6180267334 0.0000000000 0.0000000000 0.0000000000 0.0000000000
-5.6714487076 36.8568572998 -19.6390190125 153.6256866455 0.0000000000 0.0000000000 0.0000000000 0.0000000000
-5.6903638840 36.8892211914 -19.6287097931 153.6314849854 0.0000000000 0.0000000000 0.0000000000 0.0000000000
-5.7096662521 36.9217262268 -19.6258449554 153.6351776123 0.0000000000 0.0000000000 0.0000000000 0.0000000000
-5.7290697098 36.9542274475 -19.6288852692 153.6372222900 0.0000000000 0.0000000000 0.0000000000 0.0000000000
-5.7486419678 36.9866409302 -19.6316680908 153.6390686035 0.0000000000 0.0000000000 0.0000000000 0.0000000000
-5.7681946754 37.0187644958 -19.6230297089 153.6437225342 0.0000000000 0.0000000000 0.0000000000 0.0000000000
-5.7875165939 37.0506248474 -19.6041946411 153.6507873535 0.0000000000 0.0000000000 0.0000000000 0.0000000000
-5.8064651489 37.0822105408 -19.5824089050 153.6585083008 0.0000000000 0.0000000000 0.0000000000 0.0000000000
-5.8251099586 37.1135025024 -19.5650978088 153.6648559570 0.0000000000 0.0000000000 0.0000000000 0.0000000000
-5.8434271812 37.1444396973 -19.5567169189 153.6688079834 0.0000000000 0.0000000000 0.0000000000 0.0000000000
-5.8613829613 37.1750450134 -19.5574092865 153.6702423096 0.0000000000 0.0000000000 0.0000000000 0.0000000000
-5.8789968491 37.2051544189 -19.5609226227 153.6707611084 0.0000000000 0.0000000000 0.0000000000 0.0000000000
-5.8962054253 37.2346763611 -19.5628814697 153.6715240479 0.0000000000 0.0000000000 0.0000000000 0.0000000000
-5.9129991531 37.2636642456 -19.5535583496 153.6750335693 0.0000000000 0.0000000000 0.0000000000 0.0000000000
-5.9294757843 37.2921562195 -19.5375232697 153.6802062988 0.0000000000 0.0000000000 0.0000000000 0.0000000000
-5.9458084106 37.3201217651 -19.5242576599 153.6845855713 0.0000000000 0.0000000000 0.0000000000 0.0000000000
-5.9621415138 37.3476905823 -19.5192451477 153.6869354248 0.0000000000 0.0000000000 0.0000000000 0.0000000000
-5.9784722328 37.3747520447 -19.5206146240 153.6876678467 0.0000000000 0.0000000000 0.0000000000 0.0000000000
-5.9946455956 37.4011154175 -19.5229072571 153.6883087158 0.0000000000 0.0000000000 0.0000000000 0.0000000000
-6.0108461380 37.4268379211 -19.5203132629 153.6902008057 0.0000000000 0.0000000000 0.0000000000 0.0000000000
-6.0270657539 37.4518089294 -19.5116558075 153.6935729980 0.0000000000 0.0000000000 0.0000000000 0.0000000000
-6.0432600975 37.4762039185 -19.5002975464 153.6976013184 0.0000000000 0.0000000000 0.0000000000 0.0000000000
-6.0594968796 37.5000877380 -19.4943180084 153.7001037598 0.0000000000 0.0000000000 0.0000000000 0.0000000000
-6.0757646561 37.5235633850 -19.4952716827 153.7010040283 0.0000000000 0.0000000000 0.0000000000 0.0000000000
-6.0919828415 37.5467033386 -19.4975051880 153.7014770508 0.0000000000 0.0000000000 0.0000000000 0.0000000000
-6.1079916954 37.5695419312 -19.4958992004 153.7031250000 0.0000000000 0.0000000000 0.0000000000 0.0000000000
-6.1239771843 37.5922317505 -19.4894390106 153.7059326172 0.0000000000 0.0000000000 0.0000000000 0.0000000000
-6.1399464607 37.6147651672 -19.4796886444 153.7096710205 0.0000000000 0.0000000000 0.0000000000 0.0000000000
-6.1558842659 37.6371154785 -19.4720668793 153.7129058838 0.0000000000 0.0000000000 0.0000000000 0.0000000000
-6.1717333794 37.6592941284 -19.4676494598 153.7152862549 0.0000000000 0.0000000000 0.0000000000 0.0000000000
-6.1874423027 37.6813049316 -19.4633846283 153.7175598145 0.0000000000 0.0000000000 0.0000000000 0.0000000000
-6.2029056549 37.7031326294 -19.4586524963 153.7198486328 0.0000000000 0.0000000000 0.0000000000 0.0000000000
-6.2179884911 37.7247581482 -19.4517345428 153.7226257324 0.0000000000 0.0000000000 0.0000000000 0.0000000000
-6.2327079773 37.7462692261 -19.4448738098 153.7252807617 0.0000000000 0.0000000000 0.0000000000 0.0000000000
-6.2471437454 37.7678947449 -19.4376831055 153.7278442383 0.0000000000 0.0000000000 0.0000000000 0.0000000000
-6.2612614632 37.7896690369 -19.4331188202 153.7296752930 0.0000000000 0.0000000000 0.0000000000 0.0000000000
-6.2751612663 37.8115768433 -19.4290828705 153.7311553955 0.0000000000 0.0000000000 0.0000000000 0.0000000000
-6.2888374329 37.8336372375 -19.4230308533 153.7331848145 0.0000000000 0.0000000000 0.0000000000 0.0000000000
-6.3022685051 37.8558959961 -19.4162120819 153.7353057861 0.0000000000 0.0000000000 0.0000000000 0.0000000000
-6.3153548241 37.8782768250 -19.4079303741 153.7378387451 0.0000000000 0.0000000000 0.0000000000 0.0000000000
-6.3280744553 37.9008674622 -19.4007320404 153.7400360107 0.0000000000 0.0000000000 0.0000000000 0.0000000000
-6.3404889107 37.9237327576 -19.3974514008 153.7411651611 0.0000000000 0.0000000000 0.0000000000 0.0000000000
-6.3526520729 37.9470443726 -19.3945484161 153.7422180176 0.0000000000 0.0000000000 0.0000000000 0.0000000000
-6.3645906448 37.9707450867 -19.3886985779 153.7439880371 0.0000000000 0.0000000000 0.0000000000 0.0000000000
-6.3761682510 37.9948081970 -19.3804550171 153.7464141846 0.0000000000 0.0000000000 0.0000000000 0.0000000000
-6.3873372078 38.0191993713 -19.3697052002 153.7495880127 0.0000000000 0.0000000000 0.0000000000 0.0000000000
-6.3980178833 38.0439071655 -19.3626041412 153.7518157959 0.0000000000 0.0000000000 0.0000000000 0.0000000000
-6.4082875252 38.0687065125 -19.3601646423 153.7529296875 0.0000000000 0.0000000000 0.0000000000 0.0000000000
-6.4183135033 38.0936698914 -19.3618011475 153.7529602051 0.0000000000 0.0000000000 0.0000000000 0.0000000000
-6.4280362129 38.1188583374 -19.3644161224 153.7529144287 0.0000000000 0.0000000000 0.0000000000 0.0000000000
-6.4374728203 38.1442337036 -19.3642711639 153.7536621094 0.0000000000 0.0000000000 0.0000000000 0.0000000000
-6.4465923309 38.1699333191 -19.3599605560 153.7556304932 0.0000000000 0.0000000000 0.0000000000 0.0000000000
-6.4554333687 38.1959342957 -19.3517723083 153.7586669922 0.0000000000 0.0000000000 0.0000000000 0.0000000000
-6.4638996124 38.2220726013 -19.3405532837 153.7625427246 0.0000000000 0.0000000000 0.0000000000 0.0000000000
-6.4719285965 38.2483482361 -19.3303356171 153.7661437988 0.0000000000 0.0000000000 0.0000000000 0.0000000000
-6.4795155525 38.2747077942 -19.3238620758 153.7687530518 0.0000000000 0.0000000000 0.0000000000 0.0000000000
-6.4868516922 38.3013343811 -19.3219718933 153.7702789307 0.0000000000 0.0000000000 0.0000000000 0.0000000000
-6.4938249588 38.3281593323 -19.3231239319 153.7709503174 0.0000000000 0.0000000000 0.0000000000 0.0000000000
-6.5004158020 38.3550834656 -19.3185100555 153.7730560303 0.0000000000 0.0000000000 0.0000000000 0.0000000000
-6.5067214966 38.3821563721 -19.3112297058 153.7758483887 0.0000000000 0.0000000000 0.0000000000 0.0000000000
-6.5127134323 38.4093780518 -19.3038043976 153.7786712646 0.0000000000 0.0000000000 0.0000000000 0.0000000000
-6.5183415413 38.4367408752 -19.2976646423 153.7812957764 0.0000000000 0.0000000000 0.0000000000 0.0000000000
-6.5238289833 38.4641990662 -19.2937946320 153.7833862305 0.0000000000 0.0000000000 0.0000000000 0.0000000000
-6.5292258263 38.4917755127 -19.2892799377 153.7857055664 0.0000000000 0.0000000000 0.0000000000 0.0000000000
-6.5345544815 38.5194473267 -19.2826747894 153.7886505127 0.0000000000 0.0000000000 0.0000000000 0.0000000000
-6.5397391319 38.5471611023 -19.2748813629 153.7919158936 0.0000000000 0.0000000000 0.0000000000 0.0000000000
-6.5446205139 38.5746917725 -19.2689094543 153.7947082520 0.0000000000 0.0000000000 0.0000000000 0.0000000000
-6.5493192673 38.6020851135 -19.2663402557 153.7966003418 0.0000000000 0.0000000000 0.0000000000 0.0000000000
-6.5538992882 38.6293716431 -19.2659454346 153.7978820801 0.0000000000 0.0000000000 0.0000000000 0.0000000000
-6.5584139824 38.6565017700 -19.2638893127 153.7994537354 0.0000000000 0.0000000000 0.0000000000 0.0000000000
-6.5628247261 38.6832389832 -19.2612628937 153.8010711670 0.0000000000 0.0000000000 0.0000000000 0.0000000000
-6.5673623085 38.7096481323 -19.2600898743 153.8022308350 0.0000000000 0.0000000000 0.0000000000 0.0000000000
-6.5721859932 38.7358551025 -19.2587623596 153.8033905029 0.0000000000 0.0000000000 0.0000000000 0.0000000000
-6.5772113800 38.7617149353 -19.2568550110 153.8047637939 0.0000000000 0.0000000000 0.0000000000 0.0000000000
-6.5824675560 38.7871932983 -19.2548484802 153.8061828613 0.0000000000 0.0000000000 0.0000000000 0.0000000000
-6.5879578590 38.8121490479 -19.2536201477 153.8074493408 0.0000000000 0.0000000000 0.0000000000 0.0000000000
-6.5936641693 38.8364524841 -19.2525291443 153.8087158203 0.0000000000 0.0000000000 0.0000000000 0.0000000000
-6.5995421410 38.8600883484 -19.2522697449 153.8097686768 0.0000000000 0.0000000000 0.0000000000 0.0000000000
-6.6056280136 38.8829421997 -19.2488059998 153.8116912842 0.0000000000 0.0000000000 0.0000000000 0.0000000000
-6.6120648384 38.9050369263 -19.2414684296 153.8146514893 0.0000000000 0.0000000000 0.0000000000 0.0000000000
-6.6188802719 38.9264183044 -19.2336578369 153.8177185059 0.0000000000 0.0000000000 0.0000000000 0.0000000000
-6.6260414124 38.9471130371 -19.2314090729 153.8194580078 0.0000000000 0.0000000000 0.0000000000 0.0000000000
-6.6336159706 38.9671287537 -19.2340507507 153.8200531006 0.0000000000 0.0000000000 0.0000000000 0.0000000000
-6.6414623260 38.9865417480 -19.2389621735 153.8201293945 0.0000000000 0.0000000000 0.0000000000 0.0000000000
-6.6495127678 39.0053901672 -19.2410583496 153.8210296631 0.0000000000 0.0000000000 0.0000000000 0.0000000000
