#         COST_U        COST_H      COST_D       COST_S       REGU_H       REGU_S          HPO           COSTGLEN 
394.5489196777 0.0000000000 0.0000000000 0.0000000000 100.2501754761 0.0000000000 7.1316928864
373.4739379883 0.0033448762 0.0000000000 0.0000000000 92.1177444458 19828.1640625000 5.0405478477
366.1905822754 0.0115470048 0.0000000000 0.0000000000 82.5824203491 35365.4609375000 3.6449792385
364.0929260254 0.0235357899 0.0000000000 0.0000000000 78.7002792358 36707.8750000000 2.7870337963
362.5038146973 0.0385389328 0.0000000000 0.0000000000 77.6267242432 33663.5000000000 2.1335759163
360.8687133789 0.0559704639 0.0000000000 0.0000000000 76.4702148438 27609.8945312500 1.6057708263
359.0315551758 0.0754403546 0.0000000000 0.0000000000 75.8620910645 24139.1699218750 1.1689894199
357.0878601074 0.0967891142 0.0000000000 0.0000000000 75.2044906616 21488.6953125000 0.8270381689
355.1368103027 0.1200132072 0.0000000000 0.0000000000 74.5928955078 19526.0507812500 0.5779267550
353.1064758301 0.1451556236 0.0000000000 0.0000000000 74.2588500977 17683.0839843750 0.3980158567
350.8916625977 0.1722424030 0.0000000000 0.0000000000 74.0372009277 15532.8652343750 0.2564868927
348.4765319824 0.2013310492 0.0000000000 0.0000000000 73.8568725586 13490.1318359375 0.1412731111
345.8536682129 0.2324706912 0.0000000000 0.0000000000 73.6605758667 11882.5507812500 0.0449022800
343.0707397461 0.2657093704 0.0000000000 0.0000000000 73.4732589722 10851.0927734375 -0.0360852368
340.2053222656 0.3010859489 0.0000000000 0.0000000000 73.2274551392 10060.2890625000 -0.1069155335
337.3560180664 0.3386057913 0.0000000000 0.0000000000 72.9360733032 9092.9375000000 -0.1701093912
334.6219787598 0.3782879412 0.0000000000 0.0000000000 72.5836105347 8030.9545898438 -0.2272064686
332.0531921387 0.4201253653 0.0000000000 0.0000000000 72.1776199341 7129.8266601562 -0.2790603042
329.6863708496 0.4641063809 0.0000000000 0.0000000000 71.7309646606 6469.6884765625 -0.3268458843
327.5491333008 0.5102252364 0.0000000000 0.0000000000 71.2494506836 5949.5996093750 -0.3710202277
325.6751403809 0.5584598780 0.0000000000 0.0000000000 70.7262954712 5451.1113281250 -0.4114426970
324.0767211914 0.6087883711 0.0000000000 0.0000000000 70.1738967896 4944.6992187500 -0.4489761591
322.7253417969 0.6611559987 0.0000000000 0.0000000000 69.5989685059 4438.2441406250 -0.4836845100
321.6068725586 0.7154966593 0.0000000000 0.0000000000 69.0258712769 3963.0439453125 -0.5159181356
320.7029418945 0.7717255950 0.0000000000 0.0000000000 68.4635925293 3568.0593261719 -0.5455940962
319.9859313965 0.8297691345 0.0000000000 0.0000000000 67.9182968140 3262.6293945312 -0.5729516745
319.4344787598 0.8895302415 0.0000000000 0.0000000000 67.3830261230 2994.6621093750 -0.5983738899
319.0230712891 0.9509080052 0.0000000000 0.0000000000 66.8566131592 2711.2983398438 -0.6218894124
318.7163696289 1.0138192177 0.0000000000 0.0000000000 66.3423538208 2429.8391113281 -0.6434769034
318.4796752930 1.0781744719 0.0000000000 0.0000000000 65.8373870850 2201.2529296875 -0.6632901430
318.2755737305 1.1438944340 0.0000000000 0.0000000000 65.3427581787 2018.8100585938 -0.6817690134
318.0893249512 1.2108902931 0.0000000000 0.0000000000 64.8630599976 1841.1883544922 -0.6991156936
317.8979187012 1.2790920734 0.0000000000 0.0000000000 64.3999252319 1660.3106689453 -0.7155332565
317.6907043457 1.3484297991 0.0000000000 0.0000000000 63.9510078430 1489.8989257812 -0.7313757539
317.4614868164 1.4188109636 0.0000000000 0.0000000000 63.5124282837 1340.9062500000 -0.7466911077
317.2011108398 1.4901620150 0.0000000000 0.0000000000 63.0870628357 1216.3715820312 -0.7614243627
316.9101867676 1.5624207258 0.0000000000 0.0000000000 62.6790771484 1112.6252441406 -0.7757321596
316.5851135254 1.6354955435 0.0000000000 0.0000000000 62.2851600647 1018.2964477539 -0.7895820141
316.2288818359 1.7093119621 0.0000000000 0.0000000000 61.9015197754 921.6599121094 -0.8030915856
315.8432922363 1.7838094234 0.0000000000 0.0000000000 61.5291671753 824.1702880859 -0.8163616061
315.4276123047 1.8589049578 0.0000000000 0.0000000000 61.1697578430 742.7702636719 -0.8293002844
314.9801025391 1.9345568419 0.0000000000 0.0000000000 60.8248481750 680.9063720703 -0.8420265317
314.5014953613 2.0107119083 0.0000000000 0.0000000000 60.4933128357 623.8020019531 -0.8546286225
313.9970703125 2.0872967243 0.0000000000 0.0000000000 60.1795234680 565.7240600586 -0.8670514822
313.4721984863 2.1642279625 0.0000000000 0.0000000000 59.8794479370 511.2948608398 -0.8793754578
312.9332275391 2.2414731979 0.0000000000 0.0000000000 59.5881767273 462.4017639160 -0.8916488290
312.3881835938 2.3189742565 0.0000000000 0.0000000000 59.3058967590 418.8047790527 -0.9038567543
311.8470153809 2.3966639042 0.0000000000 0.0000000000 59.0308723450 381.7904052734 -0.9160678983
311.3173522949 2.4744536877 0.0000000000 0.0000000000 58.7646217346 349.1219482422 -0.9283108711
310.8012390137 2.5523166656 0.0000000000 0.0000000000 58.5029602051 315.7681274414 -0.9407182932
310.3081054688 2.6302096844 0.0000000000 0.0000000000 58.2441482544 284.1263427734 -0.9532122016
309.8458557129 2.7080869675 0.0000000000 0.0000000000 57.9892730713 258.6654357910 -0.9657779932
309.4145507812 2.7859280109 0.0000000000 0.0000000000 57.7350883484 236.5982360840 -0.9784502387
309.0115051270 2.8637037277 0.0000000000 0.0000000000 57.4841575623 214.5671386719 -0.9911510348
308.6349792480 2.9413504601 0.0000000000 0.0000000000 57.2337417603 195.9024963379 -1.0038298368
308.2794799805 3.0188813210 0.0000000000 0.0000000000 56.9880867004 179.4607543945 -1.0164459944
307.9423522949 3.0962586403 0.0000000000 0.0000000000 56.7499275208 161.8708801270 -1.0289018154
307.6167297363 3.1734507084 0.0000000000 0.0000000000 56.5185203552 146.2335052490 -1.0411990881
307.2883605957 3.2504377365 0.0000000000 0.0000000000 56.2943038940 134.1893615723 -1.0533446074
306.9523620605 3.3272039890 0.0000000000 0.0000000000 56.0775451660 123.3049697876 -1.0653086901
306.6016540527 3.4037175179 0.0000000000 0.0000000000 55.8711242676 112.0389938354 -1.0771640539
306.2253723145 3.4799356461 0.0000000000 0.0000000000 55.6745986938 101.3920898438 -1.0889254808
305.8190002441 3.5558288097 0.0000000000 0.0000000000 55.4843025208 93.0965728760 -1.1005612612
305.3744201660 3.6313321590 0.0000000000 0.0000000000 55.2967491150 85.7193679810 -1.1120642424
304.8874511719 3.7064003944 0.0000000000 0.0000000000 55.1098899841 77.6722564697 -1.1234236956
304.3558654785 3.7810380459 0.0000000000 0.0000000000 54.9205780029 70.7989425659 -1.1346498728
303.7817687988 3.8552491665 0.0000000000 0.0000000000 54.7286148071 65.6129608154 -1.1457744837
303.1661682129 3.9290025234 0.0000000000 0.0000000000 54.5334777832 60.0448532104 -1.1568328142
302.5175781250 4.0022892952 0.0000000000 0.0000000000 54.3342323303 54.4054985046 -1.1678078175
301.8444213867 4.0750741959 0.0000000000 0.0000000000 54.1290702820 50.0045738220 -1.1786935329
301.1571350098 4.1473588943 0.0000000000 0.0000000000 53.9182205200 46.4829177856 -1.1894671917
300.4580688477 4.2191505432 0.0000000000 0.0000000000 53.7022285461 42.9495620728 -1.2001315355
299.7538452148 4.2904543877 0.0000000000 0.0000000000 53.4825897217 39.3163909912 -1.2107300758
299.0568542480 4.3612856865 0.0000000000 0.0000000000 53.2589492798 36.0987930298 -1.2212359905
298.3695068359 4.4316749573 0.0000000000 0.0000000000 53.0334281921 33.4272041321 -1.2317310572
297.7037048340 4.5016021729 0.0000000000 0.0000000000 52.8068733215 30.9937553406 -1.2421662807
297.0665588379 4.5710911751 0.0000000000 0.0000000000 52.5788154602 28.6620750427 -1.2525343895
296.4705505371 4.6401557922 0.0000000000 0.0000000000 52.3494720459 26.5722560883 -1.2628760338
295.9177856445 4.7087426186 0.0000000000 0.0000000000 52.1197090149 24.5341262817 -1.2731424570
295.4104003906 4.7768459320 0.0000000000 0.0000000000 51.8910331726 22.7728424072 -1.2833685875
294.9487609863 4.8444542885 0.0000000000 0.0000000000 51.6645736694 21.4014167786 -1.2935527563
294.5232238770 4.9115443230 0.0000000000 0.0000000000 51.4414825439 19.9962444305 -1.3036934137
294.1239929199 4.9781160355 0.0000000000 0.0000000000 51.2229347229 18.7295608521 -1.3137660027
293.7309875488 5.0442104340 0.0000000000 0.0000000000 51.0109596252 17.7567443848 -1.3237797022
293.3455200195 5.1097912788 0.0000000000 0.0000000000 50.8066024780 16.7356204987 -1.3336820602
292.9635314941 5.1748971939 0.0000000000 0.0000000000 50.6091804504 15.7427825928 -1.3434516191
292.5820922852 5.2395548820 0.0000000000 0.0000000000 50.4192352295 14.9155950546 -1.3531324863
292.1938171387 5.3037767410 0.0000000000 0.0000000000 50.2360954285 14.0701866150 -1.3626918793
291.8005676270 5.3676185608 0.0000000000 0.0000000000 50.0590476990 13.1750354767 -1.3721261024
291.4043884277 5.4311213493 0.0000000000 0.0000000000 49.8881340027 12.4128808975 -1.3814365864
291.0018310547 5.4943184853 0.0000000000 0.0000000000 49.7234153748 11.8016004562 -1.3906021118
290.6000366211 5.5572810173 0.0000000000 0.0000000000 49.5641555786 11.3222455978 -1.3996775150
290.2071533203 5.6200652122 0.0000000000 0.0000000000 49.4097747803 10.8094120026 -1.4086278677
289.8256835938 5.6827054024 0.0000000000 0.0000000000 49.2599449158 10.4423713684 -1.4174648523
289.4639282227 5.7452449799 0.0000000000 0.0000000000 49.1142387390 10.2696189880 -1.4261891842
289.1191711426 5.8077349663 0.0000000000 0.0000000000 48.9720306396 9.9386138916 -1.4348171949
288.7905578613 5.8701548576 0.0000000000 0.0000000000 48.8327102661 9.7669677734 -1.4433395863
288.4797668457 5.9325308800 0.0000000000 0.0000000000 48.6953582764 9.9030990601 -1.4517591000
288.1809387207 5.9949097633 0.0000000000 0.0000000000 48.5596847534 9.4495172501 -1.4600850344
287.8832397461 6.0572991371 0.0000000000 0.0000000000 48.4265632629 8.4411525726 -1.4683406353
287.5822143555 6.1196942329 0.0000000000 0.0000000000 48.2953605652 7.8703403473 -1.4765379429
287.2730712891 6.1821112633 0.0000000000 0.0000000000 48.1653785706 7.9149861336 -1.4846496582
286.9511718750 6.2445712090 0.0000000000 0.0000000000 48.0366973877 8.0641126633 -1.4926732779
286.6312255859 6.3070125580 0.0000000000 0.0000000000 47.9081192017 7.7493400574 -1.5006413460
286.3226013184 6.3693971634 0.0000000000 0.0000000000 47.7788887024 7.1025886536 -1.5085526705
286.0284423828 6.4316711426 0.0000000000 0.0000000000 47.6485824585 6.7396903038 -1.5164473057
285.7474975586 6.4938130379 0.0000000000 0.0000000000 47.5162620544 6.7036814690 -1.5242912769
285.4895629883 6.5557966232 0.0000000000 0.0000000000 47.3828887939 6.8296980858 -1.5320833921
285.2571105957 6.6176095009 0.0000000000 0.0000000000 47.2491645813 7.1394872665 -1.5398319960
285.0481262207 6.6792716980 0.0000000000 0.0000000000 47.1145095825 7.2135362625 -1.5475682020
284.8571166992 6.7408423424 0.0000000000 0.0000000000 46.9795989990 7.0050802231 -1.5552817583
284.6695251465 6.8022589684 0.0000000000 0.0000000000 46.8473472595 7.0791554451 -1.5629566908
284.4667358398 6.8635492325 0.0000000000 0.0000000000 46.7157897949 7.0711917877 -1.5706245899
284.2398376465 6.9247002602 0.0000000000 0.0000000000 46.5858650208 6.5509490967 -1.5782810450
283.9742126465 6.9857292175 0.0000000000 0.0000000000 46.4575881958 6.3415670395 -1.5859364271
283.6679077148 7.0466289520 0.0000000000 0.0000000000 46.3309631348 6.4754076004 -1.5935575962
283.3271179199 7.1073861122 0.0000000000 0.0000000000 46.2061042786 6.2258605957 -1.6011579037
282.9712524414 7.1680006981 0.0000000000 0.0000000000 46.0837020874 6.0694360733 -1.6087489128
282.6100158691 7.2284760475 0.0000000000 0.0000000000 45.9620742798 6.3836154938 -1.6162955761
282.2572631836 7.2888064384 0.0000000000 0.0000000000 45.8432388306 6.2089805603 -1.6238293648
281.9285278320 7.3489732742 0.0000000000 0.0000000000 45.7262535095 5.5026082993 -1.6313245296
281.6185913086 7.4089717865 0.0000000000 0.0000000000 45.6119194031 5.4739518166 -1.6387734413
281.3219299316 7.4688324928 0.0000000000 0.0000000000 45.4998893738 6.0400009155 -1.6462016106
281.0273437500 7.5285420418 0.0000000000 0.0000000000 45.3905029297 6.0577769279 -1.6536076069
280.7236938477 7.5880846977 0.0000000000 0.0000000000 45.2835655212 5.5768065453 -1.6609921455
280.3950500488 7.6474361420 0.0000000000 0.0000000000 45.1805419922 5.5593657494 -1.6683700085
280.0488281250 7.7065863609 0.0000000000 0.0000000000 45.0806427002 6.0551004410 -1.6757457256
279.6855468750 7.7655200958 0.0000000000 0.0000000000 44.9840507507 6.3103361130 -1.6830579042
279.3193969727 7.8242387772 0.0000000000 0.0000000000 44.8895797729 6.0493326187 -1.6903122663
278.9748535156 7.8827338219 0.0000000000 0.0000000000 44.7972030640 5.9646172523 -1.6974891424
278.6378173828 7.9410152435 0.0000000000 0.0000000000 44.7069778442 6.0960769653 -1.7046031952
278.3124694824 7.9991364479 0.0000000000 0.0000000000 44.6192779541 5.9822416306 -1.7116287947
278.0098266602 8.0570878983 0.0000000000 0.0000000000 44.5331344604 5.7428398132 -1.7185838223
277.7246093750 8.1148452759 0.0000000000 0.0000000000 44.4490089417 5.4751338959 -1.7254445553
277.4445190430 8.1724338531 0.0000000000 0.0000000000 44.3672828674 5.1874613762 -1.7322582006
277.1604614258 8.2298612595 0.0000000000 0.0000000000 44.2879829407 5.0691137314 -1.7389701605
276.8695373535 8.2871131897 0.0000000000 0.0000000000 44.2103004456 4.9157233238 -1.7456145287
276.5656433105 8.3441915512 0.0000000000 0.0000000000 44.1339073181 4.6859188080 -1.7521824837
276.2521667480 8.4010457993 0.0000000000 0.0000000000 44.0591239929 4.9512519836 -1.7586774826
275.9482116699 8.4576778412 0.0000000000 0.0000000000 43.9854545593 5.2059917450 -1.7650910616
275.6579284668 8.5141086578 0.0000000000 0.0000000000 43.9139137268 4.9022340775 -1.7714507580
275.3688964844 8.5702905655 0.0000000000 0.0000000000 43.8436279297 5.2166967392 -1.7777538300
275.0833435059 8.6262178421 0.0000000000 0.0000000000 43.7740440369 6.3481926918 -1.7839808464
274.8116760254 8.6818809509 0.0000000000 0.0000000000 43.7038421631 6.7282104492 -1.7900882959
274.5594177246 8.7372398376 0.0000000000 0.0000000000 43.6318283081 6.2799453735 -1.7961263657
274.3266906738 8.7922954559 0.0000000000 0.0000000000 43.5590553284 6.2184615135 -1.8020603657
274.1090393066 8.8470344543 0.0000000000 0.0000000000 43.4856948853 6.2124633789 -1.8079230785
273.9013366699 8.9014425278 0.0000000000 0.0000000000 43.4135322571 5.3220982552 -1.8136762381
273.6865539551 8.9555721283 0.0000000000 0.0000000000 43.3435096741 5.4546160698 -1.8193287849
273.4617919922 9.0093898773 0.0000000000 0.0000000000 43.2764587402 7.3985238075 -1.8248511553
273.2275085449 9.0628623962 0.0000000000 0.0000000000 43.2117881775 8.1712579727 -1.8302797079
272.9885253906 9.1159486771 0.0000000000 0.0000000000 43.1489105225 7.2637596130 -1.8355939388
272.7493591309 9.1686601639 0.0000000000 0.0000000000 43.0880775452 7.1208028793 -1.8408298492
272.5267944336 9.2210054398 0.0000000000 0.0000000000 43.0276527405 7.9872837067 -1.8459428549
272.3266296387 9.2729864120 0.0000000000 0.0000000000 42.9679183960 8.2602148056 -1.8509848118
272.1512451172 9.3246068954 0.0000000000 0.0000000000 42.9074707031 7.0641736984 -1.8559054136
271.9966735840 9.3758668900 0.0000000000 0.0000000000 42.8481788635 6.5341043472 -1.8607505560
271.8634643555 9.4267396927 0.0000000000 0.0000000000 42.7884597778 8.0253486633 -1.8655027151
271.7406005859 9.4772462845 0.0000000000 0.0000000000 42.7307243347 8.4380035400 -1.8701591492
271.6205444336 9.5273685455 0.0000000000 0.0000000000 42.6727294922 6.9042348862 -1.8747531176
271.4990539551 9.5771169662 0.0000000000 0.0000000000 42.6160774231 6.9494819641 -1.8792544603
271.3775329590 9.6264848709 0.0000000000 0.0000000000 42.5603103638 8.8580865860 -1.8836795092
271.2526245117 9.6754684448 0.0000000000 0.0000000000 42.5050544739 9.2270727158 -1.8880544901
271.1272583008 9.7240819931 0.0000000000 0.0000000000 42.4516296387 8.8736162186 -1.8923403025
271.0156860352 9.7723350525 0.0000000000 0.0000000000 42.3991775513 10.8517036438 -1.8965721130
270.9223327637 9.8202390671 0.0000000000 0.0000000000 42.3477249146 11.7938499451 -1.9007220268
270.8507080078 9.8678073883 0.0000000000 0.0000000000 42.2976493835 9.1854467392 -1.9048293829
270.7904968262 9.9150066376 0.0000000000 0.0000000000 42.2481575012 8.5087242126 -1.9088646173
270.7351379395 9.9618387222 0.0000000000 0.0000000000 42.2003974915 11.4756870270 -1.9128594398
270.6699829102 10.0082798004 0.0000000000 0.0000000000 42.1542358398 11.6076946259 -1.9167901278
270.5897521973 10.0543375015 0.0000000000 0.0000000000 42.1093597412 8.3147506714 -1.9206521511
270.4922485352 10.1000270844 0.0000000000 0.0000000000 42.0662803650 7.8784570694 -1.9244898558
270.3792724609 10.1454353333 0.0000000000 0.0000000000 42.0241241455 9.9536561966 -1.9282602072
270.2658691406 10.1905527115 0.0000000000 0.0000000000 41.9828147888 10.3534450531 -1.9319877625
270.1635437012 10.2354326248 0.0000000000 0.0000000000 41.9421653748 9.9077243805 -1.9356878996
270.0657043457 10.2801122665 0.0000000000 0.0000000000 41.9021377563 10.2740907669 -1.9393084049
269.9809570312 10.3245773315 0.0000000000 0.0000000000 41.8622894287 10.8298225403 -1.9429031610
269.9088745117 10.3688278198 0.0000000000 0.0000000000 41.8217201233 11.4861345291 -1.9464350939
269.8403320312 10.4128570557 0.0000000000 0.0000000000 41.7804374695 11.6725616455 -1.9499078989
269.7659301758 10.4566545486 0.0000000000 0.0000000000 41.7395248413 10.6044940948 -1.9533121586
269.6864318848 10.5002412796 0.0000000000 0.0000000000 41.6987762451 9.5330438614 -1.9566699266
269.5964660645 10.5436668396 0.0000000000 0.0000000000 41.6582031250 9.1131515503 -1.9599366188
269.5102539062 10.5869302750 0.0000000000 0.0000000000 41.6184539795 8.7359209061 -1.9631074667
269.4244079590 10.6299905777 0.0000000000 0.0000000000 41.5790481567 8.9167461395 -1.9662483931
269.3511047363 10.6729307175 0.0000000000 0.0000000000 41.5388679504 9.5274505615 -1.9694044590
269.2810974121 10.7156763077 0.0000000000 0.0000000000 41.4995536804 9.5057754517 -1.9727215767
269.2201843262 10.7582101822 0.0000000000 0.0000000000 41.4597625732 9.8701276779 -1.9759703875
269.1514587402 10.8005924225 0.0000000000 0.0000000000 41.4203948975 11.5858592987 -1.9790098667
269.0689086914 10.8427839279 0.0000000000 0.0000000000 41.3812522888 12.8153800964 -1.9819158316
268.9761047363 10.8847150803 0.0000000000 0.0000000000 41.3429756165 12.0926942825 -1.9848790169
268.8692626953 10.9263916016 0.0000000000 0.0000000000 41.3057670593 11.2057037354 -1.9879276752
268.7656250000 10.9677515030 0.0000000000 0.0000000000 41.2684860229 12.0241699219 -1.9909074306
268.6760559082 11.0088338852 0.0000000000 0.0000000000 41.2299995422 13.4518203735 -1.9937212467
268.6033935547 11.0496845245 0.0000000000 0.0000000000 41.1914253235 13.9608240128 -1.9964798689
268.5533447266 11.0903234482 0.0000000000 0.0000000000 41.1509323120 13.8481988907 -1.9993195534
268.5122680664 11.1308298111 0.0000000000 0.0000000000 41.1114921570 14.4142646790 -2.0021231174
268.4698791504 11.1711769104 0.0000000000 0.0000000000 41.0719146729 15.9129352570 -2.0048544407
268.4225463867 11.2113876343 0.0000000000 0.0000000000 41.0338783264 16.9880847931 -2.0074968338
268.3650512695 11.2514820099 0.0000000000 0.0000000000 40.9974861145 16.3967723846 -2.0102095604
268.3096008301 11.2914676666 0.0000000000 0.0000000000 40.9620933533 15.2451858521 -2.0129344463
268.2472229004 11.3313026428 0.0000000000 0.0000000000 40.9287261963 16.0628337860 -2.0155720711
268.1879272461 11.3709936142 0.0000000000 0.0000000000 40.8956146240 19.0018825531 -2.0181629658
268.1380615234 11.4105453491 0.0000000000 0.0000000000 40.8628921509 20.4027576447 -2.0207145214
268.0856933594 11.4499273300 0.0000000000 0.0000000000 40.8307647705 18.6387920380 -2.0232985020
268.0213928223 11.4890861511 0.0000000000 0.0000000000 40.7995300293 16.5548725128 -2.0258333683
267.9431457520 11.5280370712 0.0000000000 0.0000000000 40.7694854736 15.6164159775 -2.0282924175
267.8604431152 11.5667591095 0.0000000000 0.0000000000 40.7396888733 15.1636657715 -2.0307476521
267.7875976562 11.6052246094 0.0000000000 0.0000000000 40.7101058960 14.8707094193 -2.0332083702
267.7305603027 11.6434259415 0.0000000000 0.0000000000 40.6804580688 13.8429489136 -2.0356392860
267.6849060059 11.6813383102 0.0000000000 0.0000000000 40.6509475708 11.8514957428 -2.0380702019
267.6545715332 11.7189550400 0.0000000000 0.0000000000 40.6225090027 10.9046411514 -2.0404424667
267.6230163574 11.7563161850 0.0000000000 0.0000000000 40.5938529968 12.0150032043 -2.0428504944
267.5861816406 11.7934083939 0.0000000000 0.0000000000 40.5650215149 12.8120689392 -2.0452463627
267.5379638672 11.8302268982 0.0000000000 0.0000000000 40.5369033813 11.8398799896 -2.0476005077
267.4734802246 11.8667640686 0.0000000000 0.0000000000 40.5093841553 10.9720039368 -2.0499067307
267.3958740234 11.9030523300 0.0000000000 0.0000000000 40.4827461243 11.7115774155 -2.0521996021
267.3192138672 11.9390468597 0.0000000000 0.0000000000 40.4555740356 12.9496555328 -2.0544412136
267.2586669922 11.9747066498 0.0000000000 0.0000000000 40.4290275574 13.3393993378 -2.0566909313
267.2069091797 12.0100183487 0.0000000000 0.0000000000 40.4026374817 13.2736625671 -2.0588638783
267.1608886719 12.0449562073 0.0000000000 0.0000000000 40.3770980835 13.8734931946 -2.0610296726
267.1156921387 12.0794801712 0.0000000000 0.0000000000 40.3518218994 15.2812404633 -2.0631403923
267.0711364746 12.1135845184 0.0000000000 0.0000000000 40.3272933960 16.4229965210 -2.0652344227
267.0238342285 12.1472434998 0.0000000000 0.0000000000 40.3024711609 16.7452278137 -2.0672867298
266.9736938477 12.1805000305 0.0000000000 0.0000000000 40.2782783508 16.5526065826 -2.0693044662
266.9178466797 12.2133703232 0.0000000000 0.0000000000 40.2537231445 15.9375429153 -2.0713105202
266.8629760742 12.2458257675 0.0000000000 0.0000000000 40.2290802002 15.4479608536 -2.0732731819
266.8041687012 12.2778682709 0.0000000000 0.0000000000 40.2047119141 15.9818038940 -2.0752422810
266.7494506836 12.3095188141 0.0000000000 0.0000000000 40.1805877686 16.7145652771 -2.0771653652
266.6958312988 12.3406810760 0.0000000000 0.0000000000 40.1568717957 16.1244392395 -2.0790679455
266.6459655762 12.3713741302 0.0000000000 0.0000000000 40.1342353821 14.7160625458 -2.0809469223
266.5961303711 12.4015865326 0.0000000000 0.0000000000 40.1123771667 14.0453281403 -2.0828092098
266.5426330566 12.4313640594 0.0000000000 0.0000000000 40.0922508240 14.2876319885 -2.0846586227
266.4868469238 12.4607295990 0.0000000000 0.0000000000 40.0726165771 15.3522129059 -2.0865318775
266.4281616211 12.4896593094 0.0000000000 0.0000000000 40.0545387268 16.6737613678 -2.0883078575
266.3724365234 12.5182132721 0.0000000000 0.0000000000 40.0365180969 17.5403671265 -2.0901279449
266.3229980469 12.5463514328 0.0000000000 0.0000000000 40.0202903748 18.6400966644 -2.0918931961
266.2842407227 12.5740633011 0.0000000000 0.0000000000 40.0039672852 20.2178173065 -2.0936710835
266.2466125488 12.6013956070 0.0000000000 0.0000000000 39.9888992310 21.6757373810 -2.0953979492
266.1998291016 12.6283445358 0.0000000000 0.0000000000 39.9749183655 23.3320846558 -2.0971090794
266.1409606934 12.6549253464 0.0000000000 0.0000000000 39.9609603882 25.2031555176 -2.0988042355
266.0681152344 12.6811323166 0.0000000000 0.0000000000 39.9490547180 25.7859115601 -2.1004726887
265.9911804199 12.7069501877 0.0000000000 0.0000000000 39.9365615845 25.1153945923 -2.1021358967
265.9127502441 12.7323522568 0.0000000000 0.0000000000 39.9248580933 24.7867870331 -2.1037423611
265.8382568359 12.7573184967 0.0000000000 0.0000000000 39.9132270813 24.7839279175 -2.1053566933
265.7707519531 12.7818632126 0.0000000000 0.0000000000 39.9013404846 25.0890903473 -2.1068854332
265.7053527832 12.8060359955 0.0000000000 0.0000000000 39.8899993896 25.8982849121 -2.1084151268
265.6394348145 12.8299360275 0.0000000000 0.0000000000 39.8781089783 25.9709014893 -2.1098797321
265.5736694336 12.8535709381 0.0000000000 0.0000000000 39.8673896790 25.4274005890 -2.1113204956
265.5050659180 12.8768835068 0.0000000000 0.0000000000 39.8550949097 25.5155353546 -2.1127614975
265.4324951172 12.8999023438 0.0000000000 0.0000000000 39.8453369141 25.0315704346 -2.1141338348
265.3622131348 12.9226436615 0.0000000000 0.0000000000 39.8351211548 22.7395839691 -2.1155271530
265.2979736328 12.9450979233 0.0000000000 0.0000000000 39.8262557983 21.0236701965 -2.1168794632
265.2453002930 12.9672813416 0.0000000000 0.0000000000 39.8183746338 21.9474906921 -2.1182062626
265.1983337402 12.9892139435 0.0000000000 0.0000000000 39.8102073669 24.4648838043 -2.1195344925
265.1524658203 13.0109653473 0.0000000000 0.0000000000 39.8037528992 26.9225807190 -2.1208169460
265.1056823730 13.0325384140 0.0000000000 0.0000000000 39.7971572876 28.0772686005 -2.1221151352
265.0610656738 13.0539321899 0.0000000000 0.0000000000 39.7915153503 27.0894622803 -2.1233968735
265.0148925781 13.0751686096 0.0000000000 0.0000000000 39.7864303589 25.4064903259 -2.1246533394
264.9734191895 13.0962152481 0.0000000000 0.0000000000 39.7821044922 25.3392963409 -2.1259236336
264.9352416992 13.1170501709 0.0000000000 0.0000000000 39.7778892517 26.4966392517 -2.1271333694
264.8944396973 13.1376924515 0.0000000000 0.0000000000 39.7745628357 27.1848697662 -2.1283504963
264.8517456055 13.1581296921 0.0000000000 0.0000000000 39.7711105347 26.9760780334 -2.1295154095
264.8040466309 13.1783847809 0.0000000000 0.0000000000 39.7695312500 26.2457923889 -2.1306769848
264.7541809082 13.1983861923 0.0000000000 0.0000000000 39.7677497864 25.1347427368 -2.1317770481
264.7044372559 13.2181596756 0.0000000000 0.0000000000 39.7681999207 24.9242305756 -2.1328923702
264.6527404785 13.2376804352 0.0000000000 0.0000000000 39.7669601440 26.7288894653 -2.1339409351
264.6001281738 13.2569999695 0.0000000000 0.0000000000 39.7685317993 29.7204990387 -2.1350224018
264.5486145020 13.2761468887 0.0000000000 0.0000000000 39.7679023743 32.5824317932 -2.1360332966
264.5065917969 13.2951154709 0.0000000000 0.0000000000 39.7679786682 34.9149093628 -2.1370716095
264.4750976562 13.3139877319 0.0000000000 0.0000000000 39.7656402588 36.7911415100 -2.1380529404
264.4481201172 13.3327293396 0.0000000000 0.0000000000 39.7631340027 37.7863159180 -2.1390717030
264.4162902832 13.3513031006 0.0000000000 0.0000000000 39.7592124939 37.2245483398 -2.1400084496
264.3723144531 13.3697128296 0.0000000000 0.0000000000 39.7551879883 35.5969772339 -2.1410176754
264.3188476562 13.3879261017 0.0000000000 0.0000000000 39.7503471375 34.2184562683 -2.1419227123
264.2620544434 13.4059610367 0.0000000000 0.0000000000 39.7448730469 33.4835090637 -2.1428949833
264.2125549316 13.4238080978 0.0000000000 0.0000000000 39.7379684448 32.7455291748 -2.1437935829
264.1692199707 13.4414367676 0.0000000000 0.0000000000 39.7296524048 31.7373180389 -2.1447169781
264.1319580078 13.4588804245 0.0000000000 0.0000000000 39.7212219238 31.1346454620 -2.1455929279
264.1044921875 13.4762115479 0.0000000000 0.0000000000 39.7115058899 31.6646938324 -2.1464734077
264.0793762207 13.4934234619 0.0000000000 0.0000000000 39.7019500732 32.6700325012 -2.1472995281
264.0523681641 13.5104570389 0.0000000000 0.0000000000 39.6924705505 32.4188117981 -2.1481409073
264.0245056152 13.5273036957 0.0000000000 0.0000000000 39.6832771301 30.5930633545 -2.1489267349
263.9888305664 13.5439624786 0.0000000000 0.0000000000 39.6750030518 29.0490512848 -2.1497313976
263.9562072754 13.5604162216 0.0000000000 0.0000000000 39.6669692993 29.6162872314 -2.1504895687
263.9362487793 13.5767116547 0.0000000000 0.0000000000 39.6600646973 31.7495555878 -2.1512579918
263.9299316406 13.5927972794 0.0000000000 0.0000000000 39.6538047791 33.4498062134 -2.1519856453
263.9288635254 13.6086091995 0.0000000000 0.0000000000 39.6476097107 34.1683731079 -2.1527013779
263.9288024902 13.6242046356 0.0000000000 0.0000000000 39.6414756775 34.7327957153 -2.1533639431
263.9044189453 13.6396455765 0.0000000000 0.0000000000 39.6346511841 35.1761016846 -2.1540110111
263.8695983887 13.6549024582 0.0000000000 0.0000000000 39.6280097961 34.7925872803 -2.1546182632
263.8233642578 13.6699581146 0.0000000000 0.0000000000 39.6198196411 33.6839675903 -2.1552546024
263.7886352539 13.6847820282 0.0000000000 0.0000000000 39.6110725403 33.3044395447 -2.1559119225
263.7627563477 13.6994018555 0.0000000000 0.0000000000 39.6001586914 34.4871978760 -2.1565957069
263.7563476562 13.7137689590 0.0000000000 0.0000000000 39.5885009766 36.4325294495 -2.1572663784
263.7500915527 13.7278757095 0.0000000000 0.0000000000 39.5747680664 37.7626152039 -2.1578800678
263.7340698242 13.7417459488 0.0000000000 0.0000000000 39.5616607666 37.7711868286 -2.1584441662
263.7070007324 13.7554149628 0.0000000000 0.0000000000 39.5479583740 37.1214904785 -2.1590049267
263.6721191406 13.7689085007 0.0000000000 0.0000000000 39.5345726013 37.1215438843 -2.1595621109
263.6535644531 13.7822523117 0.0000000000 0.0000000000 39.5212860107 38.2168617249 -2.1601417065
263.6398620605 13.7954425812 0.0000000000 0.0000000000 39.5078735352 39.0463218689 -2.1607663631
263.6330871582 13.8084850311 0.0000000000 0.0000000000 39.4944534302 38.6638488770 -2.1613738537
263.6207580566 13.8213186264 0.0000000000 0.0000000000 39.4819908142 38.6499176025 -2.1619706154
263.5973205566 13.8338928223 0.0000000000 0.0000000000 39.4688224792 40.5380973816 -2.1625080109
263.5650329590 13.8462409973 0.0000000000 0.0000000000 39.4569854736 43.6721611023 -2.1630296707
263.5288696289 13.8583707809 0.0000000000 0.0000000000 39.4442596436 46.5710067749 -2.1635234356
263.5015869141 13.8702602386 0.0000000000 0.0000000000 39.4320793152 47.6726951599 -2.1640410423
263.4850769043 13.8819313049 0.0000000000 0.0000000000 39.4189834595 46.6313705444 -2.1645648479
263.4779663086 13.8934087753 0.0000000000 0.0000000000 39.4058799744 44.8973770142 -2.1651022434
263.4650268555 13.9047451019 0.0000000000 0.0000000000 39.3923454285 43.9147644043 -2.1656551361
263.4414978027 13.9159450531 0.0000000000 0.0000000000 39.3793373108 44.4940719604 -2.1661927700
263.4129333496 13.9270210266 0.0000000000 0.0000000000 39.3650360107 47.1247406006 -2.1667416096
263.3768005371 13.9379205704 0.0000000000 0.0000000000 39.3517417908 50.9846458435 -2.1672704220
263.3523864746 13.9486370087 0.0000000000 0.0000000000 39.3368225098 53.8340301514 -2.1678042412
263.3320007324 13.9591417313 0.0000000000 0.0000000000 39.3232841492 53.4952354431 -2.1683535576
263.3154602051 13.9693565369 0.0000000000 0.0000000000 39.3072280884 50.2823867798 -2.1688807011
263.2973327637 13.9793043137 0.0000000000 0.0000000000 39.2908592224 47.4300079346 -2.1694548130
263.2819519043 13.9889974594 0.0000000000 0.0000000000 39.2721748352 47.0345497131 -2.1699838638
263.2651672363 13.9984550476 0.0000000000 0.0000000000 39.2526855469 47.8088417053 -2.1705491543
263.2487792969 14.0077028275 0.0000000000 0.0000000000 39.2320022583 48.5016250610 -2.1710894108
263.2243957520 14.0165710449 0.0000000000 0.0000000000 39.2132911682 49.9211120605 -2.1716499329
263.1890563965 14.0252895355 0.0000000000 0.0000000000 39.1942291260 52.2209739685 -2.1721901894
263.1514282227 14.0338697433 0.0000000000 0.0000000000 39.1754493713 54.0504684448 -2.1727612019
263.1188964844 14.0422763824 0.0000000000 0.0000000000 39.1563262939 54.6432113647 -2.1732847691
263.0960693359 14.0504503250 0.0000000000 0.0000000000 39.1372718811 54.2678909302 -2.1738548279
263.0829772949 14.0583887100 0.0000000000 0.0000000000 39.1178474426 53.3890724182 -2.1743628979
263.0757446289 14.0661058426 0.0000000000 0.0000000000 39.0984573364 52.6541519165 -2.1749448776
263.0660705566 14.0736427307 0.0000000000 0.0000000000 39.0781898499 52.1865043640 -2.1754589081
263.0532226562 14.0809993744 0.0000000000 0.0000000000 39.0582084656 51.3470916748 -2.1760559082
263.0295715332 14.0881776810 0.0000000000 0.0000000000 39.0372581482 50.2944030762 -2.1765794754
263.0035400391 14.0951662064 0.0000000000 0.0000000000 39.0162277222 50.1064453125 -2.1771721840
262.9695434570 14.1019334793 0.0000000000 0.0000000000 38.9949226379 51.2300300598 -2.1776757240
262.9392089844 14.1084823608 0.0000000000 0.0000000000 38.9726905823 52.8102912903 -2.1782503128
262.9167785645 14.1148357391 0.0000000000 0.0000000000 38.9500007629 53.8389778137 -2.1787464619
262.8960571289 14.1210365295 0.0000000000 0.0000000000 38.9260597229 54.8352241516 -2.1793038845
262.8688659668 14.1270294189 0.0000000000 0.0000000000 38.9028320312 56.1742401123 -2.1798155308
262.8360900879 14.1328506470 0.0000000000 0.0000000000 38.8787422180 56.4911689758 -2.1803460121
262.7953491211 14.1385059357 0.0000000000 0.0000000000 38.8550682068 54.8564338684 -2.1808609962
262.7571716309 14.1441135406 0.0000000000 0.0000000000 38.8306159973 52.7130279541 -2.1813898087
262.7212219238 14.1496486664 0.0000000000 0.0000000000 38.8063354492 52.3476219177 -2.1819186211
262.6893005371 14.1551084518 0.0000000000 0.0000000000 38.7820510864 53.7395248413 -2.1824457645
262.6608886719 14.1605262756 0.0000000000 0.0000000000 38.7588081360 54.9209899902 -2.1829891205
262.6357116699 14.1658515930 0.0000000000 0.0000000000 38.7349243164 54.6632194519 -2.1835095882
262.6119384766 14.1710901260 0.0000000000 0.0000000000 38.7107353210 53.4731674194 -2.1840541363
262.5946960449 14.1763086319 0.0000000000 0.0000000000 38.6854896545 52.7814254761 -2.1845393181
262.5780029297 14.1815023422 0.0000000000 0.0000000000 38.6597976685 53.7444610596 -2.1850583553
262.5605468750 14.1866884232 0.0000000000 0.0000000000 38.6343307495 56.0430488586 -2.1855268478
262.5413818359 14.1918668747 0.0000000000 0.0000000000 38.6083755493 58.6727752686 -2.1860146523
262.5190124512 14.1970148087 0.0000000000 0.0000000000 38.5823173523 61.2744216919 -2.1864838600
262.4927978516 14.2022523880 0.0000000000 0.0000000000 38.5560951233 63.1930770874 -2.1869480610
262.4609375000 14.2075796127 0.0000000000 0.0000000000 38.5296669006 63.6557464600 -2.1874294281
262.4242553711 14.2129945755 0.0000000000 0.0000000000 38.5034980774 62.9499893188 -2.1878871918
262.4058227539 14.2184982300 0.0000000000 0.0000000000 38.4769859314 61.9304695129 -2.1883490086
262.3873291016 14.2241134644 0.0000000000 0.0000000000 38.4522438049 61.0533599854 -2.1888058186
262.3835449219 14.2297887802 0.0000000000 0.0000000000 38.4259681702 60.7756080627 -2.1892123222
262.3686218262 14.2355203629 0.0000000000 0.0000000000 38.4018058777 61.9807395935 -2.1896317005
262.3651428223 14.2413606644 0.0000000000 0.0000000000 38.3756675720 64.6849136353 -2.1899106503
262.3508605957 14.2473125458 0.0000000000 0.0000000000 38.3513908386 67.6495056152 -2.1902942657
262.3492431641 14.2533521652 0.0000000000 0.0000000000 38.3260765076 69.7660751343 -2.1905958652
262.3296203613 14.2594585419 0.0000000000 0.0000000000 38.3028068542 70.7847137451 -2.1912705898
262.3072204590 14.2656278610 0.0000000000 0.0000000000 38.2791328430 70.7651596069 -2.1918835640
262.2721862793 14.2718677521 0.0000000000 0.0000000000 38.2557296753 70.1401290894 -2.1924488544
262.2381896973 14.2782287598 0.0000000000 0.0000000000 38.2315177917 70.1445617676 -2.1928262711
262.2298889160 14.2847099304 0.0000000000 0.0000000000 38.2067985535 72.0204391479 -2.1931397915
262.2310791016 14.2913370132 0.0000000000 0.0000000000 38.1815261841 75.7599258423 -2.1935431957
262.2494506836 14.2981081009 0.0000000000 0.0000000000 38.1557655334 80.1996917725 -2.1940090656
262.2415466309 14.3050413132 0.0000000000 0.0000000000 38.1297760010 84.3396148682 -2.1945633888
262.2145996094 14.3121614456 0.0000000000 0.0000000000 38.1041793823 88.1421051025 -2.1950211525
262.1740722656 14.3193578720 0.0000000000 0.0000000000 38.0773506165 92.1678848267 -2.1953980923
262.1370849609 14.3266649246 0.0000000000 0.0000000000 38.0505638123 96.3820343018 -2.1957237720
262.1175842285 14.3340997696 0.0000000000 0.0000000000 38.0222282410 99.3081970215 -2.1960721016
262.1021423340 14.3416509628 0.0000000000 0.0000000000 37.9956703186 99.0592041016 -2.1965329647
262.1021423340 14.3492860794 0.0000000000 0.0000000000 37.9678306580 95.4386978149 -2.1969733238
262.0869140625 14.3570022583 0.0000000000 0.0000000000 37.9420928955 90.6711425781 -2.1974313259
262.0571594238 14.3647813797 0.0000000000 0.0000000000 37.9150390625 87.2762374878 -2.1977939606
262.0254211426 14.3725185394 0.0000000000 0.0000000000 37.8893432617 86.3632202148 -2.1981742382
261.9976196289 14.3802690506 0.0000000000 0.0000000000 37.8616600037 87.9915237427 -2.1985087395
261.9864196777 14.3880262375 0.0000000000 0.0000000000 37.8346481323 90.8340759277 -2.1989092827
261.9799194336 14.3957929611 0.0000000000 0.0000000000 37.8076553345 92.8690795898 -2.1992971897
261.9749145508 14.4035482407 0.0000000000 0.0000000000 37.7815513611 93.2632598877 -2.1997344494
261.9511718750 14.4113054276 0.0000000000 0.0000000000 37.7563209534 92.0262451172 -2.2001008987
261.9223022461 14.4190855026 0.0000000000 0.0000000000 37.7311630249 89.1092758179 -2.2004795074
261.8888854980 14.4268951416 0.0000000000 0.0000000000 37.7054901123 85.2539062500 -2.2007956505
261.8669433594 14.4347801208 0.0000000000 0.0000000000 37.6801033020 82.0759506226 -2.2011499405
261.8624572754 14.4427328110 0.0000000000 0.0000000000 37.6539993286 80.4728698730 -2.2014718056
261.8709716797 14.4507770538 0.0000000000 0.0000000000 37.6283645630 79.5795135498 -2.2018370628
261.8801269531 14.4589233398 0.0000000000 0.0000000000 37.6035499573 77.9519042969 -2.2021784782
261.8786315918 14.4671077728 0.0000000000 0.0000000000 37.5781173706 75.0307922363 -2.2025165558
261.8470458984 14.4753513336 0.0000000000 0.0000000000 37.5538940430 71.8105621338 -2.2028367519
261.8077392578 14.4836568832 0.0000000000 0.0000000000 37.5292892456 69.9371719360 -2.2031157017
261.7658081055 14.4920368195 0.0000000000 0.0000000000 37.5045814514 69.4959716797 -2.2034106255
261.7475585938 14.5004453659 0.0000000000 0.0000000000 37.4803733826 69.0652084351 -2.2036828995
261.7460937500 14.5088615417 0.0000000000 0.0000000000 37.4552879333 67.8430099487 -2.2039670944
261.7546691895 14.5172748566 0.0000000000 0.0000000000 37.4309120178 66.1435241699 -2.2042489052
261.7549133301 14.5257282257 0.0000000000 0.0000000000 37.4069900513 64.8259124756 -2.2045319080
261.7381286621 14.5342369080 0.0000000000 0.0000000000 37.3837432861 64.7296676636 -2.2048246861
261.7098693848 14.5427923203 0.0000000000 0.0000000000 37.3600120544 65.9403991699 -2.2051193714
261.6746215820 14.5513830185 0.0000000000 0.0000000000 37.3372306824 67.6025619507 -2.2054181099
261.6395263672 14.5600042343 0.0000000000 0.0000000000 37.3151397705 68.7999420166 -2.2057106495
261.6334533691 14.5686559677 0.0000000000 0.0000000000 37.2926368713 69.5476608276 -2.2059986591
261.6385498047 14.5773611069 0.0000000000 0.0000000000 37.2702026367 70.4761047363 -2.2062799931
261.6504821777 14.5861120224 0.0000000000 0.0000000000 37.2468566895 72.1014556885 -2.2065594196
261.6572265625 14.5948982239 0.0000000000 0.0000000000 37.2237854004 74.6799087524 -2.2068333626
261.6521911621 14.6036977768 0.0000000000 0.0000000000 37.2004432678 78.2732543945 -2.2071321011
261.6253662109 14.6124582291 0.0000000000 0.0000000000 37.1775550842 82.4502868652 -2.2073786259
261.5868835449 14.6211824417 0.0000000000 0.0000000000 37.1544380188 86.0473022461 -2.2076911926
261.5561828613 14.6298646927 0.0000000000 0.0000000000 37.1312294006 88.0141296387 -2.2079329491
261.5490722656 14.6384830475 0.0000000000 0.0000000000 37.1076736450 88.4830093384 -2.2082278728
261.5611267090 14.6470499039 0.0000000000 0.0000000000 37.0837173462 88.7438049316 -2.2084634304
261.5827026367 14.6555080414 0.0000000000 0.0000000000 37.0596885681 90.2608947754 -2.2087290287
261.5816345215 14.6638879776 0.0000000000 0.0000000000 37.0352973938 93.6839141846 -2.2089796066
261.5588684082 14.6721887589 0.0000000000 0.0000000000 37.0112571716 98.2237396240 -2.2092261314
261.5164794922 14.6804075241 0.0000000000 0.0000000000 36.9867820740 102.6416778564 -2.2094798088
261.4861755371 14.6885757446 0.0000000000 0.0000000000 36.9609794617 106.7830810547 -2.2097065449
261.4703369141 14.6967105865 0.0000000000 0.0000000000 36.9335098267 111.1055297852 -2.2099580765
261.4734802246 14.7048578262 0.0000000000 0.0000000000 36.9042129517 115.8610076904 -2.2101888657
261.4841918945 14.7130002975 0.0000000000 0.0000000000 36.8742752075 120.9090118408 -2.2104353905
261.4877929688 14.7211179733 0.0000000000 0.0000000000 36.8440017700 125.5099105835 -2.2106645107
261.4862670898 14.7291975021 0.0000000000 0.0000000000 36.8137817383 128.6210937500 -2.2108755112
261.4814758301 14.7372360229 0.0000000000 0.0000000000 36.7829322815 129.9331970215 -2.2110829353
261.4862670898 14.7451868057 0.0000000000 0.0000000000 36.7521667480 130.3037109375 -2.2112441063
261.4976196289 14.7530508041 0.0000000000 0.0000000000 36.7206497192 130.9854125977 -2.2113866806
261.5199890137 14.7608489990 0.0000000000 0.0000000000 36.6901931763 133.2153167725 -2.2114217281
261.5430603027 14.7685623169 0.0000000000 0.0000000000 36.6585006714 137.9383697510 -2.2112941742
261.5446777344 14.7762231827 0.0000000000 0.0000000000 36.6289367676 144.0356140137 -2.2112970352
261.5525512695 14.7838315964 0.0000000000 0.0000000000 36.5980224609 148.4917907715 -2.2114925385
261.5402832031 14.7913780212 0.0000000000 0.0000000000 36.5696601868 149.0489044189 -2.2122831345
261.5168151855 14.7988338470 0.0000000000 0.0000000000 36.5412597656 146.0218505859 -2.2127578259
261.4711914062 14.8062381744 0.0000000000 0.0000000000 36.5139198303 141.2357940674 -2.2128469944
261.4399719238 14.8135824203 0.0000000000 0.0000000000 36.4867897034 136.4151763916 -2.2127666473
261.4619140625 14.8208990097 0.0000000000 0.0000000000 36.4591827393 133.0791778564 -2.2129034996
261.4938049316 14.8282251358 0.0000000000 0.0000000000 36.4318580627 131.8984069824 -2.2134580612
261.5106201172 14.8355607986 0.0000000000 0.0000000000 36.4049568176 131.6552581787 -2.2138521671
261.4870300293 14.8429002762 0.0000000000 0.0000000000 36.3789253235 130.2815856934 -2.2139766216
261.4344482422 14.8502588272 0.0000000000 0.0000000000 36.3536682129 126.2170410156 -2.2140083313
261.4043884277 14.8576488495 0.0000000000 0.0000000000 36.3284072876 119.4062500000 -2.2142426968
261.4022827148 14.8650264740 0.0000000000 0.0000000000 36.3028221130 111.7407913208 -2.2146828175
261.4264526367 14.8724107742 0.0000000000 0.0000000000 36.2775878906 105.1644821167 -2.2150650024
261.4397277832 14.8798255920 0.0000000000 0.0000000000 36.2529144287 99.7308425903 -2.2152216434
261.4317626953 14.8872222900 0.0000000000 0.0000000000 36.2289390564 94.5872879028 -2.2153604031
261.4117736816 14.8946485519 0.0000000000 0.0000000000 36.2058525085 89.9418640137 -2.2155823708
261.3732299805 14.9020814896 0.0000000000 0.0000000000 36.1828002930 87.2999572754 -2.2159688473
261.3517150879 14.9094924927 0.0000000000 0.0000000000 36.1603851318 87.3674316406 -2.2163448334
261.3421325684 14.9168529510 0.0000000000 0.0000000000 36.1375045776 88.4731292725 -2.2166116238
261.3456420898 14.9242544174 0.0000000000 0.0000000000 36.1145858765 88.3226318359 -2.2168290615
261.3529663086 14.9317264557 0.0000000000 0.0000000000 36.0929183960 86.5844039917 -2.2170374393
261.3436584473 14.9392776489 0.0000000000 0.0000000000 36.0714836121 84.6038208008 -2.2173831463
261.3203125000 14.9468545914 0.0000000000 0.0000000000 36.0507698059 83.5167999268 -2.2177231312
261.2679443359 14.9543943405 0.0000000000 0.0000000000 36.0293426514 83.4499969482 -2.2180757523
261.2188720703 14.9619026184 0.0000000000 0.0000000000 36.0078353882 84.0183334351 -2.2183203697
261.1942138672 14.9693078995 0.0000000000 0.0000000000 35.9848937988 85.1833648682 -2.2185926437
261.1919860840 14.9766798019 0.0000000000 0.0000000000 35.9616775513 87.2137527466 -2.2188737392
261.2152099609 14.9839973450 0.0000000000 0.0000000000 35.9374809265 90.5229187012 -2.2191972733
261.2200317383 14.9912605286 0.0000000000 0.0000000000 35.9138832092 95.6239166260 -2.2195334435
261.1977539062 14.9984531403 0.0000000000 0.0000000000 35.8903121948 102.0966186523 -2.2198312283
261.1596679688 15.0056486130 0.0000000000 0.0000000000 35.8678855896 108.5320281982 -2.2201089859
261.1262512207 15.0128593445 0.0000000000 0.0000000000 35.8449630737 114.0328598022 -2.2203798294
261.1162109375 15.0200309753 0.0000000000 0.0000000000 35.8222007751 118.5846786499 -2.2206654549
261.1184692383 15.0271129608 0.0000000000 0.0000000000 35.7982368469 122.0695495605 -2.2209742069
261.1192016602 15.0341777802 0.0000000000 0.0000000000 35.7741012573 123.9535217285 -2.2212967873
261.1106567383 15.0413360596 0.0000000000 0.0000000000 35.7491722107 123.7705612183 -2.2216062546
261.0876464844 15.0485715866 0.0000000000 0.0000000000 35.7241630554 121.4305953979 -2.2219238281
261.0752258301 15.0558347702 0.0000000000 0.0000000000 35.6984786987 117.7034072876 -2.2222044468
261.0685424805 15.0630302429 0.0000000000 0.0000000000 35.6722679138 114.6491088867 -2.2225351334
261.0762939453 15.0701971054 0.0000000000 0.0000000000 35.6455726624 114.7750549316 -2.2228250504
261.0820312500 15.0774450302 0.0000000000 0.0000000000 35.6202049255 119.3297271729 -2.2231969833
261.0837097168 15.0847721100 0.0000000000 0.0000000000 35.5957374573 126.9946136475 -2.2235076427
261.0613708496 15.0921430588 0.0000000000 0.0000000000 35.5735969543 134.7098083496 -2.2238910198
261.0313720703 15.0995426178 0.0000000000 0.0000000000 35.5525360107 139.7789916992 -2.2241930962
261.0007324219 15.1069812775 0.0000000000 0.0000000000 35.5327873230 141.3815460205 -2.2245597839
260.9830627441 15.1144056320 0.0000000000 0.0000000000 35.5129928589 140.9252319336 -2.2248604298
260.9757385254 15.1217317581 0.0000000000 0.0000000000 35.4929008484 141.0596618652 -2.2252061367
260.9741516113 15.1289758682 0.0000000000 0.0000000000 35.4717521667 143.8018646240 -2.2255334854
260.9645385742 15.1361656189 0.0000000000 0.0000000000 35.4499740601 149.1065063477 -2.2258796692
260.9494018555 15.1433172226 0.0000000000 0.0000000000 35.4274101257 154.7880249023 -2.2262208462
260.9218750000 15.1503839493 0.0000000000 0.0000000000 35.4045448303 158.0336303711 -2.2265717983
260.8973388672 15.1574144363 0.0000000000 0.0000000000 35.3822174072 157.7318267822 -2.2268860340
260.8801574707 15.1644544601 0.0000000000 0.0000000000 35.3592109680 155.3557128906 -2.2272348404
260.8787841797 15.1714296341 0.0000000000 0.0000000000 35.3358573914 153.1579437256 -2.2275247574
260.8710937500 15.1783046722 0.0000000000 0.0000000000 35.3119430542 151.8238220215 -2.2278721333
260.8589782715 15.1850814819 0.0000000000 0.0000000000 35.2878646851 149.7036590576 -2.2281470299
260.8293457031 15.1918106079 0.0000000000 0.0000000000 35.2650146484 144.7251586914 -2.2284703255
260.8094482422 15.1985158920 0.0000000000 0.0000000000 35.2417068481 137.0118865967 -2.2287497520
260.7899169922 15.2051916122 0.0000000000 0.0000000000 35.2203025818 129.0994415283 -2.2290499210
260.7860412598 15.2118539810 0.0000000000 0.0000000000 35.1991195679 123.8438415527 -2.2293381691
260.7784729004 15.2185602188 0.0000000000 0.0000000000 35.1798858643 122.5720520020 -2.2296447754
260.7708435059 15.2251911163 0.0000000000 0.0000000000 35.1601181030 123.9687042236 -2.2299418449
260.7533569336 15.2317838669 0.0000000000 0.0000000000 35.1423873901 125.2331695557 -2.2302551270
260.7312927246 15.2383422852 0.0000000000 0.0000000000 35.1249237061 124.8230895996 -2.2305579185
260.7108154297 15.2449102402 0.0000000000 0.0000000000 35.1088447571 123.5110549927 -2.2308764458
260.6994934082 15.2514629364 0.0000000000 0.0000000000 35.0918998718 123.0046157837 -2.2311871052
260.6943054199 15.2580413818 0.0000000000 0.0000000000 35.0754051208 124.1800689697 -2.2315008640
260.6930236816 15.2646646500 0.0000000000 0.0000000000 35.0583114624 126.3986587524 -2.2318029404
260.6849060059 15.2713670731 0.0000000000 0.0000000000 35.0419883728 128.3135223389 -2.2321155071
260.6700439453 15.2780542374 0.0000000000 0.0000000000 35.0254249573 129.0528411865 -2.2324130535
260.6516418457 15.2846851349 0.0000000000 0.0000000000 35.0096855164 128.7778930664 -2.2327253819
260.6384277344 15.2912216187 0.0000000000 0.0000000000 34.9944190979 128.7099761963 -2.2330260277
260.6221923828 15.2976474762 0.0000000000 0.0000000000 34.9797134399 130.5338897705 -2.2333323956
260.6158447266 15.3040103912 0.0000000000 0.0000000000 34.9659805298 135.0933227539 -2.2336456776
260.5949401855 15.3102703094 0.0000000000 0.0000000000 34.9531669617 141.0167083740 -2.2339582443
260.5722961426 15.3164863586 0.0000000000 0.0000000000 34.9416122437 145.5489807129 -2.2342793941
260.5464477539 15.3226356506 0.0000000000 0.0000000000 34.9314079285 147.4562988281 -2.2346079350
260.5348205566 15.3286943436 0.0000000000 0.0000000000 34.9213752747 147.6295318604 -2.2349483967
260.5217895508 15.3346538544 0.0000000000 0.0000000000 34.9127655029 147.6166992188 -2.2353000641
260.5082397461 15.3404645920 0.0000000000 0.0000000000 34.9034690857 149.7850799561 -2.2356624603
260.4805908203 15.3462591171 0.0000000000 0.0000000000 34.8958129883 155.7828369141 -2.2360122204
260.4513854980 15.3520116806 0.0000000000 0.0000000000 34.8871955872 163.3632049561 -2.2363801003
260.4244079590 15.3577251434 0.0000000000 0.0000000000 34.8804550171 168.2690582275 -2.2367229462
260.4050292969 15.3633480072 0.0000000000 0.0000000000 34.8725662231 169.0549926758 -2.2370638847
260.3853759766 15.3689708710 0.0000000000 0.0000000000 34.8651962280 166.6531066895 -2.2373738289
260.3659973145 15.3745136261 0.0000000000 0.0000000000 34.8575744629 161.0603942871 -2.2376701832
260.3505554199 15.3801012039 0.0000000000 0.0000000000 34.8501091003 153.3972473145 -2.2379596233
260.3363037109 15.3856353760 0.0000000000 0.0000000000 34.8436126709 147.6297607422 -2.2382428646
260.3369445801 15.3911190033 0.0000000000 0.0000000000 34.8371276855 146.1498260498 -2.2385060787
260.3429565430 15.3964796066 0.0000000000 0.0000000000 34.8322677612 146.6884460449 -2.2387831211
260.3545837402 15.4018297195 0.0000000000 0.0000000000 34.8277893066 146.6423339844 -2.2390129566
260.3491821289 15.4073286057 0.0000000000 0.0000000000 34.8257102966 147.5042572021 -2.2392883301
260.3335876465 15.4128684998 0.0000000000 0.0000000000 34.8243675232 151.5103912354 -2.2395215034
260.3026428223 15.4184665680 0.0000000000 0.0000000000 34.8239898682 157.5172271729 -2.2397968769
260.2775268555 15.4240808487 0.0000000000 0.0000000000 34.8235740662 163.3706970215 -2.2400636673
260.2516174316 15.4296550751 0.0000000000 0.0000000000 34.8236579895 168.9554443359 -2.2403614521
260.2429809570 15.4351911545 0.0000000000 0.0000000000 34.8230819702 174.7330932617 -2.2406482697
260.2268371582 15.4406938553 0.0000000000 0.0000000000 34.8222656250 179.6318359375 -2.2409582138
260.2106323242 15.4461288452 0.0000000000 0.0000000000 34.8203201294 181.3371582031 -2.2412467003
260.1876831055 15.4514684677 0.0000000000 0.0000000000 34.8180770874 178.4272460938 -2.2415478230
260.1692199707 15.4568042755 0.0000000000 0.0000000000 34.8165206909 171.4577331543 -2.2418220043
260.1482238770 15.4620676041 0.0000000000 0.0000000000 34.8150558472 162.6502838135 -2.2420992851
260.1338500977 15.4673128128 0.0000000000 0.0000000000 34.8154067993 154.8900451660 -2.2423605919
260.1116027832 15.4725608826 0.0000000000 0.0000000000 34.8154258728 149.9499816895 -2.2426109314
260.0801086426 15.4778823853 0.0000000000 0.0000000000 34.8182296753 147.4977111816 -2.2428572178
260.0469665527 15.4831523895 0.0000000000 0.0000000000 34.8208580017 146.1564483643 -2.2430918217
260.0189514160 15.4884281158 0.0000000000 0.0000000000 34.8248786926 145.0081024170 -2.2433395386
260.0014038086 15.4935636520 0.0000000000 0.0000000000 34.8280372620 144.1823120117 -2.2435872555
259.9937744141 15.4986171722 0.0000000000 0.0000000000 34.8317298889 144.1213226318 -2.2438356876
259.9804077148 15.5035085678 0.0000000000 0.0000000000 34.8344383240 144.3814239502 -2.2441110611
259.9673156738 15.5082569122 0.0000000000 0.0000000000 34.8388633728 143.4918518066 -2.2443513870
259.9365234375 15.5128402710 0.0000000000 0.0000000000 34.8422050476 140.4304351807 -2.2446446419
259.9170532227 15.5172786713 0.0000000000 0.0000000000 34.8473625183 135.7616882324 -2.2448906898
259.8967285156 15.5215559006 0.0000000000 0.0000000000 34.8508186340 131.5651092529 -2.2451944351
259.8890380859 15.5258579254 0.0000000000 0.0000000000 34.8552246094 129.7603759766 -2.2454771996
259.8634338379 15.5301914215 0.0000000000 0.0000000000 34.8586273193 130.6958312988 -2.2457802296
259.8380432129 15.5345220566 0.0000000000 0.0000000000 34.8620986938 132.9537353516 -2.2461011410
259.8146667480 15.5389108658 0.0000000000 0.0000000000 34.8646125793 134.6242218018 -2.2464020252
259.8077392578 15.5433855057 0.0000000000 0.0000000000 34.8668022156 134.8729248047 -2.2467393875
259.8077392578 15.5477895737 0.0000000000 0.0000000000 34.8687973022 134.5038452148 -2.2470474243
259.8060913086 15.5521020889 0.0000000000 0.0000000000 34.8712348938 134.8405456543 -2.2473676205
259.7974243164 15.5563106537 0.0000000000 0.0000000000 34.8741798401 136.2356567383 -2.2476801872
259.7870178223 15.5604829788 0.0000000000 0.0000000000 34.8770179749 138.2779235840 -2.2479934692
259.7653808594 15.5646371841 0.0000000000 0.0000000000 34.8810234070 141.6958618164 -2.2483148575
259.7621765137 15.5687971115 0.0000000000 0.0000000000 34.8843154907 148.3059844971 -2.2486112118
259.7604675293 15.5729322433 0.0000000000 0.0000000000 34.8880653381 158.1329193115 -2.2489292622
259.7688903809 15.5770416260 0.0000000000 0.0000000000 34.8903770447 168.3886718750 -2.2492072582
259.7661437988 15.5810985565 0.0000000000 0.0000000000 34.8920936584 175.6822814941 -2.2495157719
259.7657775879 15.5850639343 0.0000000000 0.0000000000 34.8928794861 178.2716522217 -2.2497861385
259.7514038086 15.5889387131 0.0000000000 0.0000000000 34.8935470581 176.5500030518 -2.2500712872
259.7372131348 15.5927124023 0.0000000000 0.0000000000 34.8932533264 172.4763183594 -2.2503354549
259.7147827148 15.5965251923 0.0000000000 0.0000000000 34.8934516907 168.8180694580 -2.2506172657
259.7039489746 15.6003646851 0.0000000000 0.0000000000 34.8926162720 167.8431091309 -2.2508912086
259.6962890625 15.6042795181 0.0000000000 0.0000000000 34.8928565979 170.3207550049 -2.2511694431
259.6909790039 15.6082277298 0.0000000000 0.0000000000 34.8912162781 175.4077301025 -2.2514362335
259.6802062988 15.6121902466 0.0000000000 0.0000000000 34.8911857605 181.2738800049 -2.2517218590
259.6663818359 15.6161193848 0.0000000000 0.0000000000 34.8895072937 186.0858306885 -2.2519948483
259.6445007324 15.6200551987 0.0000000000 0.0000000000 34.8896980286 188.9096374512 -2.2523107529
259.6238708496 15.6240129471 0.0000000000 0.0000000000 34.8882598877 190.0615844727 -2.2526047230
259.6025695801 15.6280403137 0.0000000000 0.0000000000 34.8888130188 190.6478576660 -2.2529413700
259.5905151367 15.6320648193 0.0000000000 0.0000000000 34.8892555237 191.2449798584 -2.2532196045
259.5714111328 15.6361064911 0.0000000000 0.0000000000 34.8915901184 191.2743988037 -2.2535502911
259.5609741211 15.6401586533 0.0000000000 0.0000000000 34.8932151794 190.2982482910 -2.2538161278
259.5392761230 15.6441926956 0.0000000000 0.0000000000 34.8953170776 189.2057952881 -2.2541592121
259.5127563477 15.6482000351 0.0000000000 0.0000000000 34.8974952698 188.7922973633 -2.2544112206
259.4866638184 15.6522102356 0.0000000000 0.0000000000 34.8997001648 188.3710937500 -2.2547552586
259.4595336914 15.6561994553 0.0000000000 0.0000000000 34.9010772705 186.6530151367 -2.2549996376
259.4310302734 15.6602048874 0.0000000000 0.0000000000 34.9021072388 183.0389404297 -2.2553410530
259.3991088867 15.6641731262 0.0000000000 0.0000000000 34.9018402100 177.9047851562 -2.2556021214
259.3695983887 15.6680727005 0.0000000000 0.0000000000 34.9014053345 172.5625305176 -2.2559430599
259.3489685059 15.6719484329 0.0000000000 0.0000000000 34.9003143311 168.8687896729 -2.2562198639
259.3406677246 15.6758480072 0.0000000000 0.0000000000 34.8996391296 167.9324645996 -2.2565486431
259.3258361816 15.6797800064 0.0000000000 0.0000000000 34.8990631104 169.4072113037 -2.2568325996
259.2994995117 15.6837224960 0.0000000000 0.0000000000 34.8997421265 172.1196594238 -2.2571587563
259.2525329590 15.6875934601 0.0000000000 0.0000000000 34.9002532959 174.5026855469 -2.2574424744
259.2127990723 15.6914720535 0.0000000000 0.0000000000 34.9016838074 175.3078918457 -2.2577695847
259.1759338379 15.6953916550 0.0000000000 0.0000000000 34.9039573669 174.8299407959 -2.2580461502
259.1525573730 15.6994199753 0.0000000000 0.0000000000 34.9074211121 174.4328460693 -2.2583677769
259.1338195801 15.7034959793 0.0000000000 0.0000000000 34.9115333557 175.3603820801 -2.2586629391
259.1115112305 15.7076482773 0.0000000000 0.0000000000 34.9160079956 178.4994506836 -2.2589948177
259.0872497559 15.7118015289 0.0000000000 0.0000000000 34.9214477539 183.7641754150 -2.2593188286
259.0515441895 15.7159280777 0.0000000000 0.0000000000 34.9265708923 188.7558593750 -2.2596635818
259.0174865723 15.7199649811 0.0000000000 0.0000000000 34.9328231812 190.1091613770 -2.2599992752
258.9810180664 15.7239522934 0.0000000000 0.0000000000 34.9380378723 186.8602752686 -2.2603523731
258.9537658691 15.7278842926 0.0000000000 0.0000000000 34.9444084167 180.7473907471 -2.2606799603
258.9211730957 15.7317905426 0.0000000000 0.0000000000 34.9504928589 173.4834899902 -2.2610409260
258.8931579590 15.7356271744 0.0000000000 0.0000000000 34.9582977295 166.1363525391 -2.2613642216
258.8522644043 15.7394094467 0.0000000000 0.0000000000 34.9660224915 160.9593505859 -2.2617363930
258.8233642578 15.7431316376 0.0000000000 0.0000000000 34.9740905762 160.0799560547 -2.2620472908
258.7957153320 15.7468862534 0.0000000000 0.0000000000 34.9812965393 162.2079315186 -2.2624282837
258.7833862305 15.7507123947 0.0000000000 0.0000000000 34.9881553650 163.0558166504 -2.2627372742
258.7632446289 15.7546272278 0.0000000000 0.0000000000 34.9947929382 160.4244689941 -2.2631242275
258.7337951660 15.7585401535 0.0000000000 0.0000000000 35.0024375916 157.0505676270 -2.2634372711
258.6891174316 15.7623434067 0.0000000000 0.0000000000 35.0113258362 156.5067901611 -2.2638227940
258.6585998535 15.7659711838 0.0000000000 0.0000000000 35.0197868347 158.2583465576 -2.2641401291
258.6416931152 15.7694187164 0.0000000000 0.0000000000 35.0279121399 158.7833251953 -2.2645146847
258.6359863281 15.7728033066 0.0000000000 0.0000000000 35.0333938599 155.8430480957 -2.2648549080
258.6262207031 15.7761220932 0.0000000000 0.0000000000 35.0391464233 150.4649200439 -2.2652137280
258.5955505371 15.7794027328 0.0000000000 0.0000000000 35.0432777405 145.3231811523 -2.2655675411
258.5505981445 15.7827234268 0.0000000000 0.0000000000 35.0500183105 142.4621276855 -2.2659027576
258.5084533691 15.7860507965 0.0000000000 0.0000000000 35.0559616089 142.6968994141 -2.2662515640
258.4768676758 15.7892808914 0.0000000000 0.0000000000 35.0633049011 146.0005798340 -2.2665674686
258.4626770020 15.7923583984 0.0000000000 0.0000000000 35.0692596436 151.4037933350 -2.2669157982
258.4512939453 15.7952594757 0.0000000000 0.0000000000 35.0754280090 157.0387573242 -2.2672305107
258.4291076660 15.7980022430 0.0000000000 0.0000000000 35.0820503235 161.1658935547 -2.2675805092
258.3903503418 15.8005247116 0.0000000000 0.0000000000 35.0882034302 163.0309906006 -2.2679047585
258.3515930176 15.8029155731 0.0000000000 0.0000000000 35.0956459045 162.8001556396 -2.2682330608
258.3238830566 15.8051748276 0.0000000000 0.0000000000 35.1009407043 161.5268707275 -2.2685782909
258.3095092773 15.8073186874 0.0000000000 0.0000000000 35.1063652039 161.1871185303 -2.2688927650
258.2961425781 15.8094110489 0.0000000000 0.0000000000 35.1095161438 164.1124877930 -2.2692565918
258.2761230469 15.8115129471 0.0000000000 0.0000000000 35.1137008667 171.1646118164 -2.2695689201
258.2432250977 15.8136501312 0.0000000000 0.0000000000 35.1155281067 180.5982818604 -2.2699368000
258.2092895508 15.8158016205 0.0000000000 0.0000000000 35.1182365417 189.3276367188 -2.2702636719
258.1842041016 15.8179683685 0.0000000000 0.0000000000 35.1196022034 195.6861114502 -2.2706127167
258.1667175293 15.8200702667 0.0000000000 0.0000000000 35.1214790344 200.6099853516 -2.2709491253
258.1535034180 15.8222579956 0.0000000000 0.0000000000 35.1218528748 206.1645812988 -2.2712869644
258.1159362793 15.8244266510 0.0000000000 0.0000000000 35.1234283447 213.3700866699 -2.2716400623
258.0738830566 15.8266248703 0.0000000000 0.0000000000 35.1238861084 221.4852142334 -2.2719774246
258.0218505859 15.8287839890 0.0000000000 0.0000000000 35.1255607605 228.8551025391 -2.2723515034
257.9924926758 15.8309993744 0.0000000000 0.0000000000 35.1255569458 233.5287780762 -2.2727012634
257.9726562500 15.8333320618 0.0000000000 0.0000000000 35.1272010803 233.3546600342 -2.2730977535
257.9571838379 15.8358211517 0.0000000000 0.0000000000 35.1269798279 227.4610748291 -2.2734713554
257.9294433594 15.8383970261 0.0000000000 0.0000000000 35.1293449402 218.3928070068 -2.2738897800
257.8895874023 15.8411388397 0.0000000000 0.0000000000 35.1300239563 211.1397705078 -2.2742931843
257.8383789062 15.8439846039 0.0000000000 0.0000000000 35.1319847107 208.7171630859 -2.2747399807
257.7986145020 15.8468704224 0.0000000000 0.0000000000 35.1315803528 208.9916992188 -2.2751572132
257.7768249512 15.8497390747 0.0000000000 0.0000000000 35.1322517395 207.2572174072 -2.2755949497
257.7550354004 15.8526449203 0.0000000000 0.0000000000 35.1322326660 201.7666931152 -2.2760148048
257.7227478027 15.8555517197 0.0000000000 0.0000000000 35.1335334778 195.2227478027 -2.2764427662
257.6692810059 15.8584928513 0.0000000000 0.0000000000 35.1343650818 191.8583526611 -2.2768647671
257.6028137207 15.8613882065 0.0000000000 0.0000000000 35.1360664368 195.0402984619 -2.2772915363
257.5498352051 15.8642129898 0.0000000000 0.0000000000 35.1365699768 205.0532836914 -2.2777018547
257.5225219727 15.8670177460 0.0000000000 0.0000000000 35.1375389099 217.3482666016 -2.2781269550
257.5142517090 15.8697805405 0.0000000000 0.0000000000 35.1374626160 225.4795684814 -2.2785346508
257.4945068359 15.8724594116 0.0000000000 0.0000000000 35.1383361816 226.1690063477 -2.2789490223
257.4343872070 15.8751668930 0.0000000000 0.0000000000 35.1394958496 220.7107391357 -2.2793474197
257.3658752441 15.8778944016 0.0000000000 0.0000000000 35.1401481628 212.2708129883 -2.2797479630
257.3131103516 15.8806505203 0.0000000000 0.0000000000 35.1403656006 203.6933288574 -2.2801358700
257.3026123047 15.8833475113 0.0000000000 0.0000000000 35.1384010315 196.9605865479 -2.2805233002
257.2908630371 15.8859539032 0.0000000000 0.0000000000 35.1374244690 192.7713317871 -2.2809178829
257.2620239258 15.8885393143 0.0000000000 0.0000000000 35.1359863281 190.1865844727 -2.2813153267
257.2035522461 15.8911867142 0.0000000000 0.0000000000 35.1366920471 187.8395690918 -2.2817418575
257.1589660645 15.8938436508 0.0000000000 0.0000000000 35.1355400085 185.7928771973 -2.2821617126
257.1303100586 15.8965177536 0.0000000000 0.0000000000 35.1357498169 185.5904998779 -2.2826027870
257.1311645508 15.8991937637 0.0000000000 0.0000000000 35.1339874268 188.1283264160 -2.2830419540
257.1099548340 15.9017658234 0.0000000000 0.0000000000 35.1332778931 192.2380981445 -2.2835011482
257.0799865723 15.9043283463 0.0000000000 0.0000000000 35.1311035156 195.4239807129 -2.2839672565
257.0299072266 15.9068946838 0.0000000000 0.0000000000 35.1284675598 195.7045593262 -2.2844536304
256.9876403809 15.9094734192 0.0000000000 0.0000000000 35.1239547729 192.3129577637 -2.2849364281
256.9531860352 15.9121227264 0.0000000000 0.0000000000 35.1197128296 185.8413085938 -2.2854273319
256.9298400879 15.9147586823 0.0000000000 0.0000000000 35.1150665283 178.1018829346 -2.2858920097
256.9035034180 15.9174194336 0.0000000000 0.0000000000 35.1107025146 170.6310272217 -2.2863662243
256.8690490723 15.9200515747 0.0000000000 0.0000000000 35.1063041687 163.1617431641 -2.2868134975
256.8269042969 15.9225711823 0.0000000000 0.0000000000 35.1017189026 154.6954193115 -2.2872748375
256.7863464355 15.9249515533 0.0000000000 0.0000000000 35.0955924988 145.1651306152 -2.2877089977
256.7498168945 15.9271688461 0.0000000000 0.0000000000 35.0905609131 135.8822479248 -2.2881457806
256.7105102539 15.9292850494 0.0000000000 0.0000000000 35.0843544006 129.0500030518 -2.2885658741
256.6605529785 15.9313592911 0.0000000000 0.0000000000 35.0812072754 126.4963378906 -2.2889926434
256.6170043945 15.9334201813 0.0000000000 0.0000000000 35.0780639648 128.3394470215 -2.2893965244
256.5810546875 15.9354600906 0.0000000000 0.0000000000 35.0755653381 133.2322235107 -2.2898159027
256.5497741699 15.9373540878 0.0000000000 0.0000000000 35.0728034973 139.8151245117 -2.2902047634
256.5022277832 15.9391746521 0.0000000000 0.0000000000 35.0690803528 147.6444091797 -2.2906379700
256.4449768066 15.9408845901 0.0000000000 0.0000000000 35.0676994324 156.6975555420 -2.2910380363
256.3853149414 15.9425077438 0.0000000000 0.0000000000 35.0645484924 166.3018493652 -2.2914774418
256.3492126465 15.9440641403 0.0000000000 0.0000000000 35.0628204346 174.5723571777 -2.2918934822
256.3271179199 15.9455327988 0.0000000000 0.0000000000 35.0585899353 179.2713928223 -2.2923231125
256.3093566895 15.9470529556 0.0000000000 0.0000000000 35.0543975830 179.6775665283 -2.2927596569
256.2774658203 15.9485054016 0.0000000000 0.0000000000 35.0489311218 177.7927398682 -2.2931785583
256.2293090820 15.9498176575 0.0000000000 0.0000000000 35.0435409546 177.2172851562 -2.2936363220
256.1724243164 15.9510316849 0.0000000000 0.0000000000 35.0372886658 180.7746887207 -2.2940502167
256.1189880371 15.9522485733 0.0000000000 0.0000000000 35.0314178467 189.1668090820 -2.2945327759
256.0927429199 15.9535303116 0.0000000000 0.0000000000 35.0244178772 201.4264221191 -2.2949626446
256.0761413574 15.9549694061 0.0000000000 0.0000000000 35.0183753967 215.9425659180 -2.2954578400
256.0481872559 15.9564771652 0.0000000000 0.0000000000 35.0122108459 230.8283081055 -2.2958984375
255.9898071289 15.9579772949 0.0000000000 0.0000000000 35.0073051453 243.7746887207 -2.2963924408
255.9193572998 15.9592666626 0.0000000000 0.0000000000 35.0031852722 252.5005798340 -2.2968413830
255.8604431152 15.9603385925 0.0000000000 0.0000000000 34.9996643066 255.7938385010 -2.2973299026
255.8305816650 15.9611167908 0.0000000000 0.0000000000 34.9949951172 254.5088348389 -2.2977898121
255.8136749268 15.9617462158 0.0000000000 0.0000000000 34.9909362793 251.6664733887 -2.2982749939
255.7720336914 15.9622602463 0.0000000000 0.0000000000 34.9881057739 251.1187438965 -2.2987406254
255.7160339355 15.9626750946 0.0000000000 0.0000000000 34.9863052368 255.0538024902 -2.2992172241
255.6494140625 15.9628753662 0.0000000000 0.0000000000 34.9851074219 262.2760314941 -2.2996833324
255.6089630127 15.9628305435 0.0000000000 0.0000000000 34.9850006104 268.7139892578 -2.3001618385
255.5811309814 15.9625797272 0.0000000000 0.0000000000 34.9850120544 270.4073791504 -2.3006231785
255.5674591064 15.9621591568 0.0000000000 0.0000000000 34.9862136841 265.9250488281 -2.3010938168
255.5183715820 15.9616279602 0.0000000000 0.0000000000 34.9880485535 256.0297851562 -2.3015420437
255.4620361328 15.9610366821 0.0000000000 0.0000000000 34.9912452698 242.0589904785 -2.3020174503
255.3898315430 15.9603090286 0.0000000000 0.0000000000 34.9961318970 226.0665893555 -2.3024628162
255.3402252197 15.9595317841 0.0000000000 0.0000000000 35.0003509521 211.0049133301 -2.3029346466
255.3069763184 15.9587020874 0.0000000000 0.0000000000 35.0070953369 199.9760284424 -2.3033568859
255.2774810791 15.9578332901 0.0000000000 0.0000000000 35.0134086609 195.2739105225 -2.3038070202
255.2337341309 15.9569396973 0.0000000000 0.0000000000 35.0217857361 197.1225738525 -2.3042356968
255.1746673584 15.9560470581 0.0000000000 0.0000000000 35.0304679871 202.6521911621 -2.3046627045
255.1155395508 15.9550628662 0.0000000000 0.0000000000 35.0389556885 207.2120971680 -2.3050956726
255.0761566162 15.9539203644 0.0000000000 0.0000000000 35.0459251404 207.7877197266 -2.3055138588
255.0567321777 15.9527015686 0.0000000000 0.0000000000 35.0510749817 205.5344543457 -2.3059530258
255.0508880615 15.9514007568 0.0000000000 0.0000000000 35.0561981201 204.8867645264 -2.3063707352
255.0316467285 15.9499635696 0.0000000000 0.0000000000 35.0605506897 208.5165252686 -2.3067994118
255.0104217529 15.9483213425 0.0000000000 0.0000000000 35.0643959045 213.6067047119 -2.3072206974
254.9831237793 15.9465303421 0.0000000000 0.0000000000 35.0683631897 214.3762359619 -2.3076455593
254.9708404541 15.9445199966 0.0000000000 0.0000000000 35.0715904236 207.8517456055 -2.3080737591
254.9621124268 15.9423685074 0.0000000000 0.0000000000 35.0748939514 196.9352569580 -2.3084948063
254.9627990723 15.9401464462 0.0000000000 0.0000000000 35.0779228210 187.3472595215 -2.3089203835
254.9508209229 15.9379587173 0.0000000000 0.0000000000 35.0824623108 182.3306427002 -2.3093376160
254.9288635254 15.9357900620 0.0000000000 0.0000000000 35.0862884521 181.2614746094 -2.3097598553
254.8853149414 15.9336395264 0.0000000000 0.0000000000 35.0913429260 182.0129394531 -2.3101723194
254.8467864990 15.9315576553 0.0000000000 0.0000000000 35.0941696167 182.6329345703 -2.3105905056
254.8152465820 15.9295454025 0.0000000000 0.0000000000 35.0979614258 181.6478271484 -2.3110053539
254.7941589355 15.9275627136 0.0000000000 0.0000000000 35.1013679504 178.8830413818 -2.3114085197
254.7791748047 15.9254913330 0.0000000000 0.0000000000 35.1059226990 176.2593688965 -2.3118200302
254.7712707520 15.9233636856 0.0000000000 0.0000000000 35.1092453003 176.2520599365 -2.3122086525
254.7441711426 15.9212255478 0.0000000000 0.0000000000 35.1138000488 179.4909820557 -2.3126230240
254.7074432373 15.9190711975 0.0000000000 0.0000000000 35.1187171936 184.6748352051 -2.3130090237
254.6659240723 15.9170141220 0.0000000000 0.0000000000 35.1259307861 190.6769561768 -2.3134331703
254.6434783936 15.9150714874 0.0000000000 0.0000000000 35.1342887878 197.8832855225 -2.3138186932
254.6240539551 15.9131622314 0.0000000000 0.0000000000 35.1426048279 206.8735656738 -2.3142569065
254.6055450439 15.9113025665 0.0000000000 0.0000000000 35.1514472961 216.2829284668 -2.3146331310
254.5720367432 15.9095439911 0.0000000000 0.0000000000 35.1609458923 223.4123382568 -2.3150777817
254.5326080322 15.9078655243 0.0000000000 0.0000000000 35.1708297729 226.7869262695 -2.3154606819
254.4835968018 15.9061613083 0.0000000000 0.0000000000 35.1819572449 227.1134948730 -2.3159289360
254.4367675781 15.9044485092 0.0000000000 0.0000000000 35.1915931702 225.7731628418 -2.3163270950
254.4066009521 15.9026622772 0.0000000000 0.0000000000 35.2011528015 223.7424926758 -2.3167977333
254.3746948242 15.9005737305 0.0000000000 0.0000000000 35.2094726562 221.6297760010 -2.3172161579
254.3484191895 15.8982830048 0.0000000000 0.0000000000 35.2166099548 219.6298370361 -2.3176884651
254.3169403076 15.8957118988 0.0000000000 0.0000000000 35.2224578857 217.3969421387 -2.3181266785
254.2853546143 15.8928394318 0.0000000000 0.0000000000 35.2278327942 214.5183715820 -2.3185882568
254.2518768311 15.8897933960 0.0000000000 0.0000000000 35.2332458496 211.3918457031 -2.3190248013
254.2295989990 15.8866395950 0.0000000000 0.0000000000 35.2384414673 209.4459686279 -2.3194642067
254.2089996338 15.8834476471 0.0000000000 0.0000000000 35.2443275452 210.0222167969 -2.3199129105
254.1963500977 15.8801498413 0.0000000000 0.0000000000 35.2485847473 212.9953765869 -2.3203477859
254.1725921631 15.8768100739 0.0000000000 0.0000000000 35.2532653809 216.9159851074 -2.3208055496
254.1410827637 15.8733768463 0.0000000000 0.0000000000 35.2578506470 220.2169494629 -2.3212368488
254.1005706787 15.8697252274 0.0000000000 0.0000000000 35.2614860535 221.9690093994 -2.3217184544
254.0850219727 15.8658218384 0.0000000000 0.0000000000 35.2650108337 221.9811859131 -2.3221600056
254.0855865479 15.8618850708 0.0000000000 0.0000000000 35.2674713135 220.8829498291 -2.3226425648
254.0852508545 15.8577041626 0.0000000000 0.0000000000 35.2707557678 220.2305450439 -2.3231058121
254.0565643311 15.8533287048 0.0000000000 0.0000000000 35.2733650208 222.2342529297 -2.3235812187
254.0142822266 15.8488759995 0.0000000000 0.0000000000 35.2773895264 228.4176635742 -2.3240730762
253.9831237793 15.8443946838 0.0000000000 0.0000000000 35.2816162109 237.9399871826 -2.3245441914
253.9666290283 15.8399295807 0.0000000000 0.0000000000 35.2876205444 247.1914520264 -2.3250617981
253.9538421631 15.8355731964 0.0000000000 0.0000000000 35.2944564819 251.5958251953 -2.3255412579
253.9256744385 15.8313474655 0.0000000000 0.0000000000 35.3035049438 248.7999572754 -2.3260631561
253.8833618164 15.8271493912 0.0000000000 0.0000000000 35.3128280640 240.7249450684 -2.3265624046
253.8345031738 15.8228797913 0.0000000000 0.0000000000 35.3215332031 232.4003295898 -2.3270635605
253.7968750000 15.8184871674 0.0000000000 0.0000000000 35.3309249878 227.6958465576 -2.3275699615
253.7773132324 15.8138484955 0.0000000000 0.0000000000 35.3409881592 225.4726257324 -2.3280479908
253.7738647461 15.8089914322 0.0000000000 0.0000000000 35.3506584167 220.9110107422 -2.3285534382
253.7537384033 15.8041753769 0.0000000000 0.0000000000 35.3609809875 211.8055419922 -2.3290228844
253.7121276855 15.7994060516 0.0000000000 0.0000000000 35.3717079163 203.2305603027 -2.3295228481
253.6619720459 15.7948083878 0.0000000000 0.0000000000 35.3828926086 203.0111999512 -2.3299956322
253.6378631592 15.7903547287 0.0000000000 0.0000000000 35.3932800293 211.2945861816 -2.3304932117
253.6292572021 15.7860298157 0.0000000000 0.0000000000 35.4037742615 219.1616516113 -2.3309669495
253.6277008057 15.7815818787 0.0000000000 0.0000000000 35.4137649536 219.1713256836 -2.3314435482
253.5959777832 15.7769908905 0.0000000000 0.0000000000 35.4244575500 214.1958770752 -2.3319196701
253.5530700684 15.7724628448 0.0000000000 0.0000000000 35.4364738464 213.2217254639 -2.3323767185
253.5292968750 15.7680797577 0.0000000000 0.0000000000 35.4488487244 220.2243347168 -2.3328585625
253.5311279297 15.7637720108 0.0000000000 0.0000000000 35.4617652893 230.3205566406 -2.3333129883
253.5333709717 15.7594175339 0.0000000000 0.0000000000 35.4749717712 236.3366699219 -2.3338060379
253.5201873779 15.7551584244 0.0000000000 0.0000000000 35.4892692566 236.2205200195 -2.3342602253
253.4841308594 15.7510633469 0.0000000000 0.0000000000 35.5048561096 232.7606811523 -2.3347499371
253.4515075684 15.7470655441 0.0000000000 0.0000000000 35.5212402344 228.1610107422 -2.3352093697
253.4226226807 15.7431278229 0.0000000000 0.0000000000 35.5387001038 222.1370697021 -2.3356962204
253.4094696045 15.7393350601 0.0000000000 0.0000000000 35.5556106567 214.7868652344 -2.3361575603
253.3926849365 15.7356376648 0.0000000000 0.0000000000 35.5732040405 208.6482086182 -2.3366353512
253.3723602295 15.7320766449 0.0000000000 0.0000000000 35.5913734436 206.6044464111 -2.3370978832
253.3304595947 15.7285413742 0.0000000000 0.0000000000 35.6093368530 209.0501098633 -2.3375747204
253.2972412109 15.7252225876 0.0000000000 0.0000000000 35.6274108887 213.4614715576 -2.3380272388
253.2553253174 15.7220392227 0.0000000000 0.0000000000 35.6440200806 215.8438415527 -2.3384854794
253.2324218750 15.7189407349 0.0000000000 0.0000000000 35.6605682373 212.6765289307 -2.3389298916
253.2024230957 15.7158308029 0.0000000000 0.0000000000 35.6765861511 203.7044067383 -2.3393845558
253.1859588623 15.7126932144 0.0000000000 0.0000000000 35.6930809021 193.1322937012 -2.3398211002
253.1564178467 15.7095565796 0.0000000000 0.0000000000 35.7089157104 186.8912963867 -2.3402690887
253.1419830322 15.7064981461 0.0000000000 0.0000000000 35.7251358032 187.7501220703 -2.3407063484
253.1125946045 15.7035703659 0.0000000000 0.0000000000 35.7400474548 193.9998779297 -2.3411409855
253.0981750488 15.7008361816 0.0000000000 0.0000000000 35.7553863525 201.9951629639 -2.3415725231
253.0621337891 15.6982002258 0.0000000000 0.0000000000 35.7715301514 209.2500305176 -2.3419768810
253.0307159424 15.6956977844 0.0000000000 0.0000000000 35.7885246277 215.2624511719 -2.3423976898
252.9860839844 15.6932792664 0.0000000000 0.0000000000 35.8055801392 220.9725036621 -2.3427846432
252.9651336670 15.6910810471 0.0000000000 0.0000000000 35.8230323792 227.6046600342 -2.3432002068
252.9466552734 15.6891279221 0.0000000000 0.0000000000 35.8415222168 235.9084472656 -2.3435618877
252.9369659424 15.6872358322 0.0000000000 0.0000000000 35.8601226807 245.6969909668 -2.3439521790
252.9261016846 15.6853666306 0.0000000000 0.0000000000 35.8785171509 255.7443084717 -2.3442912102
252.8995056152 15.6835069656 0.0000000000 0.0000000000 35.8973693848 263.7502441406 -2.3446767330
252.8732299805 15.6818180084 0.0000000000 0.0000000000 35.9160842896 266.9384460449 -2.3450109959
252.8531341553 15.6802511215 0.0000000000 0.0000000000 35.9352722168 263.5469665527 -2.3453936577
252.8535308838 15.6785116196 0.0000000000 0.0000000000 35.9536895752 254.1378173828 -2.3457338810
252.8480529785 15.6768074036 0.0000000000 0.0000000000 35.9728889465 241.8137359619 -2.3461031914
252.8379669189 15.6751251221 0.0000000000 0.0000000000 35.9922561646 230.6784820557 -2.3464610577
252.8150482178 15.6734189987 0.0000000000 0.0000000000 36.0132598877 223.6967468262 -2.3468232155
252.7820739746 15.6717977524 0.0000000000 0.0000000000 36.0351943970 221.6417236328 -2.3471977711
252.7566986084 15.6702098846 0.0000000000 0.0000000000 36.0568504333 223.7312011719 -2.3475546837
252.7409515381 15.6687345505 0.0000000000 0.0000000000 36.0782089233 228.5923004150 -2.3479182720
252.7331390381 15.6671495438 0.0000000000 0.0000000000 36.0986595154 234.6084594727 -2.3482649326
252.7241058350 15.6655769348 0.0000000000 0.0000000000 36.1189270020 239.6757202148 -2.3486161232
252.7080383301 15.6637563705 0.0000000000 0.0000000000 36.1390953064 241.2306518555 -2.3489701748
252.6814270020 15.6618537903 0.0000000000 0.0000000000 36.1611671448 237.1023712158 -2.3493220806
252.6655883789 15.6599044800 0.0000000000 0.0000000000 36.1817054749 227.1393127441 -2.3496789932
252.6602783203 15.6579961777 0.0000000000 0.0000000000 36.2029304504 214.3116760254 -2.3500547409
252.6658630371 15.6560325623 0.0000000000 0.0000000000 36.2221374512 203.0793457031 -2.3504116535
252.6629028320 15.6540498734 0.0000000000 0.0000000000 36.2422409058 196.0033416748 -2.3508048058
252.6463623047 15.6520328522 0.0000000000 0.0000000000 36.2617301941 192.3820648193 -2.3511838913
252.6226196289 15.6500968933 0.0000000000 0.0000000000 36.2820549011 189.8959350586 -2.3515801430
252.6087646484 15.6481828690 0.0000000000 0.0000000000 36.3033447266 186.7155609131 -2.3519625664
252.6048126221 15.6463165283 0.0000000000 0.0000000000 36.3257827759 182.3201141357 -2.3523318768
252.6001281738 15.6444272995 0.0000000000 0.0000000000 36.3498458862 177.4350128174 -2.3527193069
252.5813751221 15.6425323486 0.0000000000 0.0000000000 36.3752670288 173.4999389648 -2.3530957699
252.5478973389 15.6406297684 0.0000000000 0.0000000000 36.4015731812 171.9828491211 -2.3534893990
252.5140533447 15.6387472153 0.0000000000 0.0000000000 36.4286842346 173.9233551025 -2.3538727760
252.4942932129 15.6368083954 0.0000000000 0.0000000000 36.4550285339 179.7716674805 -2.3542673588
252.4935913086 15.6348342896 0.0000000000 0.0000000000 36.4806175232 189.4218139648 -2.3546552658
252.4844207764 15.6329355240 0.0000000000 0.0000000000 36.5055923462 202.0576782227 -2.3550417423
252.4628295898 15.6309213638 0.0000000000 0.0000000000 36.5302391052 215.7717285156 -2.3554394245
252.4276733398 15.6288709641 0.0000000000 0.0000000000 36.5548210144 227.6679382324 -2.3558254242
252.3995666504 15.6267585754 0.0000000000 0.0000000000 36.5771369934 235.2051544189 -2.3562290668
252.3878173828 15.6247081757 0.0000000000 0.0000000000 36.5986862183 238.0738220215 -2.3566217422
252.3924560547 15.6226892471 0.0000000000 0.0000000000 36.6199073792 238.2803039551 -2.3570430279
252.3817749023 15.6207151413 0.0000000000 0.0000000000 36.6420936584 238.0552825928 -2.3574590683
252.3608093262 15.6188802719 0.0000000000 0.0000000000 36.6653060913 238.1980743408 -2.3578987122
252.3292846680 15.6170663834 0.0000000000 0.0000000000 36.6891136169 238.4263916016 -2.3583240509
252.3056793213 15.6151914597 0.0000000000 0.0000000000 36.7119750977 238.1341247559 -2.3587677479
252.2877502441 15.6132345200 0.0000000000 0.0000000000 36.7338066101 236.4564208984 -2.3591992855
252.2716674805 15.6113986969 0.0000000000 0.0000000000 36.7543830872 232.7688751221 -2.3596601486
252.2533721924 15.6095457077 0.0000000000 0.0000000000 36.7741584778 227.7048034668 -2.3601150513
252.2292633057 15.6077337265 0.0000000000 0.0000000000 36.7942771912 223.3793334961 -2.3605849743
252.2004394531 15.6058177948 0.0000000000 0.0000000000 36.8148002625 222.2484588623 -2.3610427380
252.1770172119 15.6040744781 0.0000000000 0.0000000000 36.8350868225 225.4811096191 -2.3615109921
252.1573486328 15.6024932861 0.0000000000 0.0000000000 36.8547859192 232.4108581543 -2.3619766235
252.1336517334 15.6010913849 0.0000000000 0.0000000000 36.8747558594 241.6366424561 -2.3624415398
252.1161346436 15.5996522903 0.0000000000 0.0000000000 36.8953933716 252.1963806152 -2.3629055023
252.0993957520 15.5982255936 0.0000000000 0.0000000000 36.9167251587 263.3632202148 -2.3633546829
252.0799102783 15.5967159271 0.0000000000 0.0000000000 36.9393157959 273.8856811523 -2.3638126850
252.0440979004 15.5952968597 0.0000000000 0.0000000000 36.9628448486 281.6858215332 -2.3642411232
252.0145416260 15.5939464569 0.0000000000 0.0000000000 36.9873352051 283.8957824707 -2.3646845818
251.9773864746 15.5926427841 0.0000000000 0.0000000000 37.0111999512 278.4190673828 -2.3650884628
251.9602508545 15.5914163589 0.0000000000 0.0000000000 37.0345382690 266.7040405273 -2.3655071259
251.9358673096 15.5900821686 0.0000000000 0.0000000000 37.0574798584 253.9359741211 -2.3658947945
251.9181976318 15.5887613297 0.0000000000 0.0000000000 37.0809402466 245.2303924561 -2.3662867546
251.9071655273 15.5874967575 0.0000000000 0.0000000000 37.1041069031 241.9854888916 -2.3666670322
251.8884124756 15.5862941742 0.0000000000 0.0000000000 37.1283874512 241.7702026367 -2.3670320511
251.8563995361 15.5852098465 0.0000000000 0.0000000000 37.1533889771 241.1878662109 -2.3674056530
251.8272705078 15.5841464996 0.0000000000 0.0000000000 37.1783866882 238.5374450684 -2.3677666187
251.8152465820 15.5829010010 0.0000000000 0.0000000000 37.2021102905 233.9078979492 -2.3681390285
251.8113250732 15.5816621780 0.0000000000 0.0000000000 37.2270698547 227.3311462402 -2.3685173988
251.7916259766 15.5805025101 0.0000000000 0.0000000000 37.2527580261 218.2664489746 -2.3688857555
251.7617340088 15.5794095993 0.0000000000 0.0000000000 37.2792549133 207.7259521484 -2.3692691326
251.7258300781 15.5782976151 0.0000000000 0.0000000000 37.3053932190 199.7447967529 -2.3696422577
251.7099609375 15.5772275925 0.0000000000 0.0000000000 37.3317909241 198.6140747070 -2.3700191975
251.6913604736 15.5761871338 0.0000000000 0.0000000000 37.3574333191 204.7585906982 -2.3713726997
251.6650543213 15.5749111176 0.0000000000 0.0000000000 37.3825149536 213.9083709717 -2.3707644939
251.6253356934 15.5736207962 0.0000000000 0.0000000000 37.4065780640 220.6452178955 -2.3711426258
251.6108856201 15.5723800659 0.0000000000 0.0000000000 37.4310455322 222.4274444580 -2.3715372086
251.5868530273 15.5711946487 0.0000000000 0.0000000000 37.4542503357 221.0620269775 -2.3719208241
251.5713043213 15.5698862076 0.0000000000 0.0000000000 37.4760627747 220.5920257568 -2.3723218441
251.5354766846 15.5686302185 0.0000000000 0.0000000000 37.4996185303 224.1866149902 -2.3727092743
251.5077667236 15.5674343109 0.0000000000 0.0000000000 37.5219001770 231.8998718262 -2.3731126785
251.4722595215 15.5662355423 0.0000000000 0.0000000000 37.5442543030 241.5251159668 -2.3735060692
251.4501495361 15.5650405884 0.0000000000 0.0000000000 37.5647430420 250.8805541992 -2.3738994598
251.4429016113 15.5638275146 0.0000000000 0.0000000000 37.5863800049 258.2182312012 -2.3742892742
251.4304809570 15.5625925064 0.0000000000 0.0000000000 37.6068382263 262.0687255859 -2.3746647835
251.4037475586 15.5614309311 0.0000000000 0.0000000000 37.6278800964 262.4420776367 -2.3750600815
251.3664855957 15.5603837967 0.0000000000 0.0000000000 37.6496315002 261.0960693359 -2.3754324913
251.3456726074 15.5593881607 0.0000000000 0.0000000000 37.6705970764 259.7963256836 -2.3758428097
251.3259429932 15.5584239960 0.0000000000 0.0000000000 37.6924896240 258.8766479492 -2.3762147427
251.3090057373 15.5576353073 0.0000000000 0.0000000000 37.7144203186 257.9385986328 -2.3766231537
251.2772521973 15.5568790436 0.0000000000 0.0000000000 37.7373008728 257.5128784180 -2.3770010471
251.2461395264 15.5561923981 0.0000000000 0.0000000000 37.7592048645 258.4277648926 -2.3774030209
251.2179260254 15.5555009842 0.0000000000 0.0000000000 37.7817001343 259.2786560059 -2.3777756691
251.1951599121 15.5548133850 0.0000000000 0.0000000000 37.8030471802 255.8970031738 -2.3781740665
251.1872863770 15.5541944504 0.0000000000 0.0000000000 37.8236198425 244.7864379883 -2.3785488605
251.1692810059 15.5534858704 0.0000000000 0.0000000000 37.8448905945 227.5999298096 -2.3789334297
251.1420440674 15.5528135300 0.0000000000 0.0000000000 37.8670005798 210.9787139893 -2.3792927265
251.1047210693 15.5521478653 0.0000000000 0.0000000000 37.8894233704 200.7498474121 -2.3796501160
251.0817413330 15.5515346527 0.0000000000 0.0000000000 37.9109230042 197.2258911133 -2.3800036907
251.0647277832 15.5508861542 0.0000000000 0.0000000000 37.9323577881 196.3179016113 -2.3803448677
251.0434112549 15.5502986908 0.0000000000 0.0000000000 37.9533653259 193.9124450684 -2.3806929588
251.0005340576 15.5496788025 0.0000000000 0.0000000000 37.9742240906 189.3125152588 -2.3810052872
250.9587097168 15.5489835739 0.0000000000 0.0000000000 37.9943237305 185.0395355225 -2.3813447952
250.9467620850 15.5481405258 0.0000000000 0.0000000000 38.0120353699 183.6147155762 -2.3816406727
250.9432678223 15.5471954346 0.0000000000 0.0000000000 38.0281829834 184.6453857422 -2.3819804192
250.9452056885 15.5462083817 0.0000000000 0.0000000000 38.0441436768 184.7526245117 -2.3822925091
250.9255065918 15.5451974869 0.0000000000 0.0000000000 38.0607299805 180.7452392578 -2.3826391697
250.9035797119 15.5441551208 0.0000000000 0.0000000000 38.0772323608 172.9945220947 -2.3829874992
250.8847503662 15.5431451797 0.0000000000 0.0000000000 38.0940246582 165.1601409912 -2.3833508492
250.8865203857 15.5421390533 0.0000000000 0.0000000000 38.1101684570 160.6391143799 -2.3837232590
250.8761138916 15.5411558151 0.0000000000 0.0000000000 38.1265296936 160.3386230469 -2.3840999603
250.8411560059 15.5401964188 0.0000000000 0.0000000000 38.1431007385 163.4970397949 -2.3844704628
250.7958221436 15.5391120911 0.0000000000 0.0000000000 38.1592521667 169.3907165527 -2.3848521709
250.7694854736 15.5378580093 0.0000000000 0.0000000000 38.1740188599 177.7730712891 -2.3852069378
250.7558898926 15.5364608765 0.0000000000 0.0000000000 38.1874694824 188.3974456787 -2.3855843544
250.7388000488 15.5350952148 0.0000000000 0.0000000000 38.2015953064 200.8371582031 -2.3859357834
250.7185974121 15.5338077545 0.0000000000 0.0000000000 38.2163009644 214.7770996094 -2.3862798214
250.6950225830 15.5325622559 0.0000000000 0.0000000000 38.2312011719 230.1348571777 -2.3866269588
250.6894378662 15.5313596725 0.0000000000 0.0000000000 38.2458953857 246.7208099365 -2.3869483471
250.6707763672 15.5301675797 0.0000000000 0.0000000000 38.2613029480 263.9532775879 -2.3873026371
250.6482849121 15.5289754868 0.0000000000 0.0000000000 38.2779846191 280.6777343750 -2.3876175880
250.6182708740 15.5278949738 0.0000000000 0.0000000000 38.2953872681 294.9931030273 -2.3879783154
250.6060485840 15.5268049240 0.0000000000 0.0000000000 38.3136062622 304.2433166504 -2.3882870674
250.5952148438 15.5256710052 0.0000000000 0.0000000000 38.3310089111 306.0108032227 -2.3886227608
250.5770111084 15.5245485306 0.0000000000 0.0000000000 38.3493003845 299.8092041016 -2.3889222145
250.5445098877 15.5234470367 0.0000000000 0.0000000000 38.3667602539 288.0751953125 -2.3892481327
250.5217285156 15.5222892761 0.0000000000 0.0000000000 38.3844451904 275.0743408203 -2.3895373344
250.5146789551 15.5211248398 0.0000000000 0.0000000000 38.4023056030 264.3495483398 -2.3898415565
250.5051422119 15.5199785233 0.0000000000 0.0000000000 38.4209632874 256.8089599609 -2.3901147842
250.4813690186 15.5190677643 0.0000000000 0.0000000000 38.4394569397 251.1540374756 -2.3904001713
250.4526062012 15.5182304382 0.0000000000 0.0000000000 38.4578475952 245.7578277588 -2.3906683922
250.4382019043 15.5173406601 0.0000000000 0.0000000000 38.4752273560 240.0005950928 -2.3909432888
250.4356994629 15.5164651871 0.0000000000 0.0000000000 38.4925155640 234.3558654785 -2.3912241459
250.4217224121 15.5155496597 0.0000000000 0.0000000000 38.5098991394 229.4053802490 -2.3915038109
250.4006042480 15.5146617889 0.0000000000 0.0000000000 38.5274772644 224.6788635254 -2.3917989731
250.3833007812 15.5137443542 0.0000000000 0.0000000000 38.5439796448 218.8427581787 -2.3920924664
250.3775482178 15.5129966736 0.0000000000 0.0000000000 38.5606536865 211.4373474121 -2.3924114704
250.3792114258 15.5124111176 0.0000000000 0.0000000000 38.5758171082 204.1260528564 -2.3927323818
250.3723297119 15.5118503571 0.0000000000 0.0000000000 38.5926818848 199.7347717285 -2.3930678368
250.3455047607 15.5113773346 0.0000000000 0.0000000000 38.6106605530 199.9767456055 -2.3933920860
250.3169403076 15.5109157562 0.0000000000 0.0000000000 38.6275100708 204.4821777344 -2.3937404156
250.3003692627 15.5104808807 0.0000000000 0.0000000000 38.6445274353 211.8092956543 -2.3940687180
250.2968444824 15.5099992752 0.0000000000 0.0000000000 38.6611099243 220.7210540771 -2.3944063187
250.2818908691 15.5095596313 0.0000000000 0.0000000000 38.6765251160 230.7704925537 -2.3947186470
250.2562561035 15.5092649460 0.0000000000 0.0000000000 38.6929512024 242.0136108398 -2.3950402737
250.2283630371 15.5090789795 0.0000000000 0.0000000000 38.7084617615 253.7517700195 -2.3953504562
250.2060699463 15.5088300705 0.0000000000 0.0000000000 38.7249526978 264.3152160645 -2.3956708908
250.1957244873 15.5084686279 0.0000000000 0.0000000000 38.7403907776 272.7640991211 -2.3959770203
250.1812438965 15.5080623627 0.0000000000 0.0000000000 38.7547340393 279.7451171875 -2.3962891102
250.1549682617 15.5077428818 0.0000000000 0.0000000000 38.7691459656 285.9640502930 -2.3966028690
250.1197967529 15.5075216293 0.0000000000 0.0000000000 38.7835273743 290.4766235352 -2.3969414234
250.1052093506 15.5073833466 0.0000000000 0.0000000000 38.7980079651 291.1675415039 -2.3972620964
250.1059722900 15.5072021484 0.0000000000 0.0000000000 38.8119888306 286.8235168457 -2.3976037502
250.0971374512 15.5070095062 0.0000000000 0.0000000000 38.8267631531 278.5800476074 -2.3979084492
250.0738372803 15.5067071915 0.0000000000 0.0000000000 38.8417053223 269.4949035645 -2.3982589245
250.0512542725 15.5062761307 0.0000000000 0.0000000000 38.8568687439 262.3658752441 -2.3985521793
250.0436706543 15.5058088303 0.0000000000 0.0000000000 38.8709220886 257.8276367188 -2.3989014626
250.0347137451 15.5052633286 0.0000000000 0.0000000000 38.8837852478 254.6602020264 -2.3991899490
250.0276641846 15.5045766830 0.0000000000 0.0000000000 38.8965950012 251.4189910889 -2.3995246887
250.0041503906 15.5038986206 0.0000000000 0.0000000000 38.9090957642 247.9842987061 -2.3998246193
249.9914703369 15.5032939911 0.0000000000 0.0000000000 38.9201469421 245.4834594727 -2.4001684189
249.9765930176 15.5026950836 0.0000000000 0.0000000000 38.9289779663 244.5016174316 -2.4004831314
249.9742584229 15.5021162033 0.0000000000 0.0000000000 38.9365959167 243.9830017090 -2.4008195400
249.9515075684 15.5015640259 0.0000000000 0.0000000000 38.9430809021 242.6031188965 -2.4011495113
249.9404907227 15.5010490417 0.0000000000 0.0000000000 38.9496154785 240.2729644775 -2.4014778137
249.9216461182 15.5005769730 0.0000000000 0.0000000000 38.9551429749 238.2618103027 -2.4018180370
249.9139099121 15.5001335144 0.0000000000 0.0000000000 38.9619407654 237.9524841309 -2.4021408558
249.8854522705 15.4996833801 0.0000000000 0.0000000000 38.9693603516 239.8553161621 -2.4024636745
249.8546600342 15.4992437363 0.0000000000 0.0000000000 38.9795150757 243.1103363037 -2.4027595520
249.8265686035 15.4988145828 0.0000000000 0.0000000000 38.9902153015 246.3768005371 -2.4030542374
249.8096923828 15.4983978271 0.0000000000 0.0000000000 39.0015945435 249.4128112793 -2.4033384323
249.7896728516 15.4980382919 0.0000000000 0.0000000000 39.0122184753 253.5609130859 -2.4036135674
249.7489166260 15.4977312088 0.0000000000 0.0000000000 39.0221939087 259.8341674805 -2.4038903713
249.7168731689 15.4974803925 0.0000000000 0.0000000000 39.0319099426 266.4731445312 -2.4041566849
249.7017669678 15.4971055984 0.0000000000 0.0000000000 39.0402107239 269.2370300293 -2.4044485092
249.6968078613 15.4966707230 0.0000000000 0.0000000000 39.0487365723 264.6404418945 -2.4047422409
249.6823577881 15.4962015152 0.0000000000 0.0000000000 39.0554962158 253.1097717285 -2.4050595760
249.6573944092 15.4956560135 0.0000000000 0.0000000000 39.0619964600 239.0184783936 -2.4053766727
249.6353302002 15.4951066971 0.0000000000 0.0000000000 39.0668945312 227.5899963379 -2.4057090282
249.6250000000 15.4947147369 0.0000000000 0.0000000000 39.0706634521 221.2151947021 -2.4060363770
249.6298522949 15.4943246841 0.0000000000 0.0000000000 39.0747833252 218.7136840820 -2.4063796997
249.6202850342 15.4939250946 0.0000000000 0.0000000000 39.0792427063 217.6667175293 -2.4067063332
249.5945892334 15.4935741425 0.0000000000 0.0000000000 39.0863037109 216.5516510010 -2.4070513248
249.5702667236 15.4933347702 0.0000000000 0.0000000000 39.0924148560 214.9262390137 -2.4073922634
249.5681152344 15.4932012558 0.0000000000 0.0000000000 39.0979156494 212.4951324463 -2.4077391624
249.5732269287 15.4930286407 0.0000000000 0.0000000000 39.1027526855 208.6723175049 -2.4080762863
249.5636596680 15.4929523468 0.0000000000 0.0000000000 39.1071128845 203.0671386719 -2.4084177017
249.5345153809 15.4930896759 0.0000000000 0.0000000000 39.1120071411 196.1334838867 -2.4087674618
249.5137176514 15.4932270050 0.0000000000 0.0000000000 39.1153907776 189.2119598389 -2.4091227055
249.5088653564 15.4934215546 0.0000000000 0.0000000000 39.1182479858 184.0213928223 -2.4094686508
249.5028533936 15.4936790466 0.0000000000 0.0000000000 39.1215782166 181.8870697021 -2.4098083973
249.4899291992 15.4939537048 0.0000000000 0.0000000000 39.1236381531 182.9373016357 -2.4101274014
249.4555358887 15.4942455292 0.0000000000 0.0000000000 39.1264724731 186.0924530029 -2.4104640484
249.4360961914 15.4944782257 0.0000000000 0.0000000000 39.1275138855 189.9844512939 -2.4107830524
249.4325866699 15.4945478439 0.0000000000 0.0000000000 39.1274452209 193.8715362549 -2.4111337662
249.4331054688 15.4946012497 0.0000000000 0.0000000000 39.1260299683 197.6120605469 -2.4114675522
249.4108276367 15.4947633743 0.0000000000 0.0000000000 39.1247100830 201.1681518555 -2.4118125439
249.3854522705 15.4950551987 0.0000000000 0.0000000000 39.1255989075 204.2028045654 -2.4121396542
249.3764190674 15.4953689575 0.0000000000 0.0000000000 39.1259651184 206.1300506592 -2.4124522209
249.3682098389 15.4955968857 0.0000000000 0.0000000000 39.1290550232 206.6018371582 -2.4127738476
249.3468322754 15.4958057404 0.0000000000 0.0000000000 39.1316108704 206.0296630859 -2.4130778313
249.3151702881 15.4958944321 0.0000000000 0.0000000000 39.1341857910 205.6286468506 -2.4134094715
249.2991638184 15.4960575104 0.0000000000 0.0000000000 39.1357002258 206.6100158691 -2.4136967659
249.2842559814 15.4963474274 0.0000000000 0.0000000000 39.1364555359 209.2731933594 -2.4140262604
249.2704162598 15.4966764450 0.0000000000 0.0000000000 39.1374473572 212.6932678223 -2.4143300056
249.2459716797 15.4970026016 0.0000000000 0.0000000000 39.1373252869 215.3677368164 -2.4146740437
249.2303466797 15.4974355698 0.0000000000 0.0000000000 39.1382179260 216.4292907715 -2.4149949551
249.2240142822 15.4980430603 0.0000000000 0.0000000000 39.1400527954 216.4419403076 -2.4153234959
249.2091369629 15.4987106323 0.0000000000 0.0000000000 39.1432228088 216.6636962891 -2.4156391621
249.1744995117 15.4994211197 0.0000000000 0.0000000000 39.1470146179 217.6333465576 -2.4159557819
249.1400604248 15.5000381470 0.0000000000 0.0000000000 39.1498832703 219.1401977539 -2.4162917137
249.1287994385 15.5006847382 0.0000000000 0.0000000000 39.1527442932 221.5495300293 -2.4166076183
249.1295928955 15.5013446808 0.0000000000 0.0000000000 39.1535530090 226.3765563965 -2.4177765846
249.0908050537 15.5018177032 0.0000000000 0.0000000000 39.1546783447 234.9855804443 -2.4173023701
249.0436706543 15.5022277832 0.0000000000 0.0000000000 39.1553955078 246.9044647217 -2.4176785946
249.0176391602 15.5026464462 0.0000000000 0.0000000000 39.1565704346 259.5091552734 -2.4180150032
249.0198516846 15.5032281876 0.0000000000 0.0000000000 39.1572418213 269.6944580078 -2.4184019566
249.0240478516 15.5039930344 0.0000000000 0.0000000000 39.1579208374 276.1562194824 -2.4187421799
248.9919586182 15.5047292709 0.0000000000 0.0000000000 39.1597595215 279.6546020508 -2.4191379547
248.9508056641 15.5054454803 0.0000000000 0.0000000000 39.1612930298 280.8157958984 -2.4194982052
248.9457244873 15.5063352585 0.0000000000 0.0000000000 39.1620140076 278.7753601074 -2.4198861122
248.9683074951 15.5073099136 0.0000000000 0.0000000000 39.1620903015 273.0801696777 -2.4202456474
