#         rmsthk      stdthk       rmsvel       stdvel       rmsdiv       stddiv       rmsusurf       stdusurf
0.0000000000 0.0000000000 -82.1135482788 143.1544799805 0.0000000000 0.0000000000 0.0000000000 0.0000000000
0.3002119064 0.8499283195 -71.0593338013 143.2261505127 0.0000000000 0.0000000000 0.0000000000 0.0000000000
0.5778965950 1.5962443352 -65.4033508301 143.6590728760 0.0000000000 0.0000000000 0.0000000000 0.0000000000
0.8364861608 2.3021900654 -64.5896987915 143.8887481689 0.0000000000 0.0000000000 0.0000000000 0.0000000000
1.0851491690 2.9779877663 -66.9125213623 143.8346099854 0.0000000000 0.0000000000 0.0000000000 0.0000000000
1.3322514296 3.6270968914 -71.0851898193 143.5702819824 0.0000000000 0.0000000000 0.0000000000 0.0000000000
1.5870763063 4.2501420975 -76.2600936890 143.1613159180 0.0000000000 0.0000000000 0.0000000000 0.0000000000
1.8554021120 4.8474459648 -81.9226150513 142.6626129150 0.0000000000 0.0000000000 0.0000000000 0.0000000000
2.1407897472 5.4192829132 -87.7036590576 142.1321868896 0.0000000000 0.0000000000 0.0000000000 0.0000000000
2.4458894730 5.9659709930 -93.3302612305 141.6172485352 0.0000000000 0.0000000000 0.0000000000 0.0000000000
2.7728483677 6.4870605469 -98.5403442383 141.1511535645 0.0000000000 0.0000000000 0.0000000000 0.0000000000
3.1206648350 6.9834346771 -103.0484237671 140.7737426758 0.0000000000 0.0000000000 0.0000000000 0.0000000000
3.4849791527 7.4577050209 -106.6518249512 140.5042114258 0.0000000000 0.0000000000 0.0000000000 0.0000000000
3.8602845669 7.9129023552 -109.2700271606 140.3501739502 0.0000000000 0.0000000000 0.0000000000 0.0000000000
4.2420845032 8.3515625000 -110.9248428345 140.2999725342 0.0000000000 0.0000000000 0.0000000000 0.0000000000
4.6270861626 8.7759914398 -111.6897888184 140.3469543457 0.0000000000 0.0000000000 0.0000000000 0.0000000000
5.0130739212 9.1881332397 -111.6725997925 140.4820861816 0.0000000000 0.0000000000 0.0000000000 0.0000000000
5.3979372978 9.5895271301 -111.0090713501 140.6919860840 0.0000000000 0.0000000000 0.0000000000 0.0000000000
5.7799592018 9.9821710587 -109.8574371338 140.9606933594 0.0000000000 0.0000000000 0.0000000000 0.0000000000
6.1575984955 10.3680610657 -108.3897247314 141.2677459717 0.0000000000 0.0000000000 0.0000000000 0.0000000000
6.5298538208 10.7486829758 -106.7823562622 141.5924530029 0.0000000000 0.0000000000 0.0000000000 0.0000000000
6.8962001801 11.1249599457 -105.1922531128 141.9119720459 0.0000000000 0.0000000000 0.0000000000 0.0000000000
7.2556180954 11.4973783493 -103.7499542236 142.2048797607 0.0000000000 0.0000000000 0.0000000000 0.0000000000
7.6072840691 11.8667879105 -102.5541000366 142.4506225586 0.0000000000 0.0000000000 0.0000000000 0.0000000000
7.9506697655 12.2335500717 -101.6705322266 142.6360473633 0.0000000000 0.0000000000 0.0000000000 0.0000000000
8.2852897644 12.5982093811 -101.1268234253 142.7543029785 0.0000000000 0.0000000000 0.0000000000 0.0000000000
8.6106824875 12.9611825943 -100.9143371582 142.8054351807 0.0000000000 0.0000000000 0.0000000000 0.0000000000
8.9268970490 13.3228483200 -101.0012893677 142.7935333252 0.0000000000 0.0000000000 0.0000000000 0.0000000000
9.2342758179 13.6835174561 -101.3336410522 142.7282867432 0.0000000000 0.0000000000 0.0000000000 0.0000000000
9.5329694748 14.0436859131 -101.8464889526 142.6205291748 0.0000000000 0.0000000000 0.0000000000 0.0000000000
9.8234806061 14.4035167694 -102.4692459106 142.4826354980 0.0000000000 0.0000000000 0.0000000000 0.0000000000
10.1065502167 14.7630195618 -103.1203842163 142.3299102783 0.0000000000 0.0000000000 0.0000000000 0.0000000000
10.3826141357 15.1220245361 -103.7223205566 142.1776580811 0.0000000000 0.0000000000 0.0000000000 0.0000000000
10.6517362595 15.4804420471 -104.2182693481 142.0360565186 0.0000000000 0.0000000000 0.0000000000 0.0000000000
10.9137992859 15.8385457993 -104.5489959717 141.9144744873 0.0000000000 0.0000000000 0.0000000000 0.0000000000
11.1686458588 16.1964244843 -104.6632156372 141.8210601807 0.0000000000 0.0000000000 0.0000000000 0.0000000000
11.4161844254 16.5544948578 -104.5437393188 141.7593536377 0.0000000000 0.0000000000 0.0000000000 0.0000000000
11.6564207077 16.9129562378 -104.1941680908 141.7276306152 0.0000000000 0.0000000000 0.0000000000 0.0000000000
11.8893680573 17.2721138000 -103.6366500854 141.7218170166 0.0000000000 0.0000000000 0.0000000000 0.0000000000
12.1147871017 17.6325740814 -102.9111022949 141.7351531982 0.0000000000 0.0000000000 0.0000000000 0.0000000000
12.3328962326 17.9949703217 -102.0777511597 141.7585144043 0.0000000000 0.0000000000 0.0000000000 0.0000000000
12.5437498093 18.3600597382 -101.1945877075 141.7826080322 0.0000000000 0.0000000000 0.0000000000 0.0000000000
12.7475357056 18.7283496857 -100.3238677979 141.7996215820 0.0000000000 0.0000000000 0.0000000000 0.0000000000
12.9445371628 19.0998840332 -99.5144729614 141.8008728027 0.0000000000 0.0000000000 0.0000000000 0.0000000000
13.1349639893 19.4748153687 -98.8071899414 141.7805633545 0.0000000000 0.0000000000 0.0000000000 0.0000000000
13.3190860748 19.8533077240 -98.2306594849 141.7343750000 0.0000000000 0.0000000000 0.0000000000 0.0000000000
13.4971256256 20.2353324890 -97.7940063477 141.6620483398 0.0000000000 0.0000000000 0.0000000000 0.0000000000
13.6693744659 20.6209163666 -97.4887084961 141.5675659180 0.0000000000 0.0000000000 0.0000000000 0.0000000000
13.8361043930 21.0100097656 -97.3000488281 141.4534606934 0.0000000000 0.0000000000 0.0000000000 0.0000000000
13.9976711273 21.4025859833 -97.2000808716 141.3253936768 0.0000000000 0.0000000000 0.0000000000 0.0000000000
14.1544570923 21.7985801697 -97.1490554810 141.1910552979 0.0000000000 0.0000000000 0.0000000000 0.0000000000
14.3067226410 22.1979351044 -97.1071243286 141.0560913086 0.0000000000 0.0000000000 0.0000000000 0.0000000000
14.4548931122 22.6005916595 -97.0385360718 140.9241943359 0.0000000000 0.0000000000 0.0000000000 0.0000000000
14.5994043350 23.0062522888 -96.9143676758 140.8014068604 0.0000000000 0.0000000000 0.0000000000 0.0000000000
14.7407922745 23.4145259857 -96.7126617432 140.6888427734 0.0000000000 0.0000000000 0.0000000000 0.0000000000
14.8793668747 23.8252658844 -96.4262084961 140.5898895264 0.0000000000 0.0000000000 0.0000000000 0.0000000000
15.0155305862 24.2380542755 -96.0614471436 140.5029907227 0.0000000000 0.0000000000 0.0000000000 0.0000000000
15.1495828629 24.6526927948 -95.6357345581 140.4245300293 0.0000000000 0.0000000000 0.0000000000 0.0000000000
15.2818880081 25.0689067841 -95.1815567017 140.3473663330 0.0000000000 0.0000000000 0.0000000000 0.0000000000
15.4129085541 25.4860877991 -94.7333068848 140.2670898438 0.0000000000 0.0000000000 0.0000000000 0.0000000000
15.5430059433 25.9037380219 -94.3211059570 140.1790313721 0.0000000000 0.0000000000 0.0000000000 0.0000000000
15.6723880768 26.3215065002 -93.9618148804 140.0802307129 0.0000000000 0.0000000000 0.0000000000 0.0000000000
15.8013763428 26.7390708923 -93.6539230347 139.9697265625 0.0000000000 0.0000000000 0.0000000000 0.0000000000
15.9299831390 27.1565246582 -93.3948898315 139.8481597900 0.0000000000 0.0000000000 0.0000000000 0.0000000000
16.0584716797 27.5735282898 -93.1647872925 139.7208709717 0.0000000000 0.0000000000 0.0000000000 0.0000000000
16.1868724823 27.9898548126 -92.9432296753 139.5906524658 0.0000000000 0.0000000000 0.0000000000 0.0000000000
16.3151683807 28.4054737091 -92.7137832642 139.4606018066 0.0000000000 0.0000000000 0.0000000000 0.0000000000
16.4433727264 28.8201637268 -92.4719390869 139.3340606689 0.0000000000 0.0000000000 0.0000000000 0.0000000000
16.5713214874 29.2339134216 -92.2098617554 139.2113647461 0.0000000000 0.0000000000 0.0000000000 0.0000000000
16.6989078522 29.6464023590 -91.9310836792 139.0934295654 0.0000000000 0.0000000000 0.0000000000 0.0000000000
16.8259410858 30.0578613281 -91.6411437988 138.9782562256 0.0000000000 0.0000000000 0.0000000000 0.0000000000
16.9523105621 30.4681720734 -91.3487472534 138.8642883301 0.0000000000 0.0000000000 0.0000000000 0.0000000000
17.0776824951 30.8771476746 -91.0686874390 138.7498168945 0.0000000000 0.0000000000 0.0000000000 0.0000000000
17.2019557953 31.2847118378 -90.8066482544 138.6317138672 0.0000000000 0.0000000000 0.0000000000 0.0000000000
17.3250331879 31.6906108856 -90.5625534058 138.5097961426 0.0000000000 0.0000000000 0.0000000000 0.0000000000
17.4465599060 32.0948333740 -90.3358306885 138.3845367432 0.0000000000 0.0000000000 0.0000000000 0.0000000000
17.5664329529 32.4969024658 -90.1212615967 138.2570190430 0.0000000000 0.0000000000 0.0000000000 0.0000000000
17.6842098236 32.8969497681 -89.9071273804 138.1305236816 0.0000000000 0.0000000000 0.0000000000 0.0000000000
17.7997131348 33.2945785522 -89.6800460815 138.0086975098 0.0000000000 0.0000000000 0.0000000000 0.0000000000
17.9124908447 33.6897964478 -89.4380416870 137.8917999268 0.0000000000 0.0000000000 0.0000000000 0.0000000000
18.0221786499 34.0821723938 -89.1842193604 137.7847900391 0.0000000000 0.0000000000 0.0000000000 0.0000000000
18.1279926300 34.4719963074 -88.9330215454 137.6824645996 0.0000000000 0.0000000000 0.0000000000 0.0000000000
18.2295589447 34.8589401245 -88.6973953247 137.5837707520 0.0000000000 0.0000000000 0.0000000000 0.0000000000
18.3265056610 35.2426567078 -88.4875488281 137.4916687012 0.0000000000 0.0000000000 0.0000000000 0.0000000000
18.4185981750 35.6226463318 -88.3009338379 137.4053344727 0.0000000000 0.0000000000 0.0000000000 0.0000000000
18.5056495667 35.9985847473 -88.1377868652 137.3249206543 0.0000000000 0.0000000000 0.0000000000 0.0000000000
18.5874252319 36.3699340820 -87.9895172119 137.2497406006 0.0000000000 0.0000000000 0.0000000000 0.0000000000
18.6639251709 36.7368698120 -87.8439483643 137.1810760498 0.0000000000 0.0000000000 0.0000000000 0.0000000000
18.7353229523 37.0995483398 -87.6900558472 137.1197052002 0.0000000000 0.0000000000 0.0000000000 0.0000000000
18.8017749786 37.4579353333 -87.5180587769 137.0683441162 0.0000000000 0.0000000000 0.0000000000 0.0000000000
18.8634929657 37.8117980957 -87.3342590332 137.0264892578 0.0000000000 0.0000000000 0.0000000000 0.0000000000
18.9205837250 38.1611404419 -87.1493377686 136.9922790527 0.0000000000 0.0000000000 0.0000000000 0.0000000000
18.9731712341 38.5063781738 -86.9680633545 136.9641723633 0.0000000000 0.0000000000 0.0000000000 0.0000000000
19.0214157104 38.8474960327 -86.7918701172 136.9410552979 0.0000000000 0.0000000000 0.0000000000 0.0000000000
19.0655403137 39.1849060059 -86.6271896362 136.9212493896 0.0000000000 0.0000000000 0.0000000000 0.0000000000
19.1059551239 39.5187835693 -86.4676055908 136.9044952393 0.0000000000 0.0000000000 0.0000000000 0.0000000000
19.1431446075 39.8490867615 -86.3212356567 136.8914794922 0.0000000000 0.0000000000 0.0000000000 0.0000000000
19.1774864197 40.1761093140 -86.1945800781 136.8813629150 0.0000000000 0.0000000000 0.0000000000 0.0000000000
19.2098102570 40.4996223450 -86.0842285156 136.8753967285 0.0000000000 0.0000000000 0.0000000000 0.0000000000
19.2404994965 40.8204956055 -85.9816513062 136.8708038330 0.0000000000 0.0000000000 0.0000000000 0.0000000000
19.2699737549 41.1393280029 -85.8832473755 136.8689117432 0.0000000000 0.0000000000 0.0000000000 0.0000000000
19.2987823486 41.4565200806 -85.7844238281 136.8706817627 0.0000000000 0.0000000000 0.0000000000 0.0000000000
19.3273735046 41.7721481323 -85.6831054688 136.8786010742 0.0000000000 0.0000000000 0.0000000000 0.0000000000
19.3558349609 42.0859527588 -85.5843048096 136.8898468018 0.0000000000 0.0000000000 0.0000000000 0.0000000000
19.3841075897 42.3974494934 -85.4822845459 136.9035644531 0.0000000000 0.0000000000 0.0000000000 0.0000000000
19.4119167328 42.7068252563 -85.3801345825 136.9196929932 0.0000000000 0.0000000000 0.0000000000 0.0000000000
19.4390316010 43.0137138367 -85.2764053345 136.9364166260 0.0000000000 0.0000000000 0.0000000000 0.0000000000
19.4651546478 43.3180732727 -85.1712799072 136.9527282715 0.0000000000 0.0000000000 0.0000000000 0.0000000000
19.4899692535 43.6198654175 -85.0694808960 136.9675140381 0.0000000000 0.0000000000 0.0000000000 0.0000000000
19.5132942200 43.9189109802 -84.9705505371 136.9805755615 0.0000000000 0.0000000000 0.0000000000 0.0000000000
19.5349903107 44.2148742676 -84.8820343018 136.9907684326 0.0000000000 0.0000000000 0.0000000000 0.0000000000
19.5549411774 44.5079421997 -84.7937698364 136.9995422363 0.0000000000 0.0000000000 0.0000000000 0.0000000000
19.5732479095 44.7978515625 -84.6893081665 137.0101165771 0.0000000000 0.0000000000 0.0000000000 0.0000000000
19.5899162292 45.0847320557 -84.5737457275 137.0217590332 0.0000000000 0.0000000000 0.0000000000 0.0000000000
19.6052131653 45.3680877686 -84.4463043213 137.0337066650 0.0000000000 0.0000000000 0.0000000000 0.0000000000
19.6191349030 45.6483802795 -84.3208999634 137.0467834473 0.0000000000 0.0000000000 0.0000000000 0.0000000000
19.6318550110 45.9254188538 -84.2052536011 137.0576019287 0.0000000000 0.0000000000 0.0000000000 0.0000000000
19.6436233521 46.1989517212 -84.0994644165 137.0670013428 0.0000000000 0.0000000000 0.0000000000 0.0000000000
19.6547012329 46.4687690735 -84.0053634644 137.0748138428 0.0000000000 0.0000000000 0.0000000000 0.0000000000
19.6650733948 46.7350730896 -83.9180755615 137.0821533203 0.0000000000 0.0000000000 0.0000000000 0.0000000000
19.6746501923 46.9979400635 -83.8258361816 137.0898742676 0.0000000000 0.0000000000 0.0000000000 0.0000000000
19.6835079193 47.2571983337 -83.7372436523 137.0965881348 0.0000000000 0.0000000000 0.0000000000 0.0000000000
19.6915779114 47.5129852295 -83.6546783447 137.1022186279 0.0000000000 0.0000000000 0.0000000000 0.0000000000
19.6989250183 47.7653694153 -83.5770492554 137.1065216064 0.0000000000 0.0000000000 0.0000000000 0.0000000000
19.7056694031 48.0142631531 -83.5007629395 137.1107940674 0.0000000000 0.0000000000 0.0000000000 0.0000000000
19.7118244171 48.2596702576 -83.4210052490 137.1156768799 0.0000000000 0.0000000000 0.0000000000 0.0000000000
19.7176399231 48.5015640259 -83.3360137939 137.1207733154 0.0000000000 0.0000000000 0.0000000000 0.0000000000
19.7232456207 48.7402191162 -83.2402801514 137.1262664795 0.0000000000 0.0000000000 0.0000000000 0.0000000000
19.7288513184 48.9755477905 -83.1417999268 137.1309509277 0.0000000000 0.0000000000 0.0000000000 0.0000000000
19.7346839905 49.2076187134 -83.0531387329 137.1329650879 0.0000000000 0.0000000000 0.0000000000 0.0000000000
19.7409420013 49.4368667603 -82.9687042236 137.1331329346 0.0000000000 0.0000000000 0.0000000000 0.0000000000
19.7481403351 49.6634101868 -82.8801727295 137.1323089600 0.0000000000 0.0000000000 0.0000000000 0.0000000000
19.7564792633 49.8876152039 -82.7882003784 137.1307830811 0.0000000000 0.0000000000 0.0000000000 0.0000000000
19.7661533356 50.1096534729 -82.6926803589 137.1287078857 0.0000000000 0.0000000000 0.0000000000 0.0000000000
19.7772006989 50.3297386169 -82.5967864990 137.1257476807 0.0000000000 0.0000000000 0.0000000000 0.0000000000
19.7897796631 50.5476837158 -82.4929122925 137.1228637695 0.0000000000 0.0000000000 0.0000000000 0.0000000000
19.8039627075 50.7633895874 -82.3908691406 137.1199493408 0.0000000000 0.0000000000 0.0000000000 0.0000000000
19.8194065094 50.9771041870 -82.2986221313 137.1157684326 0.0000000000 0.0000000000 0.0000000000 0.0000000000
19.8359298706 51.1884727478 -82.2124710083 137.1109771729 0.0000000000 0.0000000000 0.0000000000 0.0000000000
19.8528556824 51.3981361389 -82.1215209961 137.1067810059 0.0000000000 0.0000000000 0.0000000000 0.0000000000
19.8696899414 51.6062507629 -82.0154418945 137.1047668457 0.0000000000 0.0000000000 0.0000000000 0.0000000000
19.8860836029 51.8127937317 -81.9045333862 137.1028137207 0.0000000000 0.0000000000 0.0000000000 0.0000000000
19.9015922546 52.0176048279 -81.7998962402 137.0992736816 0.0000000000 0.0000000000 0.0000000000 0.0000000000
19.9157981873 52.2212257385 -81.7021636963 137.0930480957 0.0000000000 0.0000000000 0.0000000000 0.0000000000
19.9285240173 52.4239120483 -81.6124801636 137.0836029053 0.0000000000 0.0000000000 0.0000000000 0.0000000000
19.9398708344 52.6256446838 -81.5409469604 137.0711059570 0.0000000000 0.0000000000 0.0000000000 0.0000000000
19.9501495361 52.8264198303 -81.4727020264 137.0566711426 0.0000000000 0.0000000000 0.0000000000 0.0000000000
19.9596900940 53.0259895325 -81.3936691284 137.0430450439 0.0000000000 0.0000000000 0.0000000000 0.0000000000
19.9686508179 53.2244262695 -81.2939071655 137.0326385498 0.0000000000 0.0000000000 0.0000000000 0.0000000000
19.9771919250 53.4219169617 -81.1745910645 137.0259552002 0.0000000000 0.0000000000 0.0000000000 0.0000000000
19.9853668213 53.6184387207 -81.0575637817 137.0217895508 0.0000000000 0.0000000000 0.0000000000 0.0000000000
19.9930534363 53.8138694763 -80.9544677734 137.0175170898 0.0000000000 0.0000000000 0.0000000000 0.0000000000
19.9997959137 54.0082550049 -80.8756866455 137.0127410889 0.0000000000 0.0000000000 0.0000000000 0.0000000000
20.0056610107 54.2012901306 -80.8053054810 137.0094299316 0.0000000000 0.0000000000 0.0000000000 0.0000000000
20.0102481842 54.3928451538 -80.7352752686 137.0074920654 0.0000000000 0.0000000000 0.0000000000 0.0000000000
20.0130691528 54.5827560425 -80.6542892456 137.0080413818 0.0000000000 0.0000000000 0.0000000000 0.0000000000
20.0138797760 54.7713203430 -80.5765304565 137.0091094971 0.0000000000 0.0000000000 0.0000000000 0.0000000000
20.0125236511 54.9585494995 -80.5095443726 137.0104675293 0.0000000000 0.0000000000 0.0000000000 0.0000000000
20.0090999603 55.1441345215 -80.4494705200 137.0129699707 0.0000000000 0.0000000000 0.0000000000 0.0000000000
20.0032520294 55.3281784058 -80.3941955566 137.0164794922 0.0000000000 0.0000000000 0.0000000000 0.0000000000
19.9949741364 55.5106010437 -80.3362731934 137.0213470459 0.0000000000 0.0000000000 0.0000000000 0.0000000000
19.9841079712 55.6915588379 -80.2763671875 137.0273590088 0.0000000000 0.0000000000 0.0000000000 0.0000000000
19.9701862335 55.8715400696 -80.2113418579 137.0345153809 0.0000000000 0.0000000000 0.0000000000 0.0000000000
19.9529838562 56.0508270264 -80.1449050903 137.0429229736 0.0000000000 0.0000000000 0.0000000000 0.0000000000
19.9323520660 56.2295150757 -80.0863800049 137.0521545410 0.0000000000 0.0000000000 0.0000000000 0.0000000000
19.9082870483 56.4078826904 -80.0377578735 137.0626068115 0.0000000000 0.0000000000 0.0000000000 0.0000000000
19.8807334900 56.5857200623 -79.9842453003 137.0755462646 0.0000000000 0.0000000000 0.0000000000 0.0000000000
19.8491783142 56.7633285522 -79.9180450439 137.0929260254 0.0000000000 0.0000000000 0.0000000000 0.0000000000
19.8133544922 56.9406852722 -79.8496170044 137.1122894287 0.0000000000 0.0000000000 0.0000000000 0.0000000000
19.7729911804 57.1174507141 -79.7913742065 137.1304016113 0.0000000000 0.0000000000 0.0000000000 0.0000000000
19.7280578613 57.2938232422 -79.7427902222 137.1482086182 0.0000000000 0.0000000000 0.0000000000 0.0000000000
19.6786499023 57.4701042175 -79.6836700439 137.1688537598 0.0000000000 0.0000000000 0.0000000000 0.0000000000
19.6248855591 57.6464538574 -79.6153259277 137.1908416748 0.0000000000 0.0000000000 0.0000000000 0.0000000000
19.5668067932 57.8228797913 -79.5505142212 137.2124176025 0.0000000000 0.0000000000 0.0000000000 0.0000000000
19.5042705536 57.9991493225 -79.4891891479 137.2332000732 0.0000000000 0.0000000000 0.0000000000 0.0000000000
19.4373950958 58.1754646301 -79.4325408936 137.2511444092 0.0000000000 0.0000000000 0.0000000000 0.0000000000
19.3662223816 58.3519325256 -79.3945083618 137.2648925781 0.0000000000 0.0000000000 0.0000000000 0.0000000000
19.2909088135 58.5286674500 -79.3600463867 137.2768249512 0.0000000000 0.0000000000 0.0000000000 0.0000000000
19.2117824554 58.7052421570 -79.3271026611 137.2874298096 0.0000000000 0.0000000000 0.0000000000 0.0000000000
19.1292285919 58.8817672729 -79.2938613892 137.2963714600 0.0000000000 0.0000000000 0.0000000000 0.0000000000
19.0433025360 59.0581207275 -79.2635192871 137.3035125732 0.0000000000 0.0000000000 0.0000000000 0.0000000000
18.9542331696 59.2341613770 -79.2381591797 137.3095855713 0.0000000000 0.0000000000 0.0000000000 0.0000000000
18.8625965118 59.4094657898 -79.2325820923 137.3121490479 0.0000000000 0.0000000000 0.0000000000 0.0000000000
18.7688846588 59.5841407776 -79.2589874268 137.3104858398 0.0000000000 0.0000000000 0.0000000000 0.0000000000
18.6730995178 59.7583122253 -79.2992324829 137.3061370850 0.0000000000 0.0000000000 0.0000000000 0.0000000000
18.5756645203 59.9316177368 -79.3299179077 137.3007354736 0.0000000000 0.0000000000 0.0000000000 0.0000000000
18.4778118134 60.1037254333 -79.3370819092 137.2984313965 0.0000000000 0.0000000000 0.0000000000 0.0000000000
18.3801822662 60.2747535706 -79.3276977539 137.2984924316 0.0000000000 0.0000000000 0.0000000000 0.0000000000
18.2832202911 60.4449653625 -79.3107910156 137.3023071289 0.0000000000 0.0000000000 0.0000000000 0.0000000000
18.1874332428 60.6145172119 -79.3061904907 137.3054962158 0.0000000000 0.0000000000 0.0000000000 0.0000000000
18.0935077667 60.7832527161 -79.3134002686 137.3096313477 0.0000000000 0.0000000000 0.0000000000 0.0000000000
18.0017700195 60.9507904053 -79.3297348022 137.3149414062 0.0000000000 0.0000000000 0.0000000000 0.0000000000
17.9125556946 61.1171913147 -79.3601226807 137.3207702637 0.0000000000 0.0000000000 0.0000000000 0.0000000000
17.8260116577 61.2824134827 -79.3857879639 137.3302917480 0.0000000000 0.0000000000 0.0000000000 0.0000000000
17.7420215607 61.4464530945 -79.4016876221 137.3451843262 0.0000000000 0.0000000000 0.0000000000 0.0000000000
17.6601467133 61.6088714600 -79.4017257690 137.3663482666 0.0000000000 0.0000000000 0.0000000000 0.0000000000
17.5796546936 61.7695960999 -79.3731155396 137.3959808350 0.0000000000 0.0000000000 0.0000000000 0.0000000000
17.4999008179 61.9286689758 -79.3280792236 137.4314422607 0.0000000000 0.0000000000 0.0000000000 0.0000000000
17.4204654694 62.0863189697 -79.2782516479 137.4720611572 0.0000000000 0.0000000000 0.0000000000 0.0000000000
17.3409309387 62.2426834106 -79.2678909302 137.5111999512 0.0000000000 0.0000000000 0.0000000000 0.0000000000
17.2609920502 62.3976974487 -79.2815628052 137.5499572754 0.0000000000 0.0000000000 0.0000000000 0.0000000000
17.1805782318 62.5515594482 -79.2874603271 137.5919647217 0.0000000000 0.0000000000 0.0000000000 0.0000000000
17.0994548798 62.7046546936 -79.2797164917 137.6376495361 0.0000000000 0.0000000000 0.0000000000 0.0000000000
17.0179290771 62.8570098877 -79.2486114502 137.6870269775 0.0000000000 0.0000000000 0.0000000000 0.0000000000
16.9357700348 63.0090179443 -79.2102203369 137.7369689941 0.0000000000 0.0000000000 0.0000000000 0.0000000000
16.8536148071 63.1604080200 -79.1843566895 137.7846374512 0.0000000000 0.0000000000 0.0000000000 0.0000000000
16.7716178894 63.3111114502 -79.1788940430 137.8274841309 0.0000000000 0.0000000000 0.0000000000 0.0000000000
16.6903381348 63.4612274170 -79.1840438843 137.8654479980 0.0000000000 0.0000000000 0.0000000000 0.0000000000
16.6099224091 63.6111717224 -79.1753234863 137.9014739990 0.0000000000 0.0000000000 0.0000000000 0.0000000000
16.5305061340 63.7611846924 -79.1424331665 137.9375915527 0.0000000000 0.0000000000 0.0000000000 0.0000000000
16.4527225494 63.9111213684 -79.1004486084 137.9723510742 0.0000000000 0.0000000000 0.0000000000 0.0000000000
16.3771705627 64.0610122681 -79.0695343018 138.0030670166 0.0000000000 0.0000000000 0.0000000000 0.0000000000
16.3040676117 64.2112045288 -79.0670776367 138.0266571045 0.0000000000 0.0000000000 0.0000000000 0.0000000000
16.2338104248 64.3619689941 -79.0756072998 138.0472717285 0.0000000000 0.0000000000 0.0000000000 0.0000000000
16.1667652130 64.5130691528 -79.0694961548 138.0694122314 0.0000000000 0.0000000000 0.0000000000 0.0000000000
16.1030578613 64.6645278931 -79.0494384766 138.0937957764 0.0000000000 0.0000000000 0.0000000000 0.0000000000
16.0420742035 64.8164901733 -79.0249328613 138.1189575195 0.0000000000 0.0000000000 0.0000000000 0.0000000000
15.9832344055 64.9691390991 -79.0126495361 138.1424255371 0.0000000000 0.0000000000 0.0000000000 0.0000000000
15.9259119034 65.1222915649 -79.0139465332 138.1621551514 0.0000000000 0.0000000000 0.0000000000 0.0000000000
15.8697738647 65.2760086060 -79.0211029053 138.1791076660 0.0000000000 0.0000000000 0.0000000000 0.0000000000
15.8146028519 65.4303588867 -79.0188369751 138.1957092285 0.0000000000 0.0000000000 0.0000000000 0.0000000000
15.7601842880 65.5852279663 -79.0023880005 138.2128753662 0.0000000000 0.0000000000 0.0000000000 0.0000000000
15.7064981461 65.7405319214 -78.9781494141 138.2296295166 0.0000000000 0.0000000000 0.0000000000 0.0000000000
15.6535911560 65.8963165283 -78.9684982300 138.2429656982 0.0000000000 0.0000000000 0.0000000000 0.0000000000
15.6020030975 66.0525054932 -78.9639434814 138.2541503906 0.0000000000 0.0000000000 0.0000000000 0.0000000000
15.5523471832 66.2090911865 -78.9576187134 138.2643737793 0.0000000000 0.0000000000 0.0000000000 0.0000000000
15.5051174164 66.3660278320 -78.9330902100 138.2763519287 0.0000000000 0.0000000000 0.0000000000 0.0000000000
15.4603662491 66.5233306885 -78.8971939087 138.2896881104 0.0000000000 0.0000000000 0.0000000000 0.0000000000
15.4178619385 66.6811752319 -78.8740844727 138.3015899658 0.0000000000 0.0000000000 0.0000000000 0.0000000000
15.3779211044 66.8394775391 -78.8621826172 138.3132019043 0.0000000000 0.0000000000 0.0000000000 0.0000000000
15.3405132294 66.9981002808 -78.8632278442 138.3234100342 0.0000000000 0.0000000000 0.0000000000 0.0000000000
15.3055877686 67.1571197510 -78.8708190918 138.3339385986 0.0000000000 0.0000000000 0.0000000000 0.0000000000
15.2729721069 67.3166427612 -78.8665618896 138.3469085693 0.0000000000 0.0000000000 0.0000000000 0.0000000000
15.2423496246 67.4767150879 -78.8394927979 138.3635253906 0.0000000000 0.0000000000 0.0000000000 0.0000000000
15.2134647369 67.6375274658 -78.8047332764 138.3820495605 0.0000000000 0.0000000000 0.0000000000 0.0000000000
15.1863842010 67.7989349365 -78.7970733643 138.3980102539 0.0000000000 0.0000000000 0.0000000000 0.0000000000
15.1614017487 67.9607849121 -78.8102722168 138.4123077393 0.0000000000 0.0000000000 0.0000000000 0.0000000000
15.1385440826 68.1231765747 -78.8122482300 138.4298248291 0.0000000000 0.0000000000 0.0000000000 0.0000000000
15.1177129745 68.2861404419 -78.7859802246 138.4526367188 0.0000000000 0.0000000000 0.0000000000 0.0000000000
15.0986814499 68.4496841431 -78.7445983887 138.4779205322 0.0000000000 0.0000000000 0.0000000000 0.0000000000
15.0811853409 68.6136627197 -78.7266540527 138.5004730225 0.0000000000 0.0000000000 0.0000000000 0.0000000000
15.0650911331 68.7778854370 -78.7340469360 138.5204467773 0.0000000000 0.0000000000 0.0000000000 0.0000000000
15.0500106812 68.9424209595 -78.7429504395 138.5412445068 0.0000000000 0.0000000000 0.0000000000 0.0000000000
15.0356512070 69.1072692871 -78.7197723389 138.5667266846 0.0000000000 0.0000000000 0.0000000000 0.0000000000
15.0213584900 69.2723541260 -78.6708679199 138.5950164795 0.0000000000 0.0000000000 0.0000000000 0.0000000000
15.0070791245 69.4376373291 -78.6277618408 138.6212921143 0.0000000000 0.0000000000 0.0000000000 0.0000000000
14.9934740067 69.6026535034 -78.6008682251 138.6443939209 0.0000000000 0.0000000000 0.0000000000 0.0000000000
14.9806909561 69.7673797607 -78.6014556885 138.6630096436 0.0000000000 0.0000000000 0.0000000000 0.0000000000
14.9690923691 69.9315795898 -78.6121978760 138.6803283691 0.0000000000 0.0000000000 0.0000000000 0.0000000000
14.9588479996 70.0949707031 -78.5992126465 138.7016906738 0.0000000000 0.0000000000 0.0000000000 0.0000000000
14.9496974945 70.2576065063 -78.5381240845 138.7306213379 0.0000000000 0.0000000000 0.0000000000 0.0000000000
14.9415988922 70.4193038940 -78.4628219604 138.7626495361 0.0000000000 0.0000000000 0.0000000000 0.0000000000
14.9346694946 70.5798263550 -78.4243087769 138.7898559570 0.0000000000 0.0000000000 0.0000000000 0.0000000000
14.9289321899 70.7390594482 -78.4378509521 138.8089294434 0.0000000000 0.0000000000 0.0000000000 0.0000000000
14.9244298935 70.8968887329 -78.4763946533 138.8236999512 0.0000000000 0.0000000000 0.0000000000 0.0000000000
14.9210662842 71.0531158447 -78.4883804321 138.8439636230 0.0000000000 0.0000000000 0.0000000000 0.0000000000
14.9184074402 71.2077560425 -78.4425582886 138.8743896484 0.0000000000 0.0000000000 0.0000000000 0.0000000000
14.9159460068 71.3610076904 -78.3708343506 138.9105224609 0.0000000000 0.0000000000 0.0000000000 0.0000000000
14.9133653641 71.5128326416 -78.3467330933 138.9392395020 0.0000000000 0.0000000000 0.0000000000 0.0000000000
14.9107294083 71.6633911133 -78.3702392578 138.9611511230 0.0000000000 0.0000000000 0.0000000000 0.0000000000
14.9082183838 71.8126373291 -78.3997116089 138.9820861816 0.0000000000 0.0000000000 0.0000000000 0.0000000000
14.9060344696 71.9605865479 -78.3616561890 139.0146331787 0.0000000000 0.0000000000 0.0000000000 0.0000000000
14.9038763046 72.1073455811 -78.2605438232 139.0580749512 0.0000000000 0.0000000000 0.0000000000 0.0000000000
14.9014978409 72.2528381348 -78.1693420410 139.0993957520 0.0000000000 0.0000000000 0.0000000000 0.0000000000
14.8984622955 72.3972473145 -78.1554183960 139.1254730225 0.0000000000 0.0000000000 0.0000000000 0.0000000000
14.8952074051 72.5404586792 -78.1705322266 139.1429748535 0.0000000000 0.0000000000 0.0000000000 0.0000000000
14.8926601410 72.6827392578 -78.1554183960 139.1632537842 0.0000000000 0.0000000000 0.0000000000 0.0000000000
14.8913516998 72.8241958618 -78.0995559692 139.1891632080 0.0000000000 0.0000000000 0.0000000000 0.0000000000
14.8914546967 72.9650192261 -78.0361557007 139.2171020508 0.0000000000 0.0000000000 0.0000000000 0.0000000000
14.8924798965 73.1058425903 -77.9918594360 139.2409057617 0.0000000000 0.0000000000 0.0000000000 0.0000000000
14.8941650391 73.2468795776 -77.9696960449 139.2598114014 0.0000000000 0.0000000000 0.0000000000 0.0000000000
14.8968095779 73.3880386353 -77.9474487305 139.2794952393 0.0000000000 0.0000000000 0.0000000000 0.0000000000
14.9003963470 73.5290679932 -77.9119262695 139.3033447266 0.0000000000 0.0000000000 0.0000000000 0.0000000000
14.9041948318 73.6698150635 -77.8574600220 139.3310699463 0.0000000000 0.0000000000 0.0000000000 0.0000000000
14.9081315994 73.8100204468 -77.8017959595 139.3579406738 0.0000000000 0.0000000000 0.0000000000 0.0000000000
14.9124603271 73.9491348267 -77.7716598511 139.3803253174 0.0000000000 0.0000000000 0.0000000000 0.0000000000
14.9166145325 74.0869293213 -77.7758483887 139.3968658447 0.0000000000 0.0000000000 0.0000000000 0.0000000000
14.9205694199 74.2229461670 -77.7573394775 139.4182434082 0.0000000000 0.0000000000 0.0000000000 0.0000000000
14.9243535995 74.3568878174 -77.6928863525 139.4485626221 0.0000000000 0.0000000000 0.0000000000 0.0000000000
14.9282732010 74.4888458252 -77.5987930298 139.4858093262 0.0000000000 0.0000000000 0.0000000000 0.0000000000
14.9319105148 74.6191101074 -77.5558471680 139.5153961182 0.0000000000 0.0000000000 0.0000000000 0.0000000000
14.9345808029 74.7478942871 -77.5645904541 139.5359649658 0.0000000000 0.0000000000 0.0000000000 0.0000000000
14.9359741211 74.8752441406 -77.5735321045 139.5556640625 0.0000000000 0.0000000000 0.0000000000 0.0000000000
14.9362125397 75.0009841919 -77.5070495605 139.5858154297 0.0000000000 0.0000000000 0.0000000000 0.0000000000
14.9358806610 75.1254348755 -77.4024505615 139.6203918457 0.0000000000 0.0000000000 0.0000000000 0.0000000000
14.9357709885 75.2487411499 -77.3420410156 139.6459655762 0.0000000000 0.0000000000 0.0000000000 0.0000000000
14.9362945557 75.3709411621 -77.3447875977 139.6600646973 0.0000000000 0.0000000000 0.0000000000 0.0000000000
14.9370603561 75.4919052124 -77.3534164429 139.6726684570 0.0000000000 0.0000000000 0.0000000000 0.0000000000
14.9376840591 75.6121749878 -77.3255691528 139.6908569336 0.0000000000 0.0000000000 0.0000000000 0.0000000000
14.9379377365 75.7320098877 -77.2634582520 139.7144012451 0.0000000000 0.0000000000 0.0000000000 0.0000000000
14.9375143051 75.8513107300 -77.2047424316 139.7371215820 0.0000000000 0.0000000000 0.0000000000 0.0000000000
14.9357872009 75.9703140259 -77.1998138428 139.7496948242 0.0000000000 0.0000000000 0.0000000000 0.0000000000
14.9325571060 76.0891723633 -77.2396087646 139.7537536621 0.0000000000 0.0000000000 0.0000000000 0.0000000000
14.9278945923 76.2078018188 -77.2230224609 139.7705993652 0.0000000000 0.0000000000 0.0000000000 0.0000000000
14.9213943481 76.3261718750 -77.1650314331 139.7957000732 0.0000000000 0.0000000000 0.0000000000 0.0000000000
14.9120759964 76.4443817139 -77.1203842163 139.8179779053 0.0000000000 0.0000000000 0.0000000000 0.0000000000
14.8995342255 76.5618515015 -77.1229095459 139.8309783936 0.0000000000 0.0000000000 0.0000000000 0.0000000000
14.8843240738 76.6782913208 -77.1099472046 139.8451385498 0.0000000000 0.0000000000 0.0000000000 0.0000000000
14.8670415878 76.7929382324 -77.0503082275 139.8643798828 0.0000000000 0.0000000000 0.0000000000 0.0000000000
14.8495168686 76.9054031372 -76.9846496582 139.8799133301 0.0000000000 0.0000000000 0.0000000000 0.0000000000
14.8336133957 77.0152816772 -76.9630126953 139.8822174072 0.0000000000 0.0000000000 0.0000000000 0.0000000000
14.8208265305 77.1225891113 -76.9864654541 139.8741149902 0.0000000000 0.0000000000 0.0000000000 0.0000000000
14.8122949600 77.2269287109 -76.9916610718 139.8696746826 0.0000000000 0.0000000000 0.0000000000 0.0000000000
14.8085784912 77.3285369873 -76.9373321533 139.8784332275 0.0000000000 0.0000000000 0.0000000000 0.0000000000
14.8094835281 77.4274063110 -76.8713378906 139.8910369873 0.0000000000 0.0000000000 0.0000000000 0.0000000000
14.8144931793 77.5241165161 -76.8817825317 139.8921813965 0.0000000000 0.0000000000 0.0000000000 0.0000000000
14.8229322433 77.6188888550 -76.9264755249 139.8899078369 0.0000000000 0.0000000000 0.0000000000 0.0000000000
14.8341503143 77.7121810913 -76.9120788574 139.9015350342 0.0000000000 0.0000000000 0.0000000000 0.0000000000
14.8473453522 77.8042297363 -76.8424148560 139.9254302979 0.0000000000 0.0000000000 0.0000000000 0.0000000000
14.8615894318 77.8953475952 -76.7769165039 139.9475250244 0.0000000000 0.0000000000 0.0000000000 0.0000000000
14.8755979538 77.9860687256 -76.7902526855 139.9535675049 0.0000000000 0.0000000000 0.0000000000 0.0000000000
14.8889904022 78.0765914917 -76.8229675293 139.9528808594 0.0000000000 0.0000000000 0.0000000000 0.0000000000
14.9017658234 78.1669692993 -76.7997894287 139.9617309570 0.0000000000 0.0000000000 0.0000000000 0.0000000000
14.9144115448 78.2571029663 -76.7174987793 139.9815826416 0.0000000000 0.0000000000 0.0000000000 0.0000000000
14.9268178940 78.3470153809 -76.6405029297 140.0016174316 0.0000000000 0.0000000000 0.0000000000 0.0000000000
14.9377031326 78.4368972778 -76.6476211548 140.0073852539 0.0000000000 0.0000000000 0.0000000000 0.0000000000
14.9459466934 78.5267639160 -76.6857452393 140.0081634521 0.0000000000 0.0000000000 0.0000000000 0.0000000000
14.9510526657 78.6164016724 -76.6900329590 140.0160064697 0.0000000000 0.0000000000 0.0000000000 0.0000000000
14.9530754089 78.7059249878 -76.6301269531 140.0342559814 0.0000000000 0.0000000000 0.0000000000 0.0000000000
14.9517812729 78.7950286865 -76.5564727783 140.0524902344 0.0000000000 0.0000000000 0.0000000000 0.0000000000
14.9471502304 78.8835678101 -76.5372467041 140.0581207275 0.0000000000 0.0000000000 0.0000000000 0.0000000000
14.9393854141 78.9714584351 -76.5594253540 140.0568695068 0.0000000000 0.0000000000 0.0000000000 0.0000000000
14.9288396835 79.0587768555 -76.5424575806 140.0646820068 0.0000000000 0.0000000000 0.0000000000 0.0000000000
14.9154872894 79.1462173462 -76.4885559082 140.0782470703 0.0000000000 0.0000000000 0.0000000000 0.0000000000
14.8991832733 79.2342300415 -76.4447021484 140.0872955322 0.0000000000 0.0000000000 0.0000000000 0.0000000000
14.8800907135 79.3229522705 -76.4386825562 140.0886688232 0.0000000000 0.0000000000 0.0000000000 0.0000000000
14.8580846786 79.4124755859 -76.4314270020 140.0888061523 0.0000000000 0.0000000000 0.0000000000 0.0000000000
14.8335418701 79.5026092529 -76.3959274292 140.0922546387 0.0000000000 0.0000000000 0.0000000000 0.0000000000
14.8071985245 79.5933303833 -76.3576736450 140.0960235596 0.0000000000 0.0000000000 0.0000000000 0.0000000000
14.7795820236 79.6843109131 -76.3453521729 140.0973510742 0.0000000000 0.0000000000 0.0000000000 0.0000000000
14.7502155304 79.7754821777 -76.3468856812 140.0968170166 0.0000000000 0.0000000000 0.0000000000 0.0000000000
14.7195129395 79.8665084839 -76.3425598145 140.0965270996 0.0000000000 0.0000000000 0.0000000000 0.0000000000
14.6882400513 79.9572448730 -76.3306198120 140.0979614258 0.0000000000 0.0000000000 0.0000000000 0.0000000000
14.6561212540 80.0476303101 -76.3307876587 140.0977325439 0.0000000000 0.0000000000 0.0000000000 0.0000000000
14.6231775284 80.1376419067 -76.3242645264 140.0985107422 0.0000000000 0.0000000000 0.0000000000 0.0000000000
14.5890274048 80.2273635864 -76.3100891113 140.0999603271 0.0000000000 0.0000000000 0.0000000000 0.0000000000
14.5537376404 80.3166580200 -76.2970352173 140.0988159180 0.0000000000 0.0000000000 0.0000000000 0.0000000000
14.5179328918 80.4054489136 -76.2867202759 140.0954895020 0.0000000000 0.0000000000 0.0000000000 0.0000000000
14.4822235107 80.4934921265 -76.2616577148 140.0955352783 0.0000000000 0.0000000000 0.0000000000 0.0000000000
14.4470043182 80.5808868408 -76.2160491943 140.1001129150 0.0000000000 0.0000000000 0.0000000000 0.0000000000
14.4124736786 80.6676559448 -76.2012786865 140.0998840332 0.0000000000 0.0000000000 0.0000000000 0.0000000000
14.3782997131 80.7538146973 -76.2227249146 140.0952453613 0.0000000000 0.0000000000 0.0000000000 0.0000000000
14.3440904617 80.8394622803 -76.2319412231 140.0975036621 0.0000000000 0.0000000000 0.0000000000 0.0000000000
14.3090209961 80.9248809814 -76.2154083252 140.1045684814 0.0000000000 0.0000000000 0.0000000000 0.0000000000
14.2729701996 81.0103912354 -76.1914062500 140.1118316650 0.0000000000 0.0000000000 0.0000000000 0.0000000000
14.2359409332 81.0958633423 -76.2193374634 140.1089782715 0.0000000000 0.0000000000 0.0000000000 0.0000000000
14.1981096268 81.1813049316 -76.2359313965 140.1080474854 0.0000000000 0.0000000000 0.0000000000 0.0000000000
14.1597394943 81.2672729492 -76.2161941528 140.1157989502 0.0000000000 0.0000000000 0.0000000000 0.0000000000
14.1198911667 81.3538513184 -76.1828994751 140.1241760254 0.0000000000 0.0000000000 0.0000000000 0.0000000000
14.0782556534 81.4409561157 -76.1309051514 140.1323852539 0.0000000000 0.0000000000 0.0000000000 0.0000000000
14.0352563858 81.5281906128 -76.2127075195 140.1184539795 0.0000000000 0.0000000000 0.0000000000 0.0000000000
13.9906425476 81.6156234741 -76.3236083984 140.1028594971 0.0000000000 0.0000000000 0.0000000000 0.0000000000
13.9439535141 81.7033386230 -76.2708053589 140.1175231934 0.0000000000 0.0000000000 0.0000000000 0.0000000000
13.8944664001 81.7916336060 -76.0823059082 140.1530761719 0.0000000000 0.0000000000 0.0000000000 0.0000000000
13.8430767059 81.8801498413 -75.9790802002 140.1670074463 0.0000000000 0.0000000000 0.0000000000 0.0000000000
13.7916755676 81.9678039551 -76.0375976562 140.1470642090 0.0000000000 0.0000000000 0.0000000000 0.0000000000
13.7423830032 82.0536575317 -76.1418151855 140.1166839600 0.0000000000 0.0000000000 0.0000000000 0.0000000000
13.6962985992 82.1377792358 -76.1226196289 140.1087188721 0.0000000000 0.0000000000 0.0000000000 0.0000000000
13.6544113159 82.2208480835 -76.0477142334 140.1121520996 0.0000000000 0.0000000000 0.0000000000 0.0000000000
13.6164216995 82.3035736084 -76.0454940796 140.1045989990 0.0000000000 0.0000000000 0.0000000000 0.0000000000
13.5818777084 82.3857116699 -76.0640258789 140.0931854248 0.0000000000 0.0000000000 0.0000000000 0.0000000000
13.5502901077 82.4677276611 -76.0117721558 140.0937957764 0.0000000000 0.0000000000 0.0000000000 0.0000000000
13.5219106674 82.5493164062 -75.8805541992 140.1075286865 0.0000000000 0.0000000000 0.0000000000 0.0000000000
13.4977436066 82.6300964355 -75.8663024902 140.1013946533 0.0000000000 0.0000000000 0.0000000000 0.0000000000
13.4776391983 82.7100753784 -75.9551773071 140.0786743164 0.0000000000 0.0000000000 0.0000000000 0.0000000000
13.4617815018 82.7891082764 -75.9936904907 140.0671234131 0.0000000000 0.0000000000 0.0000000000 0.0000000000
13.4499950409 82.8676757812 -75.9346084595 140.0744171143 0.0000000000 0.0000000000 0.0000000000 0.0000000000
13.4414033890 82.9461975098 -75.8886795044 140.0802764893 0.0000000000 0.0000000000 0.0000000000 0.0000000000
13.4358444214 83.0246963501 -75.8950271606 140.0734252930 0.0000000000 0.0000000000 0.0000000000 0.0000000000
13.4338998795 83.1032409668 -75.9035034180 140.0648193359 0.0000000000 0.0000000000 0.0000000000 0.0000000000
13.4356384277 83.1815567017 -75.8985061646 140.0586090088 0.0000000000 0.0000000000 0.0000000000 0.0000000000
13.4409866333 83.2593460083 -75.8713989258 140.0582122803 0.0000000000 0.0000000000 0.0000000000 0.0000000000
13.4488668442 83.3368988037 -75.8485412598 140.0563964844 0.0000000000 0.0000000000 0.0000000000 0.0000000000
13.4595222473 83.4143981934 -75.8646240234 140.0476531982 0.0000000000 0.0000000000 0.0000000000 0.0000000000
13.4725866318 83.4924087524 -75.8783187866 140.0395660400 0.0000000000 0.0000000000 0.0000000000 0.0000000000
13.4876041412 83.5706100464 -75.8388519287 140.0418701172 0.0000000000 0.0000000000 0.0000000000 0.0000000000
13.5041627884 83.6486434937 -75.7799224854 140.0487823486 0.0000000000 0.0000000000 0.0000000000 0.0000000000
13.5227441788 83.7263336182 -75.7550430298 140.0510864258 0.0000000000 0.0000000000 0.0000000000 0.0000000000
13.5422964096 83.8037643433 -75.7758941650 140.0464324951 0.0000000000 0.0000000000 0.0000000000 0.0000000000
13.5618457794 83.8815231323 -75.7902297974 140.0437469482 0.0000000000 0.0000000000 0.0000000000 0.0000000000
13.5809640884 83.9601135254 -75.7623519897 140.0487670898 0.0000000000 0.0000000000 0.0000000000 0.0000000000
13.5992202759 84.0398406982 -75.7242355347 140.0566558838 0.0000000000 0.0000000000 0.0000000000 0.0000000000
13.6155691147 84.1207427979 -75.7127456665 140.0586090088 0.0000000000 0.0000000000 0.0000000000 0.0000000000
13.6296339035 84.2027816772 -75.6910629272 140.0606384277 0.0000000000 0.0000000000 0.0000000000 0.0000000000
13.6416559219 84.2858810425 -75.6766204834 140.0600891113 0.0000000000 0.0000000000 0.0000000000 0.0000000000
13.6506824493 84.3699493408 -75.6721725464 140.0579833984 0.0000000000 0.0000000000 0.0000000000 0.0000000000
13.6560659409 84.4546127319 -75.6656112671 140.0573730469 0.0000000000 0.0000000000 0.0000000000 0.0000000000
13.6574850082 84.5401000977 -75.6334457397 140.0618896484 0.0000000000 0.0000000000 0.0000000000 0.0000000000
13.6546154022 84.6265640259 -75.6111373901 140.0670776367 0.0000000000 0.0000000000 0.0000000000 0.0000000000
13.6465511322 84.7135314941 -75.6051406860 140.0701141357 0.0000000000 0.0000000000 0.0000000000 0.0000000000
13.6330165863 84.8006134033 -75.5864410400 140.0755462646 0.0000000000 0.0000000000 0.0000000000 0.0000000000
13.6140193939 84.8878326416 -75.5231857300 140.0869598389 0.0000000000 0.0000000000 0.0000000000 0.0000000000
13.5900745392 84.9754333496 -75.4995422363 140.0872039795 0.0000000000 0.0000000000 0.0000000000 0.0000000000
13.5634031296 85.0631332397 -75.5362472534 140.0756072998 0.0000000000 0.0000000000 0.0000000000 0.0000000000
13.5348434448 85.1505203247 -75.5221252441 140.0723266602 0.0000000000 0.0000000000 0.0000000000 0.0000000000
13.5043468475 85.2376861572 -75.4714050293 140.0742645264 0.0000000000 0.0000000000 0.0000000000 0.0000000000
13.4722490311 85.3246841431 -75.4842834473 140.0640106201 0.0000000000 0.0000000000 0.0000000000 0.0000000000
13.4386034012 85.4112319946 -75.5101623535 140.0507812500 0.0000000000 0.0000000000 0.0000000000 0.0000000000
13.4052534103 85.4972610474 -75.4650268555 140.0512847900 0.0000000000 0.0000000000 0.0000000000 0.0000000000
13.3730077744 85.5828018188 -75.4395217896 140.0486907959 0.0000000000 0.0000000000 0.0000000000 0.0000000000
13.3419408798 85.6676177979 -75.4654388428 140.0367736816 0.0000000000 0.0000000000 0.0000000000 0.0000000000
13.3115148544 85.7520599365 -75.4982376099 140.0243835449 0.0000000000 0.0000000000 0.0000000000 0.0000000000
13.2814369202 85.8360519409 -75.4806747437 140.0222015381 0.0000000000 0.0000000000 0.0000000000 0.0000000000
13.2521457672 85.9195022583 -75.4414825439 140.0243682861 0.0000000000 0.0000000000 0.0000000000 0.0000000000
13.2235975266 86.0023269653 -75.4310760498 140.0196228027 0.0000000000 0.0000000000 0.0000000000 0.0000000000
13.1958847046 86.0840759277 -75.4311370850 140.0118560791 0.0000000000 0.0000000000 0.0000000000 0.0000000000
13.1698694229 86.1645278931 -75.4119949341 140.0077819824 0.0000000000 0.0000000000 0.0000000000 0.0000000000
13.1457729340 86.2435760498 -75.3821487427 140.0057830811 0.0000000000 0.0000000000 0.0000000000 0.0000000000
13.1243276596 86.3208465576 -75.3807144165 139.9998168945 0.0000000000 0.0000000000 0.0000000000 0.0000000000
13.1046524048 86.3976364136 -75.3970336914 139.9924621582 0.0000000000 0.0000000000 0.0000000000 0.0000000000
13.0856924057 86.4741287231 -75.3941345215 139.9899444580 0.0000000000 0.0000000000 0.0000000000 0.0000000000
13.0664920807 86.5505905151 -75.3567276001 139.9946441650 0.0000000000 0.0000000000 0.0000000000 0.0000000000
13.0467042923 86.6273727417 -75.3384933472 139.9984588623 0.0000000000 0.0000000000 0.0000000000 0.0000000000
13.0253744125 86.7044601440 -75.3434371948 139.9972686768 0.0000000000 0.0000000000 0.0000000000 0.0000000000
13.0016050339 86.7820281982 -75.3424606323 139.9946289062 0.0000000000 0.0000000000 0.0000000000 0.0000000000
12.9752283096 86.8601531982 -75.2794723511 139.9988250732 0.0000000000 0.0000000000 0.0000000000 0.0000000000
12.9467554092 86.9385757446 -75.2709121704 139.9892883301 0.0000000000 0.0000000000 0.0000000000 0.0000000000
12.9172000885 87.0167465210 -75.3053588867 139.9727325439 0.0000000000 0.0000000000 0.0000000000 0.0000000000
12.8856363297 87.0942077637 -75.2679901123 139.9707794189 0.0000000000 0.0000000000 0.0000000000 0.0000000000
12.8521614075 87.1707305908 -75.2004470825 139.9734649658 0.0000000000 0.0000000000 0.0000000000 0.0000000000
12.8162612915 87.2464752197 -75.1861572266 139.9659729004 0.0000000000 0.0000000000 0.0000000000 0.0000000000
12.7783269882 87.3210220337 -75.2070159912 139.9534912109 0.0000000000 0.0000000000 0.0000000000 0.0000000000
12.7391242981 87.3945541382 -75.2031021118 139.9469604492 0.0000000000 0.0000000000 0.0000000000 0.0000000000
12.6989622116 87.4670333862 -75.1720046997 139.9452667236 0.0000000000 0.0000000000 0.0000000000 0.0000000000
12.6582984924 87.5380401611 -75.1556854248 139.9414367676 0.0000000000 0.0000000000 0.0000000000 0.0000000000
12.6174459457 87.6075973511 -75.1541442871 139.9355468750 0.0000000000 0.0000000000 0.0000000000 0.0000000000
12.5764350891 87.6761627197 -75.1389923096 139.9309692383 0.0000000000 0.0000000000 0.0000000000 0.0000000000
12.5352544785 87.7442550659 -75.0998382568 139.9296264648 0.0000000000 0.0000000000 0.0000000000 0.0000000000
12.4946336746 87.8122787476 -75.0870590210 139.9239349365 0.0000000000 0.0000000000 0.0000000000 0.0000000000
12.4541215897 87.8808517456 -75.1198272705 139.9118652344 0.0000000000 0.0000000000 0.0000000000 0.0000000000
12.4125308990 87.9505996704 -75.0992736816 139.9088287354 0.0000000000 0.0000000000 0.0000000000 0.0000000000
12.3693790436 88.0216522217 -75.0370559692 139.9098815918 0.0000000000 0.0000000000 0.0000000000 0.0000000000
12.3255338669 88.0938034058 -75.0146865845 139.9039001465 0.0000000000 0.0000000000 0.0000000000 0.0000000000
12.2822170258 88.1665954590 -75.0564193726 139.8867492676 0.0000000000 0.0000000000 0.0000000000 0.0000000000
12.2386398315 88.2406616211 -75.0745468140 139.8715515137 0.0000000000 0.0000000000 0.0000000000 0.0000000000
12.1932697296 88.3164062500 -75.0674438477 139.8596954346 0.0000000000 0.0000000000 0.0000000000 0.0000000000
12.1462726593 88.3937149048 -75.0719223022 139.8460540771 0.0000000000 0.0000000000 0.0000000000 0.0000000000
12.0979356766 88.4718856812 -74.9984436035 139.8449707031 0.0000000000 0.0000000000 0.0000000000 0.0000000000
12.0484561920 88.5501708984 -74.9408416748 139.8415832520 0.0000000000 0.0000000000 0.0000000000 0.0000000000
11.9991092682 88.6278533936 -74.9362258911 139.8272247314 0.0000000000 0.0000000000 0.0000000000 0.0000000000
11.9522285461 88.7042694092 -74.9249725342 139.8100433350 0.0000000000 0.0000000000 0.0000000000 0.0000000000
11.9086380005 88.7790069580 -74.9498367310 139.7884826660 0.0000000000 0.0000000000 0.0000000000 0.0000000000
11.8675918579 88.8516311646 -74.9323577881 139.7766723633 0.0000000000 0.0000000000 0.0000000000 0.0000000000
11.8284044266 88.9219360352 -74.9077911377 139.7692871094 0.0000000000 0.0000000000 0.0000000000 0.0000000000
11.7905378342 88.9903793335 -74.8720779419 139.7661743164 0.0000000000 0.0000000000 0.0000000000 0.0000000000
11.7537603378 89.0572433472 -74.8448181152 139.7611389160 0.0000000000 0.0000000000 0.0000000000 0.0000000000
11.7179546356 89.1227722168 -74.8348617554 139.7496337891 0.0000000000 0.0000000000 0.0000000000 0.0000000000
11.6831684113 89.1868820190 -74.8844146729 139.7265472412 0.0000000000 0.0000000000 0.0000000000 0.0000000000
11.6491661072 89.2499313354 -74.9116134644 139.7080383301 0.0000000000 0.0000000000 0.0000000000 0.0000000000
11.6156673431 89.3125457764 -74.8336029053 139.7087097168 0.0000000000 0.0000000000 0.0000000000 0.0000000000
11.5817537308 89.3753585815 -74.7655029297 139.7085876465 0.0000000000 0.0000000000 0.0000000000 0.0000000000
11.5469722748 89.4387969971 -74.8102035522 139.6866302490 0.0000000000 0.0000000000 0.0000000000 0.0000000000
11.5109643936 89.5034942627 -74.8428192139 139.6647186279 0.0000000000 0.0000000000 0.0000000000 0.0000000000
11.4737062454 89.5695877075 -74.8019409180 139.6584167480 0.0000000000 0.0000000000 0.0000000000 0.0000000000
11.4351701736 89.6367416382 -74.7829208374 139.6500549316 0.0000000000 0.0000000000 0.0000000000 0.0000000000
11.3940086365 89.7050399780 -74.7929534912 139.6351623535 0.0000000000 0.0000000000 0.0000000000 0.0000000000
11.3499908447 89.7745971680 -74.7746734619 139.6285095215 0.0000000000 0.0000000000 0.0000000000 0.0000000000
11.3031930923 89.8454971313 -74.7852859497 139.6195831299 0.0000000000 0.0000000000 0.0000000000 0.0000000000
11.2531814575 89.9176330566 -74.8185195923 139.6042327881 0.0000000000 0.0000000000 0.0000000000 0.0000000000
11.1995248795 89.9909133911 -74.7927398682 139.5980529785 0.0000000000 0.0000000000 0.0000000000 0.0000000000
11.1420450211 90.0652160645 -74.7815399170 139.5918884277 0.0000000000 0.0000000000 0.0000000000 0.0000000000
11.0813407898 90.1403350830 -74.7547378540 139.5871887207 0.0000000000 0.0000000000 0.0000000000 0.0000000000
11.0174293518 90.2155685425 -74.7162704468 139.5790405273 0.0000000000 0.0000000000 0.0000000000 0.0000000000
10.9510412216 90.2903289795 -74.7593460083 139.5552520752 0.0000000000 0.0000000000 0.0000000000 0.0000000000
10.8826169968 90.3641510010 -74.7455749512 139.5402832031 0.0000000000 0.0000000000 0.0000000000 0.0000000000
10.8125190735 90.4365234375 -74.7059020996 139.5271453857 0.0000000000 0.0000000000 0.0000000000 0.0000000000
10.7416973114 90.5070419312 -74.6959762573 139.5078277588 0.0000000000 0.0000000000 0.0000000000 0.0000000000
10.6706686020 90.5757217407 -74.7087097168 139.4854888916 0.0000000000 0.0000000000 0.0000000000 0.0000000000
10.6005172729 90.6426849365 -74.6948623657 139.4692077637 0.0000000000 0.0000000000 0.0000000000 0.0000000000
10.5311088562 90.7082519531 -74.7063140869 139.4475555420 0.0000000000 0.0000000000 0.0000000000 0.0000000000
10.4631071091 90.7726898193 -74.7299118042 139.4266815186 0.0000000000 0.0000000000 0.0000000000 0.0000000000
10.3962860107 90.8365478516 -74.7100448608 139.4143676758 0.0000000000 0.0000000000 0.0000000000 0.0000000000
10.3314466476 90.9002914429 -74.6641235352 139.4040679932 0.0000000000 0.0000000000 0.0000000000 0.0000000000
10.2688407898 90.9639053345 -74.6937484741 139.3794250488 0.0000000000 0.0000000000 0.0000000000 0.0000000000
10.2090854645 91.0275497437 -74.7288665771 139.3525390625 0.0000000000 0.0000000000 0.0000000000 0.0000000000
10.1525077820 91.0910415649 -74.6285781860 139.3474273682 0.0000000000 0.0000000000 0.0000000000 0.0000000000
10.0988101959 91.1543502808 -74.6097640991 139.3269958496 0.0000000000 0.0000000000 0.0000000000 0.0000000000
10.0486755371 91.2172927856 -74.6985397339 139.2869262695 0.0000000000 0.0000000000 0.0000000000 0.0000000000
10.0032825470 91.2794570923 -74.6390151978 139.2718658447 0.0000000000 0.0000000000 0.0000000000 0.0000000000
9.9631757736 91.3406524658 -74.5476226807 139.2649993896 0.0000000000 0.0000000000 0.0000000000 0.0000000000
9.9280252457 91.4005889893 -74.5951843262 139.2351684570 0.0000000000 0.0000000000 0.0000000000 0.0000000000
9.8971166611 91.4596252441 -74.6192703247 139.2067565918 0.0000000000 0.0000000000 0.0000000000 0.0000000000
9.8703155518 91.5181045532 -74.5769424438 139.1938934326 0.0000000000 0.0000000000 0.0000000000 0.0000000000
9.8468875885 91.5760803223 -74.5769271851 139.1784667969 0.0000000000 0.0000000000 0.0000000000 0.0000000000
9.8247900009 91.6337738037 -74.5933151245 139.1605834961 0.0000000000 0.0000000000 0.0000000000 0.0000000000
9.8030672073 91.6917495728 -74.5779190063 139.1519165039 0.0000000000 0.0000000000 0.0000000000 0.0000000000
9.7801790237 91.7502899170 -74.5316238403 139.1557312012 0.0000000000 0.0000000000 0.0000000000 0.0000000000
9.7533855438 91.8099594116 -74.5552444458 139.1497650146 0.0000000000 0.0000000000 0.0000000000 0.0000000000
9.7210855484 91.8712234497 -74.5526504517 139.1473846436 0.0000000000 0.0000000000 0.0000000000 0.0000000000
9.6826124191 91.9340286255 -74.5348815918 139.1486968994 0.0000000000 0.0000000000 0.0000000000 0.0000000000
9.6368484497 91.9984359741 -74.4933776855 139.1514434814 0.0000000000 0.0000000000 0.0000000000 0.0000000000
9.5839338303 92.0638732910 -74.4836578369 139.1410827637 0.0000000000 0.0000000000 0.0000000000 0.0000000000
9.5248079300 92.1297149658 -74.5076065063 139.1229553223 0.0000000000 0.0000000000 0.0000000000 0.0000000000
9.4606742859 92.1952819824 -74.4765701294 139.1194000244 0.0000000000 0.0000000000 0.0000000000 0.0000000000
9.3912515640 92.2607345581 -74.4502410889 139.1167907715 0.0000000000 0.0000000000 0.0000000000 0.0000000000
9.3149738312 92.3263702393 -74.4992752075 139.0996704102 0.0000000000 0.0000000000 0.0000000000 0.0000000000
9.2312316895 92.3924484253 -74.5028152466 139.0911407471 0.0000000000 0.0000000000 0.0000000000 0.0000000000
9.1408662796 92.4591674805 -74.4545516968 139.0899963379 0.0000000000 0.0000000000 0.0000000000 0.0000000000
9.0455636978 92.5269317627 -74.5257492065 139.0673370361 0.0000000000 0.0000000000 0.0000000000 0.0000000000
8.9464006424 92.5954971313 -74.5247955322 139.0558776855 0.0000000000 0.0000000000 0.0000000000 0.0000000000
