#         COST_U        COST_H      COST_D       COST_S       REGU_H       REGU_S          HPO           COSTGLEN 
435.5311584473 0.0000000000 0.0000000000 0.0000000000 402.2696228027 0.0000000000 2.0726971626
431.3432006836 0.0014864339 0.0000000000 0.0000000000 388.8927917480 4583.7416992188 1.3658535480
431.5101013184 0.0054773050 0.0000000000 0.0000000000 356.5535583496 44349.9062500000 0.9650483727
431.1257019043 0.0112632392 0.0000000000 0.0000000000 342.0248413086 38858.5468750000 0.6312438846
429.6271972656 0.0183677524 0.0000000000 0.0000000000 332.1009826660 30460.8144531250 0.3649390936
427.3270874023 0.0266192537 0.0000000000 0.0000000000 322.7251892090 23692.4746093750 0.1488648355
424.7290649414 0.0358195789 0.0000000000 0.0000000000 320.0055236816 23050.6093750000 -0.0233006999
421.4674377441 0.0457782261 0.0000000000 0.0000000000 318.2593688965 22130.0527343750 -0.1686729044
417.5003967285 0.0565084741 0.0000000000 0.0000000000 317.8500976562 19645.5273437500 -0.2968610525
413.0548400879 0.0680502504 0.0000000000 0.0000000000 318.1335449219 17222.7187500000 -0.4165401757
408.2814025879 0.0804571807 0.0000000000 0.0000000000 318.7650146484 15256.7138671875 -0.5243293643
403.4360656738 0.0937724039 0.0000000000 0.0000000000 319.7084045410 13596.1582031250 -0.6197240353
398.8162536621 0.1080321446 0.0000000000 0.0000000000 320.4717407227 12073.1250000000 -0.7052610517
394.6679687500 0.1232621968 0.0000000000 0.0000000000 320.9338989258 10728.9951171875 -0.7719867826
391.1401672363 0.1394788474 0.0000000000 0.0000000000 320.6807861328 9620.1181640625 -0.8386923671
388.2394409180 0.1566903293 0.0000000000 0.0000000000 319.4546203613 8676.8916015625 -0.8939508796
385.8111267090 0.1748923808 0.0000000000 0.0000000000 317.6059875488 7825.7690429688 -0.9524431825
383.6343078613 0.1940670460 0.0000000000 0.0000000000 315.3177795410 7080.7153320312 -1.0033631325
381.5119628906 0.2141919583 0.0000000000 0.0000000000 312.8097229004 6405.5273437500 -1.0501024723
379.2557678223 0.2352360040 0.0000000000 0.0000000000 310.1140136719 5720.4028320312 -1.0823166370
376.7541809082 0.2571702302 0.0000000000 0.0000000000 307.6639099121 5061.9877929688 -1.1124204397
373.9447937012 0.2799629569 0.0000000000 0.0000000000 305.6517028809 4538.9257812500 -1.1394870281
370.8140563965 0.3035834432 0.0000000000 0.0000000000 303.6743469238 4142.2709960938 -1.1663359404
367.4831848145 0.3280015588 0.0000000000 0.0000000000 301.6497497559 3768.7343750000 -1.1925201416
364.1604919434 0.3531869948 0.0000000000 0.0000000000 299.5710144043 3392.7211914062 -1.2180817127
361.0017395020 0.3791106641 0.0000000000 0.0000000000 297.2353820801 3055.2949218750 -1.2447860241
358.1230773926 0.4057427347 0.0000000000 0.0000000000 294.7320556641 2763.5104980469 -1.2687250376
355.6048278809 0.4330562651 0.0000000000 0.0000000000 292.1184997559 2498.5476074219 -1.2933018208
353.4671020508 0.4610297084 0.0000000000 0.0000000000 289.3109130859 2256.2260742188 -1.3169873953
351.7522277832 0.4896401763 0.0000000000 0.0000000000 286.3488159180 2045.0341796875 -1.3469305038
350.3825988770 0.5188620090 0.0000000000 0.0000000000 283.2575378418 1861.8342285156 -1.3740565777
349.3029174805 0.5486668944 0.0000000000 0.0000000000 280.0695190430 1683.7395019531 -1.3982819319
348.4945068359 0.5790246725 0.0000000000 0.0000000000 276.8228454590 1510.9750976562 -1.4272528887
347.8554382324 0.6099048853 0.0000000000 0.0000000000 273.5395202637 1365.0264892578 -1.4527648687
347.3195495605 0.6412789226 0.0000000000 0.0000000000 270.2811279297 1242.6817626953 -1.4742529392
346.8362121582 0.6731207967 0.0000000000 0.0000000000 267.0972900391 1129.1339111328 -1.4989030361
346.3146362305 0.7054066658 0.0000000000 0.0000000000 264.0018310547 1020.2052001953 -1.5187344551
345.7050781250 0.7381123900 0.0000000000 0.0000000000 260.9828796387 921.0643310547 -1.5375627279
344.9811096191 0.7712136507 0.0000000000 0.0000000000 258.0547485352 838.1563110352 -1.5573492050
344.1252136230 0.8046898842 0.0000000000 0.0000000000 255.2268981934 764.6824951172 -1.5722687244
343.1571960449 0.8385223746 0.0000000000 0.0000000000 252.4808349609 693.4005737305 -1.5892213583
342.0982666016 0.8726960421 0.0000000000 0.0000000000 249.8123931885 627.5131835938 -1.6043281555
340.9752197266 0.9071982503 0.0000000000 0.0000000000 247.2039947510 567.7982177734 -1.6171112061
339.8300476074 0.9420177341 0.0000000000 0.0000000000 244.6369934082 513.2616577148 -1.6295289993
338.6954345703 0.9771442413 0.0000000000 0.0000000000 242.0966186523 467.5159301758 -1.6411682367
337.6040954590 1.0125670433 0.0000000000 0.0000000000 239.5746765137 427.1016235352 -1.6519671679
336.5807800293 1.0482749939 0.0000000000 0.0000000000 237.0723114014 385.9826049805 -1.6598330736
335.6408996582 1.0842543840 0.0000000000 0.0000000000 234.5877685547 348.1646118164 -1.6712087393
334.7861938477 1.1204973459 0.0000000000 0.0000000000 232.1268920898 317.2762451172 -1.6789774895
334.0198059082 1.1569950581 0.0000000000 0.0000000000 229.6895599365 288.9026184082 -1.6868776083
333.3248291016 1.1937388182 0.0000000000 0.0000000000 227.2851715088 260.9573669434 -1.6946762800
332.7025146484 1.2307195663 0.0000000000 0.0000000000 224.9096527100 235.4626770020 -1.7013773918
332.1557006836 1.2679282427 0.0000000000 0.0000000000 222.5697784424 213.3980102539 -1.7086837292
331.6807556152 1.3053563833 0.0000000000 0.0000000000 220.2639617920 193.9541778564 -1.7154459953
331.2942199707 1.3429949284 0.0000000000 0.0000000000 217.9855346680 176.4545593262 -1.7216243744
331.0145874023 1.3808352947 0.0000000000 0.0000000000 215.7378997803 160.3164978027 -1.7278900146
330.8591003418 1.4188696146 0.0000000000 0.0000000000 213.5190734863 144.8850555420 -1.7350471020
330.8356018066 1.4570907354 0.0000000000 0.0000000000 211.3327331543 130.9144439697 -1.7418736219
330.9569091797 1.4954915047 0.0000000000 0.0000000000 209.1655120850 119.0696258545 -1.7486026287
331.2089538574 1.5340647697 0.0000000000 0.0000000000 207.0296325684 108.4474029541 -1.7549846172
331.5981750488 1.5728019476 0.0000000000 0.0000000000 204.9160003662 98.2219238281 -1.7614059448
332.0768737793 1.6116948128 0.0000000000 0.0000000000 202.8291320801 89.1552352905 -1.7676849365
332.6260070801 1.6507353783 0.0000000000 0.0000000000 200.7614746094 81.1795272827 -1.7738590240
333.1735534668 1.6899139881 0.0000000000 0.0000000000 198.7248382568 73.5971603394 -1.7794954777
333.6827087402 1.7292197943 0.0000000000 0.0000000000 196.7160797119 66.6449203491 -1.7851765156
334.0817871094 1.7686419487 0.0000000000 0.0000000000 194.7460174561 60.4864120483 -1.7904621363
334.3466186523 1.8081704378 0.0000000000 0.0000000000 192.8091125488 54.9622421265 -1.7963296175
334.4203796387 1.8477948904 0.0000000000 0.0000000000 190.9198760986 50.0169448853 -1.8018221855
334.3158264160 1.8875081539 0.0000000000 0.0000000000 189.0688934326 45.6643104553 -1.8072682619
334.0202331543 1.9273048639 0.0000000000 0.0000000000 187.2644195557 41.5989036560 -1.8124781847
333.5903320312 1.9671820402 0.0000000000 0.0000000000 185.4955291748 37.9504547119 -1.8177455664
333.0377197266 2.0071337223 0.0000000000 0.0000000000 183.7678375244 34.9047813416 -1.8239817619
332.4309997559 2.0471560955 0.0000000000 0.0000000000 182.0680389404 31.8165702820 -1.8299775124
331.7789001465 2.0872452259 0.0000000000 0.0000000000 180.3989715576 28.7797126770 -1.8358391523
331.1422119141 2.1273949146 0.0000000000 0.0000000000 178.7533721924 26.3541717529 -1.8413563967
330.5199279785 2.1676020622 0.0000000000 0.0000000000 177.1381988525 24.4052124023 -1.8469705582
329.9633178711 2.2078611851 0.0000000000 0.0000000000 175.5446777344 22.5577011108 -1.8527038097
329.4364929199 2.2481675148 0.0000000000 0.0000000000 173.9812011719 20.6562137604 -1.8588877916
328.9721069336 2.2885165215 0.0000000000 0.0000000000 172.4369201660 18.9497299194 -1.8648700714
328.5238037109 2.3289034367 0.0000000000 0.0000000000 170.9173126221 17.4971313477 -1.8704804182
328.1178894043 2.3693208694 0.0000000000 0.0000000000 169.4185943604 16.2376861572 -1.8760745525
327.7184143066 2.4097647667 0.0000000000 0.0000000000 167.9453430176 15.1285533905 -1.8813493252
327.3664855957 2.4502313137 0.0000000000 0.0000000000 166.4895782471 14.0450630188 -1.8875272274
327.0171813965 2.4907162189 0.0000000000 0.0000000000 165.0574188232 13.0824785233 -1.8933105469
326.7059631348 2.5312144756 0.0000000000 0.0000000000 163.6430664062 12.3644876480 -1.8989164829
326.3887939453 2.5717206001 0.0000000000 0.0000000000 162.2517089844 11.6816530228 -1.9042305946
326.1089782715 2.6122303009 0.0000000000 0.0000000000 160.8763732910 10.9239120483 -1.9094448090
325.8119812012 2.6527390480 0.0000000000 0.0000000000 159.5192718506 10.2874698639 -1.9157749414
325.5222473145 2.6932430267 0.0000000000 0.0000000000 158.1763916016 9.8206014633 -1.9215728045
325.1940307617 2.7337379456 0.0000000000 0.0000000000 156.8566741943 9.4891395569 -1.9272073507
324.8566589355 2.7742195129 0.0000000000 0.0000000000 155.5528717041 9.1410732269 -1.9322528839
324.4827880859 2.8146846294 0.0000000000 0.0000000000 154.2696228027 8.6433391571 -1.9381877184
324.1115112305 2.8551297188 0.0000000000 0.0000000000 153.0081787109 8.2177248001 -1.9436402321
323.7184448242 2.8955533504 0.0000000000 0.0000000000 151.7722778320 8.0671062469 -1.9495565891
323.3460693359 2.9359526634 0.0000000000 0.0000000000 150.5525970459 8.0148429871 -1.9548832178
322.9790954590 2.9763259888 0.0000000000 0.0000000000 149.3484039307 7.8171539307 -1.9600287676
322.6705322266 3.0166702271 0.0000000000 0.0000000000 148.1552124023 7.4726967812 -1.9656139612
322.3918151855 3.0569837093 0.0000000000 0.0000000000 146.9723358154 7.2905054092 -1.9711627960
322.1694641113 3.0972628593 0.0000000000 0.0000000000 145.8016815186 7.3549222946 -1.9774940014
321.9686584473 3.1375072002 0.0000000000 0.0000000000 144.6511840820 7.2807679176 -1.9829207659
321.7888488770 3.1777164936 0.0000000000 0.0000000000 143.5188446045 7.1176323891 -1.9884848595
321.6213684082 3.2178907394 0.0000000000 0.0000000000 142.4062805176 7.0436205864 -1.9933344126
321.4565429688 3.2580280304 0.0000000000 0.0000000000 141.3180236816 6.9036817551 -1.9997726679
321.2967224121 3.2981286049 0.0000000000 0.0000000000 140.2467498779 6.8915605545 -2.0053918362
321.1271667480 3.3381910324 0.0000000000 0.0000000000 139.1972808838 7.1012191772 -2.0108389854
320.9511718750 3.3782131672 0.0000000000 0.0000000000 138.1686401367 7.2232341766 -2.0156018734
320.7709350586 3.4181983471 0.0000000000 0.0000000000 137.1569061279 7.2351622581 -2.0214154720
320.5884399414 3.4581446648 0.0000000000 0.0000000000 136.1511535645 7.2907361984 -2.0270640850
320.3918457031 3.4980497360 0.0000000000 0.0000000000 135.1577606201 7.3434205055 -2.0330018997
320.1878662109 3.5379106998 0.0000000000 0.0000000000 134.1741027832 7.3475475311 -2.0386011600
319.9692993164 3.5777275562 0.0000000000 0.0000000000 133.2041778564 7.4246921539 -2.0440862179
319.7522888184 3.6174957752 0.0000000000 0.0000000000 132.2435760498 7.5771207809 -2.0493717194
319.5346069336 3.6572139263 0.0000000000 0.0000000000 131.2930145264 7.7885704041 -2.0548169613
319.3393554688 3.6968805790 0.0000000000 0.0000000000 130.3503417969 7.9047441483 -2.0602531433
319.1522521973 3.7364923954 0.0000000000 0.0000000000 129.4291076660 7.8688621521 -2.0660359859
318.9958496094 3.7760503292 0.0000000000 0.0000000000 128.5262908936 7.7483978271 -2.0716321468
318.8305969238 3.8155527115 0.0000000000 0.0000000000 127.6511840820 7.6354770660 -2.0771546364
318.6771850586 3.8549988270 0.0000000000 0.0000000000 126.7856597900 7.8625478745 -2.0824429989
318.5138549805 3.8943884373 0.0000000000 0.0000000000 125.9336395264 8.3393249512 -2.0874295235
318.3461914062 3.9337186813 0.0000000000 0.0000000000 125.0941390991 8.5192909241 -2.0927171707
318.1757812500 3.9729857445 0.0000000000 0.0000000000 124.2776489258 8.4185924530 -2.0976078510
317.9750061035 4.0121874809 0.0000000000 0.0000000000 123.4747085571 8.4029664993 -2.1045515537
317.7537536621 4.0513215065 0.0000000000 0.0000000000 122.6849136353 8.5058116913 -2.1102476120
317.4806518555 4.0903878212 0.0000000000 0.0000000000 121.9164962769 8.7596588135 -2.1155855656
317.2502441406 4.1293797493 0.0000000000 0.0000000000 121.1632766724 9.1575317383 -2.1204133034
317.0567626953 4.1682939529 0.0000000000 0.0000000000 120.4320297241 9.4971885681 -2.1265039444
316.9950561523 4.2071318626 0.0000000000 0.0000000000 119.6978607178 9.7885379791 -2.1322383881
317.0010681152 4.2458891869 0.0000000000 0.0000000000 118.9697570801 10.1124629974 -2.1377902031
317.0675354004 4.2845630646 0.0000000000 0.0000000000 118.2401199341 10.3346481323 -2.1428837776
317.1124877930 4.3231492043 0.0000000000 0.0000000000 117.5236892700 10.4244461060 -2.1472337246
317.0835571289 4.3616528511 0.0000000000 0.0000000000 116.8120346069 10.6063995361 -2.1524193287
316.9848022461 4.4000740051 0.0000000000 0.0000000000 116.1159362793 10.7143115997 -2.1572067738
316.7649841309 4.4384117126 0.0000000000 0.0000000000 115.4232406616 10.6499729156 -2.1638369560
316.5039062500 4.4766654968 0.0000000000 0.0000000000 114.7307205200 10.8451852798 -2.1692013741
316.2183227539 4.5148344040 0.0000000000 0.0000000000 114.0426406860 11.4424333572 -2.1740434170
316.0299377441 4.5529136658 0.0000000000 0.0000000000 113.3466644287 12.0294513702 -2.1784088612
315.9268493652 4.5909032822 0.0000000000 0.0000000000 112.6565780640 12.3452167511 -2.1831924915
315.9505310059 4.6287980080 0.0000000000 0.0000000000 111.9672241211 12.1653232574 -2.1886355877
315.9812927246 4.6665978432 0.0000000000 0.0000000000 111.3098907471 11.5446300507 -2.1939625740
315.9652709961 4.7043018341 0.0000000000 0.0000000000 110.6836776733 11.3959693909 -2.1989197731
315.9258117676 4.7419061661 0.0000000000 0.0000000000 110.0913543701 11.9191913605 -2.2029116154
315.8088378906 4.7794175148 0.0000000000 0.0000000000 109.5268707275 12.4066877365 -2.2092113495
315.7474670410 4.8168363571 0.0000000000 0.0000000000 108.9735488892 12.7210922241 -2.2146267891
315.7037353516 4.8541641235 0.0000000000 0.0000000000 108.4379043579 13.1090583801 -2.2197294235
315.7455749512 4.8914041519 0.0000000000 0.0000000000 107.8939056396 13.7714691162 -2.2247025967
315.8079528809 4.9285531044 0.0000000000 0.0000000000 107.3498153687 14.0195665359 -2.2295651436
315.8665161133 4.9656114578 0.0000000000 0.0000000000 106.8063049316 13.3072071075 -2.2342052460
315.8587646484 5.0025796890 0.0000000000 0.0000000000 106.3036346436 12.9212284088 -2.2383229733
315.7607116699 5.0394601822 0.0000000000 0.0000000000 105.8067855835 13.4027938843 -2.2436466217
315.6261901855 5.0762500763 0.0000000000 0.0000000000 105.3083496094 13.4121007919 -2.2486391068
315.4136657715 5.1129536629 0.0000000000 0.0000000000 104.8037261963 12.9991731644 -2.2543251514
315.2661743164 5.1495690346 0.0000000000 0.0000000000 104.2749938965 13.0776615143 -2.2593970299
315.1482543945 5.1860966682 0.0000000000 0.0000000000 103.7331161499 13.3946599960 -2.2643804550
315.1514282227 5.2225356102 0.0000000000 0.0000000000 103.1880340576 13.8686304092 -2.2691962719
315.1375427246 5.2588863373 0.0000000000 0.0000000000 102.6782760620 14.4009113312 -2.2740736008
315.1677246094 5.2951459885 0.0000000000 0.0000000000 102.1543273926 14.6240806580 -2.2786519527
315.0862426758 5.3313136101 0.0000000000 0.0000000000 101.6257781982 14.6569995880 -2.2834360600
315.0067749023 5.3673925400 0.0000000000 0.0000000000 101.0957870483 14.7056217194 -2.2876555920
314.9014282227 5.4033894539 0.0000000000 0.0000000000 100.6035385132 14.7541866302 -2.2929096222
314.8260498047 5.4392981529 0.0000000000 0.0000000000 100.1688766479 14.7418899536 -2.2977755070
314.8041992188 5.4751148224 0.0000000000 0.0000000000 99.7147140503 14.5388565063 -2.3027503490
314.7935485840 5.5108408928 0.0000000000 0.0000000000 99.2439575195 14.3177394867 -2.3074924946
314.8044433594 5.5464792252 0.0000000000 0.0000000000 98.7410507202 14.3618431091 -2.3121085167
314.8421020508 5.5820302963 0.0000000000 0.0000000000 98.2401351929 14.7303285599 -2.3162517548
314.8543090820 5.6174945831 0.0000000000 0.0000000000 97.7371139526 15.1178913116 -2.3211178780
314.9493408203 5.6528687477 0.0000000000 0.0000000000 97.2328338623 15.3397521973 -2.3256037235
314.9958190918 5.6881575584 0.0000000000 0.0000000000 96.7376174927 15.4964389801 -2.3307073116
315.0729064941 5.7233624458 0.0000000000 0.0000000000 96.2765197754 15.5283956528 -2.3352932930
315.1020202637 5.7584772110 0.0000000000 0.0000000000 95.7983245850 15.8297729492 -2.3397686481
315.1199645996 5.7934999466 0.0000000000 0.0000000000 95.3183364868 16.5100364685 -2.3438205719
315.1345825195 5.8284282684 0.0000000000 0.0000000000 94.8596191406 17.1393318176 -2.3481600285
315.1698303223 5.8632650375 0.0000000000 0.0000000000 94.4300079346 17.6529273987 -2.3521525860
315.1710510254 5.8980164528 0.0000000000 0.0000000000 94.0038146973 17.9365520477 -2.3571951389
315.1483154297 5.9326777458 0.0000000000 0.0000000000 93.5778274536 18.0395965576 -2.3616905212
315.0975341797 5.9672551155 0.0000000000 0.0000000000 93.1870040894 18.4592933655 -2.3660783768
315.1086120605 6.0017437935 0.0000000000 0.0000000000 92.8058547974 19.0458087921 -2.3701033592
315.1595764160 6.0361418724 0.0000000000 0.0000000000 92.3943786621 19.4222354889 -2.3741252422
315.3297424316 6.0704565048 0.0000000000 0.0000000000 92.0302810669 19.7503299713 -2.3776292801
315.4406738281 6.1046943665 0.0000000000 0.0000000000 91.7104873657 19.9639930725 -2.3823273182
315.5502014160 6.1388607025 0.0000000000 0.0000000000 91.3438568115 19.9923725128 -2.3864722252
315.5639343262 6.1729583740 0.0000000000 0.0000000000 90.9563064575 20.4787292480 -2.3907029629
315.5971374512 6.2069840431 0.0000000000 0.0000000000 90.5859451294 21.4505214691 -2.3945262432
315.6879882812 6.2409410477 0.0000000000 0.0000000000 90.2279052734 22.4001598358 -2.3983638287
315.8740539551 6.2748303413 0.0000000000 0.0000000000 89.8038177490 23.5022029877 -2.4016737938
316.0792541504 6.3086471558 0.0000000000 0.0000000000 89.3851165771 24.2165908813 -2.4061214924
316.2111816406 6.3423895836 0.0000000000 0.0000000000 89.0396804810 24.9197120667 -2.4101123810
316.2848815918 6.3760538101 0.0000000000 0.0000000000 88.7631072998 25.4840755463 -2.4141883850
316.2841491699 6.4096403122 0.0000000000 0.0000000000 88.4663085938 25.2405109406 -2.4178051949
316.4187622070 6.4431505203 0.0000000000 0.0000000000 88.1255798340 25.2825584412 -2.4212884903
316.5288391113 6.4765901566 0.0000000000 0.0000000000 87.8411941528 25.5599365234 -2.4252240658
316.7762756348 6.5099701881 0.0000000000 0.0000000000 87.4801559448 25.6409358978 -2.4293045998
316.8106689453 6.5432934761 0.0000000000 0.0000000000 87.1447601318 26.0910091400 -2.4339640141
316.8745727539 6.5765533447 0.0000000000 0.0000000000 86.8043670654 27.0975475311 -2.4377772808
316.8592834473 6.6097445488 0.0000000000 0.0000000000 86.4811172485 28.0013484955 -2.4415969849
317.0929565430 6.6428647041 0.0000000000 0.0000000000 86.0785751343 28.2333450317 -2.4445037842
317.2865600586 6.6759023666 0.0000000000 0.0000000000 85.6735763550 28.6328182220 -2.4485685825
317.5768432617 6.7088561058 0.0000000000 0.0000000000 85.2405090332 29.3124599457 -2.4518527985
317.6004333496 6.7417192459 0.0000000000 0.0000000000 84.8659591675 29.9260520935 -2.4556770325
317.6535034180 6.7744889259 0.0000000000 0.0000000000 84.4763641357 30.5145053864 -2.4587328434
317.6561889648 6.8071537018 0.0000000000 0.0000000000 84.0880966187 31.1243991852 -2.4616012573
317.8452148438 6.8397088051 0.0000000000 0.0000000000 83.6680450439 31.5403232574 -2.4656288624
318.0307617188 6.8721480370 0.0000000000 0.0000000000 83.3056030273 31.2988739014 -2.4689347744
318.1718750000 6.9044699669 0.0000000000 0.0000000000 82.9544296265 31.4813098907 -2.4726738930
318.2401123047 6.9366698265 0.0000000000 0.0000000000 82.6305084229 32.4620132446 -2.4753372669
318.2998352051 6.9687433243 0.0000000000 0.0000000000 82.3064956665 33.1174507141 -2.4786386490
318.4227905273 7.0006809235 0.0000000000 0.0000000000 81.9855651855 33.9070968628 -2.4810216427
318.5511474609 7.0324811935 0.0000000000 0.0000000000 81.6541748047 34.6145477295 -2.4850025177
318.5869445801 7.0641527176 0.0000000000 0.0000000000 81.3062362671 34.5314407349 -2.4879693985
318.6142272949 7.0956997871 0.0000000000 0.0000000000 80.9372406006 34.0401573181 -2.4908714294
318.6004638672 7.1271214485 0.0000000000 0.0000000000 80.5696258545 33.3025321960 -2.4931588173
318.8352661133 7.1584119797 0.0000000000 0.0000000000 80.1677551270 32.9380722046 -2.4963173866
319.0079040527 7.1895699501 0.0000000000 0.0000000000 79.7681961060 33.3145866394 -2.4999940395
319.3376464844 7.2206015587 0.0000000000 0.0000000000 79.3496475220 34.5729713440 -2.5029041767
319.4851379395 7.2515163422 0.0000000000 0.0000000000 78.9589004517 35.2717399597 -2.5061907768
319.7442932129 7.2823190689 0.0000000000 0.0000000000 78.5559310913 35.1259155273 -2.5086503029
319.8764648438 7.3130140305 0.0000000000 0.0000000000 78.1796188354 34.8027076721 -2.5126466751
320.1500854492 7.3435883522 0.0000000000 0.0000000000 77.7905807495 34.0107421875 -2.5154855251
320.3023986816 7.3740410805 0.0000000000 0.0000000000 77.4289016724 33.6950454712 -2.5184161663
320.5471496582 7.4043664932 0.0000000000 0.0000000000 77.0774688721 34.5798454285 -2.5204067230
320.6243896484 7.4345607758 0.0000000000 0.0000000000 76.7716751099 35.4661140442 -2.5235726833
320.7939453125 7.4646205902 0.0000000000 0.0000000000 76.4687194824 35.6469268799 -2.5260837078
320.7449951172 7.4945402145 0.0000000000 0.0000000000 76.2056655884 35.9127120972 -2.5286626816
320.7337341309 7.5243234634 0.0000000000 0.0000000000 75.9598464966 36.2070922852 -2.5310699940
320.5708007812 7.5539727211 0.0000000000 0.0000000000 75.7942810059 36.1367301941 -2.5329928398
320.5258789062 7.5834946632 0.0000000000 0.0000000000 75.6667785645 35.9915275574 -2.5368399620
320.5199890137 7.6128931046 0.0000000000 0.0000000000 75.6073608398 36.5895118713 -2.5391061306
320.6226806641 7.6421713829 0.0000000000 0.0000000000 75.4976577759 37.7420120239 -2.5418727398
320.8764343262 7.6713280678 0.0000000000 0.0000000000 75.3023300171 38.6546173096 -2.5434558392
321.1150207520 7.7003684044 0.0000000000 0.0000000000 75.0685195923 39.3511619568 -2.5472333431
321.3706665039 7.7293009758 0.0000000000 0.0000000000 74.7740402222 40.8526039124 -2.5497663021
321.5832824707 7.7581210136 0.0000000000 0.0000000000 74.4304733276 43.0301551819 -2.5521895885
321.8381042480 7.7868165970 0.0000000000 0.0000000000 74.0520706177 44.8642234802 -2.5533268452
322.1596069336 7.8153805733 0.0000000000 0.0000000000 73.6486663818 45.7199974060 -2.5566799641
322.3592224121 7.8438205719 0.0000000000 0.0000000000 73.3123550415 45.8950462341 -2.5587992668
322.5419006348 7.8721404076 0.0000000000 0.0000000000 73.0322570801 46.4078712463 -2.5609943867
322.4313964844 7.9003443718 0.0000000000 0.0000000000 72.8931655884 47.6605567932 -2.5632677078
322.5159301758 7.9284310341 0.0000000000 0.0000000000 72.7578811646 48.7771606445 -2.5655198097
322.4291687012 7.9564003944 0.0000000000 0.0000000000 72.6384811401 48.3643302917 -2.5688433647
322.5325622559 7.9842567444 0.0000000000 0.0000000000 72.4320068359 47.4319953918 -2.5711920261
322.5090332031 8.0120086670 0.0000000000 0.0000000000 72.2023696899 47.2727775574 -2.5733783245
322.6844787598 8.0396623611 0.0000000000 0.0000000000 71.9038162231 47.5884208679 -2.5748803616
322.7065429688 8.0672178268 0.0000000000 0.0000000000 71.6427612305 47.8831939697 -2.5775644779
322.9100646973 8.0946826935 0.0000000000 0.0000000000 71.3124618530 47.6480255127 -2.5798435211
322.8818054199 8.1220512390 0.0000000000 0.0000000000 71.0307769775 47.0581092834 -2.5824432373
322.9932556152 8.1493225098 0.0000000000 0.0000000000 70.7284545898 46.8709526062 -2.5845215321
322.9962463379 8.1764850616 0.0000000000 0.0000000000 70.4825515747 48.0249786377 -2.5861737728
323.1979064941 8.2035341263 0.0000000000 0.0000000000 70.2205581665 50.1022834778 -2.5889666080
323.2648925781 8.2304582596 0.0000000000 0.0000000000 70.0546951294 51.2257499695 -2.5909879208
323.3040161133 8.2572536469 0.0000000000 0.0000000000 69.8928604126 51.7361373901 -2.5940775871
323.2650451660 8.2839260101 0.0000000000 0.0000000000 69.7426071167 52.9008255005 -2.5958912373
323.2330932617 8.3104667664 0.0000000000 0.0000000000 69.5653381348 54.2785682678 -2.5983905792
323.2845458984 8.3368711472 0.0000000000 0.0000000000 69.3373870850 54.1624412537 -2.5996785164
323.3048095703 8.3631372452 0.0000000000 0.0000000000 69.1036682129 53.2033767700 -2.6027598381
323.3171081543 8.3892841339 0.0000000000 0.0000000000 68.8558120728 53.8252601624 -2.6048057079
323.3449096680 8.4153127670 0.0000000000 0.0000000000 68.6032562256 56.0192642212 -2.6068038940
323.3918762207 8.4412326813 0.0000000000 0.0000000000 68.3575973511 58.9597167969 -2.6077275276
323.5769042969 8.4670448303 0.0000000000 0.0000000000 68.0921859741 60.5117645264 -2.6104235649
323.5708618164 8.4927539825 0.0000000000 0.0000000000 67.8496780396 59.5334167480 -2.6123881340
323.6400756836 8.5183591843 0.0000000000 0.0000000000 67.5871047974 57.6181373596 -2.6145853996
323.5422363281 8.5438594818 0.0000000000 0.0000000000 67.3518753052 55.9691162109 -2.6163020134
323.7228698730 8.5692596436 0.0000000000 0.0000000000 67.0880584717 55.9877662659 -2.6179828644
323.6862792969 8.5945615768 0.0000000000 0.0000000000 66.8718185425 56.8465156555 -2.6201713085
323.7989196777 8.6197824478 0.0000000000 0.0000000000 66.6397247314 56.9860343933 -2.6222755909
323.6686401367 8.6449146271 0.0000000000 0.0000000000 66.4541320801 56.3101539612 -2.6242766380
323.8014831543 8.6699542999 0.0000000000 0.0000000000 66.2409362793 55.2714805603 -2.6259431839
323.8259887695 8.6949071884 0.0000000000 0.0000000000 66.0626068115 54.6124916077 -2.6274092197
324.0495910645 8.7197799683 0.0000000000 0.0000000000 65.8622207642 54.4493408203 -2.6291260719
323.8969421387 8.7445573807 0.0000000000 0.0000000000 65.7219696045 54.7701721191 -2.6309080124
323.8770751953 8.7692394257 0.0000000000 0.0000000000 65.5553894043 55.8185539246 -2.6332173347
323.8258056641 8.7938165665 0.0000000000 0.0000000000 65.3923721313 57.2784538269 -2.6345841885
323.9864501953 8.8182868958 0.0000000000 0.0000000000 65.1991271973 58.8141365051 -2.6365137100
324.1092224121 8.8426427841 0.0000000000 0.0000000000 65.0045394897 59.9713401794 -2.6388926506
324.0876464844 8.8668842316 0.0000000000 0.0000000000 64.8249588013 60.6614837646 -2.6403656006
324.0518493652 8.8910150528 0.0000000000 0.0000000000 64.6441802979 61.1653060913 -2.6422181129
324.0649719238 8.9150400162 0.0000000000 0.0000000000 64.4685363770 62.0747184753 -2.6438574791
324.2723999023 8.9389648438 0.0000000000 0.0000000000 64.2658767700 63.8488388062 -2.6446261406
324.3220520020 8.9627838135 0.0000000000 0.0000000000 64.0870819092 65.8377838135 -2.6467735767
324.3310546875 8.9864997864 0.0000000000 0.0000000000 63.9054069519 67.2885894775 -2.6480364799
324.2183227539 9.0100879669 0.0000000000 0.0000000000 63.7410202026 68.3734664917 -2.6504673958
324.2625732422 9.0335588455 0.0000000000 0.0000000000 63.5602569580 69.5709228516 -2.6518731117
324.4385070801 9.0569362640 0.0000000000 0.0000000000 63.3677291870 70.7713546753 -2.6533515453
324.5053710938 9.0802078247 0.0000000000 0.0000000000 63.1887779236 71.5810165405 -2.6537191868
324.5747680664 9.1033754349 0.0000000000 0.0000000000 63.0133285522 72.5189285278 -2.6563930511
324.4212646484 9.1264286041 0.0000000000 0.0000000000 62.8589477539 73.4587936401 -2.6580061913
324.5313110352 9.1493835449 0.0000000000 0.0000000000 62.6733779907 73.7047958374 -2.6595661640
324.5045471191 9.1722393036 0.0000000000 0.0000000000 62.5049629211 73.1421966553 -2.6605839729
324.7186279297 9.1950035095 0.0000000000 0.0000000000 62.3086967468 72.3675460815 -2.6620085239
324.5068664551 9.2176713943 0.0000000000 0.0000000000 62.1541099548 71.6112670898 -2.6639428139
324.5660095215 9.2402429581 0.0000000000 0.0000000000 61.9686470032 70.4356765747 -2.6658356190
324.5006408691 9.2627296448 0.0000000000 0.0000000000 61.7936820984 69.2266006470 -2.6673421860
324.7159729004 9.2851333618 0.0000000000 0.0000000000 61.5921287537 69.3886566162 -2.6697416306
324.5979919434 9.3074502945 0.0000000000 0.0000000000 61.4215583801 70.2793655396 -2.6697227955
324.6903991699 9.3296937943 0.0000000000 0.0000000000 61.2363967896 70.1442947388 -2.6711304188
324.4762878418 9.3518619537 0.0000000000 0.0000000000 61.0953903198 69.1760635376 -2.6727633476
324.5960693359 9.3739576340 0.0000000000 0.0000000000 60.9360389709 68.5833587646 -2.6746234894
324.5192260742 9.3959770203 0.0000000000 0.0000000000 60.8243103027 68.8774642944 -2.6758055687
324.6224365234 9.4179315567 0.0000000000 0.0000000000 60.7043151855 69.6744308472 -2.6772234440
324.5599060059 9.4398145676 0.0000000000 0.0000000000 60.6127090454 70.0597152710 -2.6774895191
324.5792846680 9.4616241455 0.0000000000 0.0000000000 60.5115165710 69.6738815308 -2.6803512573
324.5448303223 9.4833459854 0.0000000000 0.0000000000 60.4081573486 68.7681808472 -2.6817209721
324.4854736328 9.5049657822 0.0000000000 0.0000000000 60.2993240356 67.8163452148 -2.6832489967
324.6280822754 9.5264787674 0.0000000000 0.0000000000 60.1544876099 67.5552978516 -2.6837623119
324.5939331055 9.5478849411 0.0000000000 0.0000000000 60.0306777954 67.9365615845 -2.6858448982
324.6403198242 9.5691900253 0.0000000000 0.0000000000 59.8907279968 68.7333984375 -2.6870603561
324.5172119141 9.5903930664 0.0000000000 0.0000000000 59.7661094666 70.4681777954 -2.6888897419
324.6067199707 9.6115016937 0.0000000000 0.0000000000 59.6173896790 73.7244033813 -2.6897056103
324.6674194336 9.6325197220 0.0000000000 0.0000000000 59.4734191895 78.3177032471 -2.6911818981
324.6860961914 9.6534614563 0.0000000000 0.0000000000 59.3349075317 83.2642135620 -2.6914596558
324.6370544434 9.6743249893 0.0000000000 0.0000000000 59.2053680420 87.3084793091 -2.6939270496
324.5328063965 9.6951208115 0.0000000000 0.0000000000 59.0831375122 89.2260208130 -2.6950201988
324.7204895020 9.7158575058 0.0000000000 0.0000000000 58.9334793091 89.0426788330 -2.6962754726
324.6833190918 9.7365283966 0.0000000000 0.0000000000 58.8120574951 88.4768524170 -2.6967384815
324.8517456055 9.7571306229 0.0000000000 0.0000000000 58.6742172241 88.9036712646 -2.6985261440
324.5748901367 9.7776670456 0.0000000000 0.0000000000 58.5826568604 89.6394348145 -2.7000281811
324.6860961914 9.7981395721 0.0000000000 0.0000000000 58.4487876892 89.5046539307 -2.7016758919
324.6539611816 9.8185472488 0.0000000000 0.0000000000 58.3261680603 88.5989379883 -2.7036521435
324.8700561523 9.8388843536 0.0000000000 0.0000000000 58.1811485291 88.7341461182 -2.7038640976
324.6420593262 9.8591423035 0.0000000000 0.0000000000 58.0734596252 91.0938796997 -2.7045400143
324.7549743652 9.8793230057 0.0000000000 0.0000000000 57.9366874695 94.5269699097 -2.7060983181
324.6222534180 9.8994245529 0.0000000000 0.0000000000 57.8189353943 96.5297470093 -2.7071747780
324.8080749512 9.9194488525 0.0000000000 0.0000000000 57.6830482483 96.1892547607 -2.7089078426
324.7406616211 9.9393844604 0.0000000000 0.0000000000 57.5660743713 94.4959335327 -2.7095122337
324.7528686523 9.9592351913 0.0000000000 0.0000000000 57.4482345581 93.3262100220 -2.7109785080
324.7020568848 9.9790115356 0.0000000000 0.0000000000 57.3341979980 93.5768508911 -2.7110421658
324.6401977539 9.9987134933 0.0000000000 0.0000000000 57.2235183716 94.3657913208 -2.7136559486
324.6817626953 10.0183401108 0.0000000000 0.0000000000 57.0991668701 94.8177032471 -2.7148876190
324.6628723145 10.0378913879 0.0000000000 0.0000000000 56.9840278625 95.4945449829 -2.7159214020
324.8646850586 10.0573787689 0.0000000000 0.0000000000 56.8534545898 97.2298278809 -2.7161023617
324.6923217773 10.0767841339 0.0000000000 0.0000000000 56.7569274902 99.5148849487 -2.7177507877
324.7149658203 10.0961103439 0.0000000000 0.0000000000 56.6409645081 100.9690856934 -2.7186849117
324.5965576172 10.1153450012 0.0000000000 0.0000000000 56.5349769592 100.4810409546 -2.7204370499
324.7990112305 10.1344957352 0.0000000000 0.0000000000 56.3994789124 98.5793762207 -2.7213459015
324.7959594727 10.1535587311 0.0000000000 0.0000000000 56.2843475342 96.8182220459 -2.7224047184
324.7342834473 10.1725444794 0.0000000000 0.0000000000 56.1723327637 96.4294128418 -2.7222638130
324.5996093750 10.1914463043 0.0000000000 0.0000000000 56.0664024353 97.2290039062 -2.7245090008
324.6014404297 10.2102689743 0.0000000000 0.0000000000 55.9426422119 98.1193008423 -2.7252159119
324.8131713867 10.2290143967 0.0000000000 0.0000000000 55.8036727905 98.4527969360 -2.7263669968
324.6939697266 10.2476892471 0.0000000000 0.0000000000 55.6937294006 98.7378158569 -2.7263302803
324.7729797363 10.2662973404 0.0000000000 0.0000000000 55.5708999634 100.0748367310 -2.7280273438
324.4496459961 10.2848300934 0.0000000000 0.0000000000 55.4769897461 102.5961837769 -2.7290973663
324.6447448730 10.3033142090 0.0000000000 0.0000000000 55.3427543640 105.4486083984 -2.7304854393
324.5849609375 10.3217353821 0.0000000000 0.0000000000 55.2261734009 107.1816482544 -2.7312757969
324.8002319336 10.3401060104 0.0000000000 0.0000000000 55.0915946960 107.2410888672 -2.7321250439
324.4641113281 10.3584060669 0.0000000000 0.0000000000 54.9896278381 106.1611099243 -2.7327647209
324.6250610352 10.3766508102 0.0000000000 0.0000000000 54.8571891785 104.8143157959 -2.7339308262
324.4544067383 10.3948278427 0.0000000000 0.0000000000 54.7433700562 103.7273254395 -2.7349562645
324.7326354980 10.4129447937 0.0000000000 0.0000000000 54.6102790833 103.8508529663 -2.7362484932
324.5734863281 10.4309959412 0.0000000000 0.0000000000 54.4944992065 104.8673858643 -2.7368764877
324.6987609863 10.4489822388 0.0000000000 0.0000000000 54.3670272827 105.9367370605 -2.7378387451
324.4914245605 10.4668931961 0.0000000000 0.0000000000 54.2505874634 107.0895233154 -2.7378149033
324.6347045898 10.4847412109 0.0000000000 0.0000000000 54.1265373230 108.4030456543 -2.7398107052
324.6116333008 10.5025205612 0.0000000000 0.0000000000 54.0111999512 108.6538391113 -2.7403452396
324.6403198242 10.5202322006 0.0000000000 0.0000000000 53.8962821960 107.6439437866 -2.7417135239
324.6978759766 10.5378713608 0.0000000000 0.0000000000 53.7751731873 106.7275466919 -2.7416741848
324.5528259277 10.5554285049 0.0000000000 0.0000000000 53.6595001221 106.4023437500 -2.7434720993
324.6216430664 10.5729179382 0.0000000000 0.0000000000 53.5434074402 106.0308456421 -2.7441427708
324.5958557129 10.5903367996 0.0000000000 0.0000000000 53.4336967468 105.3984146118 -2.7453351021
324.7773132324 10.6076984406 0.0000000000 0.0000000000 53.3177795410 104.9025497437 -2.7456290722
324.5778503418 10.6249856949 0.0000000000 0.0000000000 53.2074775696 104.8001327515 -2.7469148636
324.5791931152 10.6422100067 0.0000000000 0.0000000000 53.0952796936 105.6534042358 -2.7472305298
324.5429382324 10.6593742371 0.0000000000 0.0000000000 52.9923629761 107.3940429688 -2.7488195896
324.6890258789 10.6764831543 0.0000000000 0.0000000000 52.8849601746 109.0404815674 -2.7492125034
324.6768798828 10.6935291290 0.0000000000 0.0000000000 52.7840423584 109.4562301636 -2.7504019737
324.5550842285 10.7105283737 0.0000000000 0.0000000000 52.6826400757 108.6450729370 -2.7501075268
324.6220092773 10.7274847031 0.0000000000 0.0000000000 52.5795936584 107.6239624023 -2.7519333363
324.4901428223 10.7443838120 0.0000000000 0.0000000000 52.4875640869 106.8669509888 -2.7523059845
324.6953430176 10.7612333298 0.0000000000 0.0000000000 52.3870544434 106.2107696533 -2.7534396648
324.4960937500 10.7780237198 0.0000000000 0.0000000000 52.3008728027 105.7827301025 -2.7536809444
324.7154846191 10.7947645187 0.0000000000 0.0000000000 52.1993751526 106.3986816406 -2.7547979355
324.3766174316 10.8114356995 0.0000000000 0.0000000000 52.1273880005 108.2740631104 -2.7557361126
324.6159973145 10.8280572891 0.0000000000 0.0000000000 52.0295486450 111.0619812012 -2.7569038868
324.4869079590 10.8446111679 0.0000000000 0.0000000000 51.9521789551 113.4575195312 -2.7576947212
324.7040710449 10.8611078262 0.0000000000 0.0000000000 51.8567848206 114.5072937012 -2.7584316730
324.3399658203 10.8775215149 0.0000000000 0.0000000000 51.7996597290 114.3776702881 -2.7590758801
324.5776062012 10.8938817978 0.0000000000 0.0000000000 51.6989593506 114.7736129761 -2.7598657608
324.3894653320 10.9101648331 0.0000000000 0.0000000000 51.6336936951 116.7435989380 -2.7608208656
324.6503906250 10.9263925552 0.0000000000 0.0000000000 51.5342826843 119.5673522949 -2.7618503571
324.3640747070 10.9425497055 0.0000000000 0.0000000000 51.4777374268 121.3715591431 -2.7625608444
324.5727844238 10.9586591721 0.0000000000 0.0000000000 51.3836631775 122.0389556885 -2.7633156776
324.3233032227 10.9747047424 0.0000000000 0.0000000000 51.3299980164 122.5495681763 -2.7636837959
324.5914916992 10.9907083511 0.0000000000 0.0000000000 51.2298126221 123.6939010620 -2.7647407055
324.3352355957 11.0066537857 0.0000000000 0.0000000000 51.1804237366 125.4519348145 -2.7650921345
324.5034484863 11.0225563049 0.0000000000 0.0000000000 51.0922622681 128.3152923584 -2.7664637566
324.3618774414 11.0384092331 0.0000000000 0.0000000000 51.0374526978 131.9520721436 -2.7663056850
324.3791809082 11.0542211533 0.0000000000 0.0000000000 50.9681892395 134.9836578369 -2.7681028843
324.4152832031 11.0699977875 0.0000000000 0.0000000000 50.8906173706 136.4732513428 -2.7681994438
324.3682250977 11.0857343674 0.0000000000 0.0000000000 50.8288574219 136.6736907959 -2.7696690559
324.4707031250 11.1014404297 0.0000000000 0.0000000000 50.7450370789 136.1583251953 -2.7698993683
324.2757263184 11.1171054840 0.0000000000 0.0000000000 50.7068252563 135.1157531738 -2.7711653709
324.4008789062 11.1327362061 0.0000000000 0.0000000000 50.6183433533 133.8259124756 -2.7714560032
324.3148803711 11.1483230591 0.0000000000 0.0000000000 50.5651741028 132.8411560059 -2.7726869583
324.4135131836 11.1638717651 0.0000000000 0.0000000000 50.4841270447 133.0048522949 -2.7728972435
324.2579956055 11.1793661118 0.0000000000 0.0000000000 50.4427642822 134.3492279053 -2.7741923332
324.3091735840 11.1948137283 0.0000000000 0.0000000000 50.3680343628 136.3316955566 -2.7741703987
324.3283386230 11.2101964951 0.0000000000 0.0000000000 50.2969970703 138.2489013672 -2.7756049633
324.2903747559 11.2255249023 0.0000000000 0.0000000000 50.2261619568 140.4624176025 -2.7754147053
324.3854370117 11.2408113480 0.0000000000 0.0000000000 50.1455345154 143.7509765625 -2.7768404484
324.1941528320 11.2560529709 0.0000000000 0.0000000000 50.0953521729 147.0230407715 -2.7767302990
324.4090881348 11.2712478638 0.0000000000 0.0000000000 50.0072631836 148.0606231689 -2.7780339718
324.1669311523 11.2863817215 0.0000000000 0.0000000000 49.9649620056 145.8227233887 -2.7783820629
324.4531250000 11.3014764786 0.0000000000 0.0000000000 49.8771171570 141.3937988281 -2.7793984413
324.1721496582 11.3165140152 0.0000000000 0.0000000000 49.8427886963 136.0065917969 -2.7799479961
324.4160461426 11.3315057755 0.0000000000 0.0000000000 49.7613487244 131.2080535889 -2.7807805538
324.1334838867 11.3464450836 0.0000000000 0.0000000000 49.7264900208 127.8855056763 -2.7814280987
324.4388427734 11.3613510132 0.0000000000 0.0000000000 49.6385726929 126.4735717773 -2.7821445465
324.1486816406 11.3762054443 0.0000000000 0.0000000000 49.6059875488 126.0522613525 -2.7827067375
324.3745422363 11.3910226822 0.0000000000 0.0000000000 49.5264205933 126.0336151123 -2.7834105492
324.0682373047 11.4057779312 0.0000000000 0.0000000000 49.4961776733 126.5095977783 -2.7838892937
324.3833312988 11.4204940796 0.0000000000 0.0000000000 49.4074249268 127.9034805298 -2.7846586704
324.0961608887 11.4351511002 0.0000000000 0.0000000000 49.3724403381 129.3803558350 -2.7849490643
324.3320007324 11.4497652054 0.0000000000 0.0000000000 49.2913169861 130.2532806396 -2.7858667374
324.0772094727 11.4643077850 0.0000000000 0.0000000000 49.2536392212 130.6341857910 -2.7857840061
324.2765502930 11.4788017273 0.0000000000 0.0000000000 49.1758499146 132.0451049805 -2.7871396542
324.1197509766 11.4932403564 0.0000000000 0.0000000000 49.1270675659 134.9436950684 -2.7868878841
324.1544189453 11.5076417923 0.0000000000 0.0000000000 49.0645637512 137.6937255859 -2.7885081768
324.1853942871 11.5220079422 0.0000000000 0.0000000000 49.0011177063 138.1461181641 -2.7884330750
324.0814514160 11.5363378525 0.0000000000 0.0000000000 48.9563789368 136.6402130127 -2.7896595001
324.2205200195 11.5506496429 0.0000000000 0.0000000000 48.8824920654 135.3933868408 -2.7896146774
324.0910949707 11.5649185181 0.0000000000 0.0000000000 48.8449935913 135.4409484863 -2.7908318043
324.2173156738 11.5791521072 0.0000000000 0.0000000000 48.7703094482 136.1803131104 -2.7923636436
324.0588684082 11.5933313370 0.0000000000 0.0000000000 48.7359848022 136.4707336426 -2.7920148373
324.1963806152 11.6074657440 0.0000000000 0.0000000000 48.6653175354 136.7266693115 -2.7919149399
324.1042175293 11.6215286255 0.0000000000 0.0000000000 48.6246833801 138.1453247070 -2.7931687832
324.1488037109 11.6355371475 0.0000000000 0.0000000000 48.5675621033 140.9774017334 -2.7930109501
324.1733703613 11.6494827271 0.0000000000 0.0000000000 48.5122871399 143.6902313232 -2.7942624092
324.1260986328 11.6633605957 0.0000000000 0.0000000000 48.4646682739 144.6277008057 -2.7937960625
324.2186889648 11.6771879196 0.0000000000 0.0000000000 48.4030570984 144.2160491943 -2.7951157093
323.9807434082 11.6909484863 0.0000000000 0.0000000000 48.3694686890 144.2725982666 -2.7948374748
324.2575073242 11.7046566010 0.0000000000 0.0000000000 48.2893333435 145.5844726562 -2.7959108353
323.9678039551 11.7182855606 0.0000000000 0.0000000000 48.2583541870 147.2709960938 -2.7960312366
324.2665405273 11.7318601608 0.0000000000 0.0000000000 48.1787528992 149.0682678223 -2.7969019413
323.9483642578 11.7453556061 0.0000000000 0.0000000000 48.1497383118 150.3432159424 -2.7973713875
324.2687988281 11.7587976456 0.0000000000 0.0000000000 48.0668220520 151.2472381592 -2.7980439663
323.9329833984 11.7721719742 0.0000000000 0.0000000000 48.0354347229 151.7427062988 -2.7984771729
324.2337341309 11.7855033875 0.0000000000 0.0000000000 47.9517402649 151.7011108398 -2.7990100384
323.8937683105 11.7987852097 0.0000000000 0.0000000000 47.9209747314 151.0908203125 -2.7993772030
324.2301635742 11.8120307922 0.0000000000 0.0000000000 47.8390579224 150.8702545166 -2.8000102043
323.9051513672 11.8252325058 0.0000000000 0.0000000000 47.8057556152 151.3783264160 -2.8002562523
324.2445373535 11.8384113312 0.0000000000 0.0000000000 47.7295303345 152.6470184326 -2.8010544777
323.9131774902 11.8515329361 0.0000000000 0.0000000000 47.6980400085 153.5495758057 -2.8009262085
324.1426696777 11.8646202087 0.0000000000 0.0000000000 47.6322784424 153.9308013916 -2.8021314144
323.9310302734 11.8776531219 0.0000000000 0.0000000000 47.5953750610 154.4542083740 -2.8018257618
324.0549316406 11.8906564713 0.0000000000 0.0000000000 47.5375671387 155.8307647705 -2.8033466339
323.9955444336 11.9036273956 0.0000000000 0.0000000000 47.4877281189 157.3658142090 -2.8031394482
323.9384155273 11.9165716171 0.0000000000 0.0000000000 47.4364891052 158.3383789062 -2.8043384552
324.0442199707 11.9294996262 0.0000000000 0.0000000000 47.3736534119 159.0155181885 -2.8040506840
323.9336242676 11.9423894882 0.0000000000 0.0000000000 47.3244438171 160.3710937500 -2.8053324223
323.9844665527 11.9552431107 0.0000000000 0.0000000000 47.2659950256 163.2008972168 -2.8052873611
323.8787841797 11.9680576324 0.0000000000 0.0000000000 47.2184906006 166.9365234375 -2.8062591553
323.9291381836 11.9808378220 0.0000000000 0.0000000000 47.1601829529 170.1636810303 -2.8058557510
323.8488159180 11.9935598373 0.0000000000 0.0000000000 47.1112098694 171.3943023682 -2.8071093559
323.8105163574 12.0062217712 0.0000000000 0.0000000000 47.0578155518 170.2327270508 -2.8067538738
323.9271545410 12.0188283920 0.0000000000 0.0000000000 46.9958648682 168.0420684814 -2.8078238964
323.7259521484 12.0313749313 0.0000000000 0.0000000000 46.9536705017 167.0608520508 -2.8072104454
323.9630126953 12.0438690186 0.0000000000 0.0000000000 46.8843803406 168.5114440918 -2.8082897663
323.6546936035 12.0562963486 0.0000000000 0.0000000000 46.8521842957 171.2105407715 -2.8080337048
324.0042419434 12.0686845779 0.0000000000 0.0000000000 46.7772789001 173.4852142334 -2.8087997437
323.5821533203 12.0810060501 0.0000000000 0.0000000000 46.7605171204 174.0557250977 -2.8090260029
323.9353027344 12.0932998657 0.0000000000 0.0000000000 46.6835746765 173.7420196533 -2.8095784187
323.5802307129 12.1055278778 0.0000000000 0.0000000000 46.6680679321 173.4329223633 -2.8100690842
323.9317626953 12.1177215576 0.0000000000 0.0000000000 46.5896034241 173.8638916016 -2.8104932308
323.5773315430 12.1298503876 0.0000000000 0.0000000000 46.5753288269 174.0104064941 -2.8108069897
323.9560546875 12.1419610977 0.0000000000 0.0000000000 46.4970207214 173.4378356934 -2.8111128807
323.5483398438 12.1540203094 0.0000000000 0.0000000000 46.4900627136 172.4979553223 -2.8112878799
323.9131774902 12.1660614014 0.0000000000 0.0000000000 46.4139671326 172.7304840088 -2.8118679523
323.4920654297 12.1780633926 0.0000000000 0.0000000000 46.4055137634 173.9495697021 -2.8118693829
323.8317260742 12.1900529861 0.0000000000 0.0000000000 46.3307228088 175.5262451172 -2.8127899170
323.5538940430 12.2019987106 0.0000000000 0.0000000000 46.3078575134 176.3201904297 -2.8124375343
323.8017272949 12.2139263153 0.0000000000 0.0000000000 46.2499237061 176.7205047607 -2.8137328625
323.6311950684 12.2258262634 0.0000000000 0.0000000000 46.2274627686 177.1022949219 -2.8133630753
323.6401977539 12.2377080917 0.0000000000 0.0000000000 46.1961441040 177.7211151123 -2.8145618439
323.5807495117 12.2495574951 0.0000000000 0.0000000000 46.1659355164 178.2541351318 -2.8141143322
323.5552978516 12.2613773346 0.0000000000 0.0000000000 46.1281242371 178.5315246582 -2.8152697086
323.6007385254 12.2731637955 0.0000000000 0.0000000000 46.0797691345 178.8972167969 -2.8148946762
323.5992736816 12.2849063873 0.0000000000 0.0000000000 46.0392074585 179.7110290527 -2.8159296513
323.6269836426 12.2966127396 0.0000000000 0.0000000000 45.9991531372 181.0559844971 -2.8154397011
323.6306152344 12.3082695007 0.0000000000 0.0000000000 45.9637489319 182.8947143555 -2.8165428638
323.5355834961 12.3198785782 0.0000000000 0.0000000000 45.9335556030 185.3041839600 -2.8160254955
323.6098022461 12.3314352036 0.0000000000 0.0000000000 45.8847656250 187.7027282715 -2.8170542717
323.4178161621 12.3429317474 0.0000000000 0.0000000000 45.8536186218 188.9588928223 -2.8164169788
323.7225341797 12.3543806076 0.0000000000 0.0000000000 45.7838134766 189.0478515625 -2.8173894882
323.4073181152 12.3657579422 0.0000000000 0.0000000000 45.7645874023 188.5987396240 -2.8169033527
323.8080444336 12.3771028519 0.0000000000 0.0000000000 45.6975479126 188.4776916504 -2.8175327778
323.3150024414 12.3883848190 0.0000000000 0.0000000000 45.6972579956 187.9726715088 -2.8175258636
323.7408447266 12.3996324539 0.0000000000 0.0000000000 45.6258277893 186.6956481934 -2.8179304600
323.2679138184 12.4108018875 0.0000000000 0.0000000000 45.6219940186 184.1572113037 -2.8185329437
323.6761169434 12.4219207764 0.0000000000 0.0000000000 45.5502586365 181.1407470703 -2.8187942505
323.3149719238 12.4329576492 0.0000000000 0.0000000000 45.5402297974 177.7761688232 -2.8206145763
323.7013854980 12.4439220428 0.0000000000 0.0000000000 45.4765434265 174.7566528320 -2.8192007542
323.2712402344 12.4548082352 0.0000000000 0.0000000000 45.4745826721 172.2066955566 -2.8195714951
323.7112426758 12.4656581879 0.0000000000 0.0000000000 45.4074821472 170.8820495605 -2.8197212219
323.2218627930 12.4764213562 0.0000000000 0.0000000000 45.4066543579 170.7125244141 -2.8199613094
323.7036437988 12.4871568680 0.0000000000 0.0000000000 45.3373374939 171.3192443848 -2.8203060627
323.2412414551 12.4978275299 0.0000000000 0.0000000000 45.3329925537 170.8833618164 -2.8201098442
323.6506042480 12.5084877014 0.0000000000 0.0000000000 45.2653579712 168.7069396973 -2.8209958076
323.2992858887 12.5191040039 0.0000000000 0.0000000000 45.2464103699 165.2041931152 -2.8206248283
323.5928039551 12.5297021866 0.0000000000 0.0000000000 45.1872291565 162.5869598389 -2.8218197823
323.3673400879 12.5402555466 0.0000000000 0.0000000000 45.1599082947 161.8026885986 -2.8212876320
323.4490966797 12.5507755280 0.0000000000 0.0000000000 45.1162719727 162.4653167725 -2.8224341869
323.4426574707 12.5612583160 0.0000000000 0.0000000000 45.0781288147 163.5115814209 -2.8218083382
