#         COST_U        COST_H      COST_D       COST_S       REGU_H       REGU_S          HPO           COSTGLEN 
1028.7186279297 0.0000000000 0.0000000000 0.0000000000 5.8600478172 0.0000000000 -0.4235620797
1024.4975585938 0.0011726753 0.0000000000 0.0000000000 5.8037524223 671.3341674805 -0.4392174184
1026.5037841797 0.0046965466 0.0000000000 0.0000000000 5.8337497711 1613.7479248047 -0.4573628008
1030.5616455078 0.0104341740 0.0000000000 0.0000000000 5.8730053902 1292.6375732422 -0.4892428517
1033.9519042969 0.0183734186 0.0000000000 0.0000000000 5.9217247963 1272.4648437500 -0.5249151587
1035.9161376953 0.0287632346 0.0000000000 0.0000000000 5.9804134369 1029.3446044922 -0.5595279336
1037.1596679688 0.0417191684 0.0000000000 0.0000000000 6.0457396507 785.4613647461 -0.5880637765
1038.8802490234 0.0572640710 0.0000000000 0.0000000000 6.1061215401 705.6283569336 -0.6132169962
1041.8192138672 0.0753315613 0.0000000000 0.0000000000 6.1633663177 694.5377197266 -0.6394349337
1046.5120849609 0.0958331153 0.0000000000 0.0000000000 6.2063651085 635.8723754883 -0.6684706807
1053.3221435547 0.1186788753 0.0000000000 0.0000000000 6.2410984039 524.8861083984 -0.6978281736
1062.5290527344 0.1438017040 0.0000000000 0.0000000000 6.2677264214 430.7661743164 -0.7250065804
1073.8266601562 0.1711274087 0.0000000000 0.0000000000 6.2874350548 387.7830505371 -0.7508428693
1086.2498779297 0.2005357742 0.0000000000 0.0000000000 6.3031592369 374.0160827637 -0.7754719853
1098.5410156250 0.2319347858 0.0000000000 0.0000000000 6.3162207603 350.5242309570 -0.7994246483
1108.9400634766 0.2652567327 0.0000000000 0.0000000000 6.3267216682 306.8505554199 -0.8220291734
1115.8546142578 0.3004069626 0.0000000000 0.0000000000 6.3336644173 261.7718200684 -0.8431053162
1118.8218994141 0.3372710943 0.0000000000 0.0000000000 6.3423619270 233.2187957764 -0.8642590046
1119.2408447266 0.3757127225 0.0000000000 0.0000000000 6.3504910469 219.2428741455 -0.8831259012
1120.2164306641 0.4155451655 0.0000000000 0.0000000000 6.3587894440 205.6221771240 -0.8993066549
1124.4200439453 0.4565925896 0.0000000000 0.0000000000 6.3633346558 186.5793762207 -0.9165927172
1132.1398925781 0.4987294972 0.0000000000 0.0000000000 6.3671574593 165.5759124756 -0.9372249842
1141.1618652344 0.5419008732 0.0000000000 0.0000000000 6.3677120209 148.7944030762 -0.9612104893
1147.0504150391 0.5861110091 0.0000000000 0.0000000000 6.3703627586 136.5550994873 -0.9896757007
1145.7597656250 0.6314158440 0.0000000000 0.0000000000 6.3763027191 125.7772445679 -1.0269589424
1136.8283691406 0.6778259873 0.0000000000 0.0000000000 6.3836798668 114.7922134399 -1.0766284466
1123.3668212891 0.7252701521 0.0000000000 0.0000000000 6.4004225731 104.4916763306 -1.1411283016
1109.1738281250 0.7736565471 0.0000000000 0.0000000000 6.4111185074 95.6870269775 -1.2254908085
1096.6861572266 0.8228666782 0.0000000000 0.0000000000 6.4208426476 87.9337081909 -1.3371366262
1086.7365722656 0.8727812171 0.0000000000 0.0000000000 6.4306426048 80.9870681763 -1.4829540253
1078.8665771484 0.9233336449 0.0000000000 0.0000000000 6.4336094856 74.6370468140 -1.6730031967
1072.3964843750 0.9744784832 0.0000000000 0.0000000000 6.4387063980 68.8236236572 -1.9185522795
1066.9703369141 1.0261856318 0.0000000000 0.0000000000 6.4442038536 63.5185127258 -2.2352750301
1063.6179199219 1.0784332752 0.0000000000 0.0000000000 6.4519591331 59.0511970520 -2.6407399178
1064.6029052734 1.1311550140 0.0000000000 0.0000000000 6.4569921494 55.3382949829 -3.1532433033
1072.5208740234 1.1842446327 0.0000000000 0.0000000000 6.4582219124 51.9738121033 -3.7831795216
1089.7990722656 1.2375831604 0.0000000000 0.0000000000 6.4644007683 49.0585098267 -4.5418081284
1117.3303222656 1.2910270691 0.0000000000 0.0000000000 6.4781870842 46.3360443115 -5.4373464584
1154.7244873047 1.3444374800 0.0000000000 0.0000000000 6.4996142387 43.7971267700 -6.4621291161
1200.1157226562 1.3976583481 0.0000000000 0.0000000000 6.5313038826 41.8647270203 -7.5946583748
1251.0244140625 1.4507951736 0.0000000000 0.0000000000 6.5579481125 40.7407188416 -8.8013343811
1304.8061523438 1.5041100979 0.0000000000 0.0000000000 6.5845470428 39.9626350403 -10.0355930328
1357.9555664062 1.5578923225 0.0000000000 0.0000000000 6.6015744209 39.4497451782 -11.2312335968
1407.5035400391 1.6123583317 0.0000000000 0.0000000000 6.6106472015 39.5836067200 -12.3082380295
1450.9781494141 1.6677017212 0.0000000000 0.0000000000 6.6157097816 40.9094123840 -13.1888885498
1488.3494873047 1.7240419388 0.0000000000 0.0000000000 6.6121783257 43.0063858032 -13.7563667297
1521.8591308594 1.7815082073 0.0000000000 0.0000000000 6.5900926590 45.2552452087 -13.7945699692
1550.6582031250 1.8401557207 0.0000000000 0.0000000000 6.5774288177 47.4771118164 -13.0720949173
1569.6289062500 1.9000945091 0.0000000000 0.0000000000 6.5663590431 50.1690826416 -11.5708503723
1576.1229248047 1.9612857103 0.0000000000 0.0000000000 6.5427346230 53.0786437988 -8.9370651245
1558.4194335938 2.0236361027 0.0000000000 0.0000000000 6.5055122375 56.3048171997 -4.8169250488
1512.2385253906 2.0871169567 0.0000000000 0.0000000000 6.4558086395 60.2107429504 0.7833067775
1443.2713623047 2.1517055035 0.0000000000 0.0000000000 6.4028606415 64.7959213257 7.2487874031
1358.5924072266 2.2171342373 0.0000000000 0.0000000000 6.3423318863 69.2305221558 12.8169479370
1280.6951904297 2.2831747532 0.0000000000 0.0000000000 6.2709560394 73.7760848999 15.6363859177
1219.3680419922 2.3497173786 0.0000000000 0.0000000000 6.2027335167 77.3138046265 15.3728284836
1176.7889404297 2.4164700508 0.0000000000 0.0000000000 6.1158618927 80.3529891968 13.6209726334
1144.3614501953 2.4831576347 0.0000000000 0.0000000000 6.0380792618 83.1540832520 11.7448949814
1116.4807128906 2.5493364334 0.0000000000 0.0000000000 5.9722161293 86.1925277710 9.9760780334
1092.9005126953 2.6145873070 0.0000000000 0.0000000000 5.9131259918 87.9131469727 8.3678407669
1074.7117919922 2.6783666611 0.0000000000 0.0000000000 5.8302559853 87.4774398804 6.9310832024
1061.4476318359 2.7400763035 0.0000000000 0.0000000000 5.7482223511 85.1742095947 5.7096929550
1051.7810058594 2.7992229462 0.0000000000 0.0000000000 5.6699595451 81.2154464722 4.6737051010
1044.0484619141 2.8553786278 0.0000000000 0.0000000000 5.6035537720 76.2101211548 3.8239655495
1037.3309326172 2.9081203938 0.0000000000 0.0000000000 5.5286045074 70.8499069214 3.1303527355
1031.1719970703 2.9570636749 0.0000000000 0.0000000000 5.4633684158 65.3253250122 2.5541572571
1025.7680664062 3.0018973351 0.0000000000 0.0000000000 5.3934974670 60.1497459412 2.0581808090
1021.0768432617 3.0423612595 0.0000000000 0.0000000000 5.3353996277 55.6010742188 1.6204023361
1017.4984130859 3.0784571171 0.0000000000 0.0000000000 5.2826633453 51.9605789185 1.2329684496
1014.6368408203 3.1101207733 0.0000000000 0.0000000000 5.2373433113 49.2379608154 0.9025027156
1012.1802978516 3.1374499798 0.0000000000 0.0000000000 5.2124762535 47.5057945251 0.6243081093
1010.1112060547 3.1605739594 0.0000000000 0.0000000000 5.1789231300 46.2047080994 0.3821333051
1008.2364501953 3.1796450615 0.0000000000 0.0000000000 5.1494755745 45.1258850098 0.1647969037
1006.5520629883 3.1948528290 0.0000000000 0.0000000000 5.1178326607 44.0104789734 -0.0301199779
1005.0759277344 3.2064099312 0.0000000000 0.0000000000 5.0925040245 42.9619979858 -0.2067100108
1003.7389526367 3.2145388126 0.0000000000 0.0000000000 5.0701246262 41.8236503601 -0.3741936088
1002.3933105469 3.2194712162 0.0000000000 0.0000000000 5.0506806374 40.6877403259 -0.5397367477
1001.0106201172 3.2214462757 0.0000000000 0.0000000000 5.0381326675 39.3974113464 -0.7057820559
999.5493164062 3.2207949162 0.0000000000 0.0000000000 5.0318984985 37.9375724792 -0.8747418523
997.9812622070 3.2177536488 0.0000000000 0.0000000000 5.0321054459 36.4150657654 -1.0537846088
996.2799072266 3.2126026154 0.0000000000 0.0000000000 5.0379414558 34.8715095520 -1.2487478256
994.4898071289 3.2055962086 0.0000000000 0.0000000000 5.0492606163 33.3616943359 -1.4581644535
992.6568603516 3.1969294548 0.0000000000 0.0000000000 5.0620088577 31.9752388000 -1.6855220795
990.8560791016 3.1868324280 0.0000000000 0.0000000000 5.0779762268 30.7039241791 -1.9279546738
989.0750732422 3.1754808426 0.0000000000 0.0000000000 5.0948753357 29.5634956360 -2.1835398674
987.3038330078 3.1630284786 0.0000000000 0.0000000000 5.1185750961 28.4762096405 -2.4512565136
985.6207275391 3.1496298313 0.0000000000 0.0000000000 5.1304626465 27.3671092987 -2.7275311947
984.0162963867 3.1353669167 0.0000000000 0.0000000000 5.1534342766 26.2218322754 -3.0052397251
982.6959838867 3.1203615665 0.0000000000 0.0000000000 5.1680507660 25.0520687103 -3.2775163651
981.6282348633 3.1047871113 0.0000000000 0.0000000000 5.1734170914 23.8626079559 -3.5232529640
980.7698364258 3.0887107849 0.0000000000 0.0000000000 5.1910471916 22.7893199921 -3.7073969841
980.0761108398 3.0722510815 0.0000000000 0.0000000000 5.1997718811 21.7018566132 -3.7753853798
979.3731689453 3.0555143356 0.0000000000 0.0000000000 5.2146921158 20.8066768646 -3.6716127396
978.1712646484 3.0385634899 0.0000000000 0.0000000000 5.2340288162 19.9538803101 -3.3228292465
976.2534790039 3.0214545727 0.0000000000 0.0000000000 5.2505774498 19.4219646454 -2.6975429058
973.5897216797 3.0041916370 0.0000000000 0.0000000000 5.2614526749 18.9919795990 -1.7888710499
970.5466918945 2.9868204594 0.0000000000 0.0000000000 5.2803497314 19.0632171631 -0.6556125879
967.7922363281 2.9693732262 0.0000000000 0.0000000000 5.2949514389 19.2949581146 0.5688937902
965.5579223633 2.9518649578 0.0000000000 0.0000000000 5.3125352859 19.3658313751 1.7480946779
963.6785278320 2.9343817234 0.0000000000 0.0000000000 5.3359785080 19.5952091217 2.7570478916
962.5350952148 2.9169552326 0.0000000000 0.0000000000 5.3480138779 19.7613353729 3.4735093117
962.4529418945 2.8996429443 0.0000000000 0.0000000000 5.3500695229 19.7604808807 3.8993873596
963.0386352539 2.8825099468 0.0000000000 0.0000000000 5.3448681831 19.4627838135 4.1031360626
963.8077392578 2.8655824661 0.0000000000 0.0000000000 5.3258218765 19.0090389252 4.1171798706
964.8789672852 2.8489017487 0.0000000000 0.0000000000 5.2983999252 18.4379272461 3.9743285179
966.0500488281 2.8325188160 0.0000000000 0.0000000000 5.2590122223 17.8663768768 3.7138969898
967.2714843750 2.8165547848 0.0000000000 0.0000000000 5.2220377922 17.3720760345 3.3508968353
968.6667480469 2.8010902405 0.0000000000 0.0000000000 5.1908359528 17.1959743500 2.9024541378
970.2995605469 2.7860994339 0.0000000000 0.0000000000 5.1543502808 16.5716037750 2.3835384846
972.0081787109 2.7715115547 0.0000000000 0.0000000000 5.1273202896 16.0887508392 1.8203005791
973.5983886719 2.7573254108 0.0000000000 0.0000000000 5.0982494354 15.4937362671 1.2450133562
975.0489501953 2.7435021400 0.0000000000 0.0000000000 5.0746145248 14.9210081100 0.6828503609
976.3802490234 2.7299814224 0.0000000000 0.0000000000 5.0560455322 14.1222000122 0.1605872810
977.5395507812 2.7166807652 0.0000000000 0.0000000000 5.0385274887 13.3716421127 -0.3015423417
978.5140380859 2.7036366463 0.0000000000 0.0000000000 5.0229306221 12.8227233887 -0.7125997543
979.2541503906 2.6908223629 0.0000000000 0.0000000000 5.0147118568 12.4607105255 -1.0831677914
979.7631225586 2.6782033443 0.0000000000 0.0000000000 5.0054225922 12.1601324081 -1.4208321571
980.0711669922 2.6658079624 0.0000000000 0.0000000000 5.0002994537 12.0052061081 -1.7435625792
980.2103271484 2.6536214352 0.0000000000 0.0000000000 4.9929986000 11.7423200607 -2.0598728657
980.1401367188 2.6416070461 0.0000000000 0.0000000000 4.9910278320 11.5361270905 -2.3607964516
979.9136352539 2.6298048496 0.0000000000 0.0000000000 4.9880900383 11.2236423492 -2.6414175034
979.5637817383 2.6182241440 0.0000000000 0.0000000000 4.9933528900 10.8911314011 -2.8917214870
979.1503906250 2.6068882942 0.0000000000 0.0000000000 5.0005636215 10.5511426926 -3.1032931805
978.6549072266 2.5958259106 0.0000000000 0.0000000000 5.0065026283 10.2075395584 -3.2725219727
978.0697021484 2.5850510597 0.0000000000 0.0000000000 5.0183939934 9.9382848740 -3.3959195614
977.4437255859 2.5746014118 0.0000000000 0.0000000000 5.0359978676 9.6989603043 -3.4599449635
976.8057250977 2.5644462109 0.0000000000 0.0000000000 5.0587167740 9.7001228333 -3.4634292126
976.1962280273 2.5546023846 0.0000000000 0.0000000000 5.0824966431 9.8286800385 -3.3734612465
975.5887451172 2.5449922085 0.0000000000 0.0000000000 5.1008410454 9.9174261093 -3.1686220169
975.0532226562 2.5356221199 0.0000000000 0.0000000000 5.1211385727 10.0925502777 -2.8355059624
974.5819702148 2.5264337063 0.0000000000 0.0000000000 5.1435723305 10.3354358673 -2.3679461479
974.0840454102 2.5174231529 0.0000000000 0.0000000000 5.1563639641 10.4923610687 -1.7606608868
973.4752197266 2.5085587502 0.0000000000 0.0000000000 5.1710119247 10.3835201263 -1.0239199400
972.6589355469 2.4998438358 0.0000000000 0.0000000000 5.1824378967 10.4388303757 -0.1701589227
971.6639404297 2.4912865162 0.0000000000 0.0000000000 5.1965327263 10.5050992966 0.7558672428
970.6817626953 2.4828391075 0.0000000000 0.0000000000 5.2069363594 10.4168138504 1.6994990110
969.7550659180 2.4744901657 0.0000000000 0.0000000000 5.2168011665 10.2533817291 2.5632610321
969.0061035156 2.4662880898 0.0000000000 0.0000000000 5.2171607018 10.3269472122 3.2720980644
968.6857910156 2.4582483768 0.0000000000 0.0000000000 5.2061805725 10.2859239578 3.7703745365
968.8347778320 2.4504132271 0.0000000000 0.0000000000 5.1957135201 10.1841421127 4.0373411179
969.4133911133 2.4428193569 0.0000000000 0.0000000000 5.1793370247 10.1898317337 4.0824046135
970.3748779297 2.4353816509 0.0000000000 0.0000000000 5.1588292122 10.2253971100 3.9482219219
971.5956420898 2.4282023907 0.0000000000 0.0000000000 5.1340937614 10.1917819977 3.6739287376
972.9329223633 2.4212701321 0.0000000000 0.0000000000 5.1132378578 10.0948190689 3.3040637970
974.2849731445 2.4145703316 0.0000000000 0.0000000000 5.0926070213 9.8288593292 2.8755052090
975.6171264648 2.4080660343 0.0000000000 0.0000000000 5.0520048141 9.4664907455 2.4164185524
976.8204956055 2.4017789364 0.0000000000 0.0000000000 5.0095262527 9.2231655121 1.9434677362
977.8701782227 2.3956935406 0.0000000000 0.0000000000 4.9848208427 8.9349241257 1.4703780413
978.7583618164 2.3897752762 0.0000000000 0.0000000000 4.9564785957 8.7314004898 1.0062637329
979.4666137695 2.3839662075 0.0000000000 0.0000000000 4.9337701797 8.5638837814 0.5540975928
979.9819335938 2.3782494068 0.0000000000 0.0000000000 4.9020833969 8.3215360641 0.1101577878
980.3591918945 2.3725965023 0.0000000000 0.0000000000 4.8844690323 8.1130828857 -0.3204378784
980.6512451172 2.3669762611 0.0000000000 0.0000000000 4.8741421700 8.0753421783 -0.7375922203
980.8694458008 2.3613958359 0.0000000000 0.0000000000 4.8632478714 8.0465688705 -1.1360585690
981.0182495117 2.3558757305 0.0000000000 0.0000000000 4.8491635323 8.0388050079 -1.5051460266
981.1516113281 2.3503286839 0.0000000000 0.0000000000 4.8377799988 8.0120134354 -1.8464061022
981.2502441406 2.3448388577 0.0000000000 0.0000000000 4.8293962479 7.9976563454 -2.1503710747
981.2899780273 2.3393864632 0.0000000000 0.0000000000 4.8271679878 7.9655213356 -2.3979346752
981.2369384766 2.3340404034 0.0000000000 0.0000000000 4.8257479668 7.9630479813 -2.5834014416
981.1307373047 2.3288373947 0.0000000000 0.0000000000 4.8260250092 8.1123294830 -2.7118039131
980.9745483398 2.3237912655 0.0000000000 0.0000000000 4.8296670914 8.0038166046 -2.7917032242
980.7644653320 2.3189275265 0.0000000000 0.0000000000 4.8334255219 7.8690218925 -2.8063719273
980.5269165039 2.3142788410 0.0000000000 0.0000000000 4.8371586800 8.0247306824 -2.7538208961
980.3191528320 2.3098583221 0.0000000000 0.0000000000 4.8476243019 7.9116210938 -2.6343896389
980.1339721680 2.3056693077 0.0000000000 0.0000000000 4.8611154556 7.7821307182 -2.4376842976
979.9983520508 2.3016958237 0.0000000000 0.0000000000 4.8741712570 7.9045701027 -2.1561131477
979.8599243164 2.2978806496 0.0000000000 0.0000000000 4.8841462135 7.7277297974 -1.7806450129
979.6525878906 2.2942283154 0.0000000000 0.0000000000 4.8905725479 7.5963530540 -1.3053534031
979.4487915039 2.2906990051 0.0000000000 0.0000000000 4.8865051270 7.3774843216 -0.7544673681
979.1425170898 2.2872636318 0.0000000000 0.0000000000 4.8951673508 7.2314314842 -0.1482168436
978.7018432617 2.2838921547 0.0000000000 0.0000000000 4.8907713890 7.2143473625 0.4947178960
978.1703491211 2.2806134224 0.0000000000 0.0000000000 4.8890600204 7.2991499901 1.1365575790
977.6630249023 2.2774579525 0.0000000000 0.0000000000 4.8816938400 7.3013086319 1.7325356007
977.1953125000 2.2744255066 0.0000000000 0.0000000000 4.8769421577 7.3714332581 2.2264428139
976.8746337891 2.2715339661 0.0000000000 0.0000000000 4.8729910851 7.5968346596 2.5870144367
976.6923828125 2.2686915398 0.0000000000 0.0000000000 4.8645744324 7.7235102654 2.8136072159
976.6740722656 2.2659456730 0.0000000000 0.0000000000 4.8556113243 7.9897933006 2.8922381401
976.7928466797 2.2632515430 0.0000000000 0.0000000000 4.8477506638 8.1989250183 2.8330090046
977.0417480469 2.2606496811 0.0000000000 0.0000000000 4.8384122849 8.3413801193 2.6646747589
977.3742065430 2.2582256794 0.0000000000 0.0000000000 4.8281254768 8.3579788208 2.3995966911
977.7398681641 2.2559444904 0.0000000000 0.0000000000 4.8148131371 8.3621091843 2.0670413971
978.1621704102 2.2537429333 0.0000000000 0.0000000000 4.8127665520 8.3106079102 1.6926389933
978.5784912109 2.2516007423 0.0000000000 0.0000000000 4.7892456055 7.9861421585 1.2906033993
978.9479370117 2.2494971752 0.0000000000 0.0000000000 4.7735891342 7.9232344627 0.8671667576
979.2963256836 2.2474083900 0.0000000000 0.0000000000 4.7491750717 7.8057336807 0.4476980567
979.5592651367 2.2452781200 0.0000000000 0.0000000000 4.7317490578 7.4972901344 0.0418751836
979.7139892578 2.2430949211 0.0000000000 0.0000000000 4.7141599655 7.5387549400 -0.3444155753
979.7614135742 2.2408177853 0.0000000000 0.0000000000 4.7038769722 7.5493140221 -0.7136245966
979.7142944336 2.2384033203 0.0000000000 0.0000000000 4.6904258728 7.6425561905 -1.0480976105
979.5798339844 2.2358741760 0.0000000000 0.0000000000 4.6816730499 7.7156500816 -1.3564432859
979.3624267578 2.2332975864 0.0000000000 0.0000000000 4.6714549065 7.8475914001 -1.6583083868
979.0977172852 2.2306857109 0.0000000000 0.0000000000 4.6606349945 8.0675163269 -1.9721562862
978.8566894531 2.2280712128 0.0000000000 0.0000000000 4.6484689713 8.3078670502 -2.2878170013
978.6272583008 2.2254700661 0.0000000000 0.0000000000 4.6394515038 8.2532215118 -2.5873260498
978.4049682617 2.2229406834 0.0000000000 0.0000000000 4.6289539337 8.3491020203 -2.8662257195
978.2648315430 2.2205443382 0.0000000000 0.0000000000 4.6239738464 8.3301944733 -3.1217212677
978.2628784180 2.2183277607 0.0000000000 0.0000000000 4.6256084442 8.4815282822 -3.3418884277
978.3455810547 2.2163038254 0.0000000000 0.0000000000 4.6215672493 8.2595930099 -3.5272474289
978.5050048828 2.2145628929 0.0000000000 0.0000000000 4.6213507652 8.0581226349 -3.6448512077
978.7108764648 2.2131428719 0.0000000000 0.0000000000 4.6181907654 8.1859226227 -3.6545872688
978.8488769531 2.2119374275 0.0000000000 0.0000000000 4.5968513489 7.9492506981 -3.5102605820
978.7958984375 2.2110435963 0.0000000000 0.0000000000 4.5796971321 7.9595842361 -3.1867673397
978.4450073242 2.2104167938 0.0000000000 0.0000000000 4.5704112053 8.2608070374 -2.6925125122
977.5870971680 2.2099072933 0.0000000000 0.0000000000 4.5639061928 8.6886978149 -2.0020256042
975.9562988281 2.2094538212 0.0000000000 0.0000000000 4.5745429993 8.8385133743 -1.1156857014
973.2002563477 2.2090890408 0.0000000000 0.0000000000 4.5752658844 9.4835481644 -0.1275239289
969.2326049805 2.2087848186 0.0000000000 0.0000000000 4.5667409897 10.3679113388 0.7931181192
964.4460449219 2.2083163261 0.0000000000 0.0000000000 4.5601181984 11.1064558029 1.4359387159
959.2341918945 2.2077424526 0.0000000000 0.0000000000 4.5486259460 12.1431398392 1.4999983311
954.0902709961 2.2069437504 0.0000000000 0.0000000000 4.5602746010 13.0918455124 0.6987084150
950.0902099609 2.2057745457 0.0000000000 0.0000000000 4.5634150505 14.3678407669 -1.0689358711
947.5929565430 2.2041997910 0.0000000000 0.0000000000 4.5695600510 15.9278964996 -3.8250970840
946.4299316406 2.2023255825 0.0000000000 0.0000000000 4.5926795006 17.3706207275 -7.5701327324
947.7277832031 2.2002089024 0.0000000000 0.0000000000 4.6408114433 18.8067150116 -12.0233268738
953.1690673828 2.1977500916 0.0000000000 0.0000000000 4.6942586899 20.5229797363 -16.0685234070
962.1539306641 2.1951818466 0.0000000000 0.0000000000 4.7599339485 21.7057380676 -18.1319160461
969.9598388672 2.1927061081 0.0000000000 0.0000000000 4.8139843941 22.4470443726 -16.3315067291
972.0709228516 2.1906039715 0.0000000000 0.0000000000 4.8633170128 23.5020942688 -9.2763719559
962.6731567383 2.1891279221 0.0000000000 0.0000000000 4.8692889214 24.9118633270 2.4007453918
936.7866821289 2.1882536411 0.0000000000 0.0000000000 4.8156089783 26.0444240570 13.7328405380
917.4551391602 2.1879765987 0.0000000000 0.0000000000 4.6790008545 28.1417541504 14.7904624939
932.1856689453 2.1879670620 0.0000000000 0.0000000000 4.5648698807 29.5957889557 7.7002081871
954.5156860352 2.1880939007 0.0000000000 0.0000000000 4.4927816391 29.8542308807 2.6331896782
968.8852539062 2.1883702278 0.0000000000 0.0000000000 4.4315447807 31.4234352112 -0.1844863594
976.4397583008 2.1887030602 0.0000000000 0.0000000000 4.3845677376 32.9901237488 -2.0656099319
979.2684936523 2.1890041828 0.0000000000 0.0000000000 4.3638086319 36.4981422424 -3.5464532375
979.4368286133 2.1892340183 0.0000000000 0.0000000000 4.3595767021 39.8845176697 -4.9142837524
978.0673828125 2.1893868446 0.0000000000 0.0000000000 4.3649492264 42.5328369141 -6.3132820129
975.1279296875 2.1895673275 0.0000000000 0.0000000000 4.3874626160 44.1502342224 -8.0515699387
971.1251831055 2.1897661686 0.0000000000 0.0000000000 4.4174742699 46.1264457703 -10.6421623230
967.0627441406 2.1899914742 0.0000000000 0.0000000000 4.4556083679 48.1910171509 -15.0937662125
964.7974853516 2.1902940273 0.0000000000 0.0000000000 4.5012154579 50.0876464844 -23.3760108948
969.4807128906 2.1906342506 0.0000000000 0.0000000000 4.5342664719 51.0221214294 -39.0983200073
989.4571533203 2.1910185814 0.0000000000 0.0000000000 4.6021671295 51.5234489441 -65.6659164429
1027.2713623047 2.1916694641 0.0000000000 0.0000000000 4.6594123840 52.2575340271 -102.0712966919
1076.2540283203 2.1925933361 0.0000000000 0.0000000000 4.7450556755 53.6260871887 -140.4435729980
1122.8277587891 2.1941382885 0.0000000000 0.0000000000 4.8427686691 55.1820335388 -165.9997100830
1178.7291259766 2.1963140965 0.0000000000 0.0000000000 4.8931856155 59.0875129700 -167.5739440918
1253.6068115234 2.1988644600 0.0000000000 0.0000000000 5.0218949318 66.5923385620 -93.7085342407
1323.3569335938 2.2018361092 0.0000000000 0.0000000000 5.2345042229 81.1133956909 112.7386703491
1198.2910156250 2.2054963112 0.0000000000 0.0000000000 5.5309920311 102.6083526611 317.6902465820
916.9566040039 2.2105557919 0.0000000000 0.0000000000 5.4864954948 131.3729095459 145.6155395508
962.5640258789 2.2167575359 0.0000000000 0.0000000000 5.3373384476 143.2173614502 38.4222259521
991.3180541992 2.2240178585 0.0000000000 0.0000000000 5.0273132324 140.6414642334 15.4235992432
1000.6824951172 2.2318849564 0.0000000000 0.0000000000 4.7696685791 139.3023071289 9.2922487259
1003.0123901367 2.2399060726 0.0000000000 0.0000000000 4.6206331253 135.3052215576 7.3367600441
1002.6808471680 2.2477703094 0.0000000000 0.0000000000 4.5767908096 143.0950164795 6.9541411400
1001.2594604492 2.2554798126 0.0000000000 0.0000000000 4.5455226898 147.6366119385 7.2197780609
999.9937133789 2.2628319263 0.0000000000 0.0000000000 4.5409202576 149.7608947754 7.2390360832
999.2622070312 2.2695918083 0.0000000000 0.0000000000 4.5542001724 152.8583221436 6.8718967438
998.9607543945 2.2758460045 0.0000000000 0.0000000000 4.5637493134 153.0646209717 6.1573796272
998.8406982422 2.2814254761 0.0000000000 0.0000000000 4.5805969238 153.8595428467 5.2018036842
998.6797485352 2.2864658833 0.0000000000 0.0000000000 4.5928826332 154.7414855957 4.1221442223
998.6273193359 2.2909927368 0.0000000000 0.0000000000 4.6004452705 155.3629760742 3.0012407303
998.7176513672 2.2950127125 0.0000000000 0.0000000000 4.6011204720 155.6705322266 2.0886631012
998.8459472656 2.2984917164 0.0000000000 0.0000000000 4.5960502625 152.8842926025 1.4535208941
999.0083007812 2.3015210629 0.0000000000 0.0000000000 4.5945463181 148.7068939209 1.0208525658
999.1732177734 2.3041415215 0.0000000000 0.0000000000 4.5851297379 144.8623352051 0.5703155994
999.1530151367 2.3064336777 0.0000000000 0.0000000000 4.5699725151 138.1732635498 0.0069060847
998.8923950195 2.3084089756 0.0000000000 0.0000000000 4.5558590889 129.6332855225 -0.7206569910
998.5084838867 2.3100790977 0.0000000000 0.0000000000 4.5431880951 124.1859054565 -1.4489818811
998.0305786133 2.3114347458 0.0000000000 0.0000000000 4.5346598625 122.2871627808 -1.9105683565
997.4611206055 2.3125300407 0.0000000000 0.0000000000 4.5239510536 117.4373550415 -2.1727898121
996.8696899414 2.3133625984 0.0000000000 0.0000000000 4.5160689354 113.2791748047 -2.4582951069
996.1879272461 2.3139491081 0.0000000000 0.0000000000 4.5071353912 107.5094223022 -2.8437426090
995.4208984375 2.3142690659 0.0000000000 0.0000000000 4.4972505569 101.8388824463 -3.2633204460
994.6015014648 2.3142678738 0.0000000000 0.0000000000 4.4976449013 98.4921722412 -3.6126561165
993.7438964844 2.3139734268 0.0000000000 0.0000000000 4.4919710159 95.2947006226 -3.7416334152
992.8684692383 2.3133928776 0.0000000000 0.0000000000 4.4833583832 92.2024078369 -3.5103216171
992.1052856445 2.3124780655 0.0000000000 0.0000000000 4.4719991684 88.0222549438 -3.0558798313
991.4353637695 2.3112792969 0.0000000000 0.0000000000 4.4594769478 82.3273696899 -2.5503113270
990.7650756836 2.3098216057 0.0000000000 0.0000000000 4.4498319626 78.5944824219 -2.1113338470
990.0202636719 2.3081052303 0.0000000000 0.0000000000 4.4426946640 75.5765380859 -1.8120703697
989.2094116211 2.3061649799 0.0000000000 0.0000000000 4.4361062050 72.7294692993 -1.5780594349
988.3682861328 2.3040204048 0.0000000000 0.0000000000 4.4299998283 69.9029922485 -1.2729371786
987.5333862305 2.3016912937 0.0000000000 0.0000000000 4.4254250526 67.5468521118 -0.8466471434
986.7443847656 2.2992053032 0.0000000000 0.0000000000 4.4228863716 65.1827850342 -0.3247993886
986.0173339844 2.2964725494 0.0000000000 0.0000000000 4.4219903946 62.9132385254 0.1906825900
985.2396850586 2.2936110497 0.0000000000 0.0000000000 4.4243488312 60.6278686523 0.5756052136
984.4378051758 2.2906284332 0.0000000000 0.0000000000 4.4278211594 57.9034233093 0.8538055420
983.6672973633 2.2875535488 0.0000000000 0.0000000000 4.4304327965 55.4295921326 1.0705748796
982.9372558594 2.2844007015 0.0000000000 0.0000000000 4.4344186783 53.3167991638 1.2410806417
982.2838745117 2.2811827660 0.0000000000 0.0000000000 4.4388918877 51.4130439758 1.3175493479
981.7091064453 2.2779214382 0.0000000000 0.0000000000 4.4429936409 49.6005630493 1.2978377342
981.1913452148 2.2746164799 0.0000000000 0.0000000000 4.4473934174 47.9317932129 1.2529871464
980.6783447266 2.2713251114 0.0000000000 0.0000000000 4.4536800385 46.5112915039 1.1708683968
980.1799926758 2.2680461407 0.0000000000 0.0000000000 4.4573984146 45.0328025818 1.1100155115
979.6815795898 2.2647683620 0.0000000000 0.0000000000 4.4612278938 43.5461082458 1.0903401375
979.1545410156 2.2614922523 0.0000000000 0.0000000000 4.4633193016 42.5045852661 1.0110334158
978.6025390625 2.2582228184 0.0000000000 0.0000000000 4.4674377441 41.6380233765 0.9192104340
978.0428466797 2.2549693584 0.0000000000 0.0000000000 4.4732851982 40.6067733765 0.8135912418
977.4357910156 2.2517306805 0.0000000000 0.0000000000 4.4801001549 39.5730285645 0.7432672381
976.8273925781 2.2485263348 0.0000000000 0.0000000000 4.4855504036 38.7033576965 0.6414130926
976.2202148438 2.2453470230 0.0000000000 0.0000000000 4.4874763489 38.1300315857 0.5315830112
975.6118164062 2.2421991825 0.0000000000 0.0000000000 4.4883165359 37.4721412659 0.4484718144
975.0756225586 2.2390887737 0.0000000000 0.0000000000 4.4918417931 36.4138984680 0.3851334155
974.5611572266 2.2360315323 0.0000000000 0.0000000000 4.4946784973 35.4094734192 0.3627344966
974.0598754883 2.2330334187 0.0000000000 0.0000000000 4.4990291595 34.3608131409 0.3766623735
973.5672607422 2.2300894260 0.0000000000 0.0000000000 4.5038661957 33.2305374146 0.4472327232
973.0707397461 2.2272052765 0.0000000000 0.0000000000 4.5087418556 32.5464591980 0.4881596565
972.5650024414 2.2243821621 0.0000000000 0.0000000000 4.5131235123 32.0588836670 0.5348730683
972.0478515625 2.2215895653 0.0000000000 0.0000000000 4.5170755386 31.5036163330 0.5756270289
971.5005493164 2.2188370228 0.0000000000 0.0000000000 4.5221033096 30.7926826477 0.6316467524
970.9276123047 2.2161176205 0.0000000000 0.0000000000 4.5277094841 30.1628475189 0.6617047787
970.3243408203 2.2134294510 0.0000000000 0.0000000000 4.5321950912 29.8697338104 0.6085484028
969.6984863281 2.2107758522 0.0000000000 0.0000000000 4.5360870361 29.5505733490 0.5005356073
969.0857543945 2.2081778049 0.0000000000 0.0000000000 4.5400786400 29.3057079315 0.3634090424
968.4695434570 2.2056348324 0.0000000000 0.0000000000 4.5453648567 28.9594554901 0.2650404572
967.7491455078 2.2031571865 0.0000000000 0.0000000000 4.5524129868 28.5823612213 0.0779998899
966.9833984375 2.2007548809 0.0000000000 0.0000000000 4.5587134361 28.2876987457 -0.1313617676
966.2371826172 2.1984181404 0.0000000000 0.0000000000 4.5637078285 28.0929450989 -0.2864325643
965.4953002930 2.1961355209 0.0000000000 0.0000000000 4.5714998245 28.2476787567 -0.4090618491
964.7039794922 2.1939392090 0.0000000000 0.0000000000 4.5812120438 28.3503170013 -0.5879389644
963.8892211914 2.1918172836 0.0000000000 0.0000000000 4.5909562111 28.1495571136 -0.7338031530
963.1358032227 2.1897671223 0.0000000000 0.0000000000 4.5996365547 27.8160285950 -0.8084120154
962.4581909180 2.1877801418 0.0000000000 0.0000000000 4.6120991707 27.6022071838 -0.7844566107
961.7041625977 2.1858329773 0.0000000000 0.0000000000 4.6247029305 27.4503173828 -0.7274471521
960.8666381836 2.1839113235 0.0000000000 0.0000000000 4.6421580315 26.8200740814 -0.6090012789
960.0665893555 2.1820156574 0.0000000000 0.0000000000 4.6518902779 26.4478282928 -0.4116893113
959.3826904297 2.1801493168 0.0000000000 0.0000000000 4.6610589027 26.1405467987 -0.2259610742
958.8284301758 2.1782968044 0.0000000000 0.0000000000 4.6692829132 25.8000679016 -0.0554754585
958.3457031250 2.1764612198 0.0000000000 0.0000000000 4.6778988838 25.7453613281 0.1233179569
957.8887939453 2.1746971607 0.0000000000 0.0000000000 4.6889486313 25.3514194489 0.2958068550
957.3927001953 2.1730055809 0.0000000000 0.0000000000 4.6994376183 25.0867824554 0.3797662854
956.8328857422 2.1713545322 0.0000000000 0.0000000000 4.7103357315 24.7874584198 0.4850781560
956.2811279297 2.1697449684 0.0000000000 0.0000000000 4.7220993042 24.5373783112 0.5811517835
955.7705688477 2.1682076454 0.0000000000 0.0000000000 4.7354178429 24.1029720306 0.5952025652
955.3361816406 2.1667318344 0.0000000000 0.0000000000 4.7466111183 23.6983489990 0.6224855781
954.9530639648 2.1653444767 0.0000000000 0.0000000000 4.7604279518 23.6365184784 0.6737232804
954.5985717773 2.1640408039 0.0000000000 0.0000000000 4.7748174667 23.6949462891 0.6326063871
954.1908569336 2.1627638340 0.0000000000 0.0000000000 4.7897181511 23.6952152252 0.6214632392
953.6285400391 2.1615579128 0.0000000000 0.0000000000 4.8049578667 23.3636417389 0.5502178073
952.9651489258 2.1604371071 0.0000000000 0.0000000000 4.8189039230 22.9408321381 0.4117714763
952.3909912109 2.1594018936 0.0000000000 0.0000000000 4.8295898438 22.7793712616 0.3400525451
951.9798583984 2.1584947109 0.0000000000 0.0000000000 4.8379406929 22.5693206787 0.2123084664
951.6497192383 2.1577455997 0.0000000000 0.0000000000 4.8474550247 22.2631530762 0.0095647275
951.3742675781 2.1571590900 0.0000000000 0.0000000000 4.8590078354 21.8584594727 -0.1107095480
951.1017456055 2.1567225456 0.0000000000 0.0000000000 4.8716135025 21.4623622894 -0.0525640398
950.8171386719 2.1564357281 0.0000000000 0.0000000000 4.8854484558 21.2037200928 -0.0190940797
950.5324707031 2.1562812328 0.0000000000 0.0000000000 4.8991994858 20.8819446564 0.0084897578
950.2493896484 2.1562039852 0.0000000000 0.0000000000 4.9131360054 20.5765686035 0.0290949494
950.0049438477 2.1562385559 0.0000000000 0.0000000000 4.9257764816 20.3666229248 0.1288245916
949.7837524414 2.1563258171 0.0000000000 0.0000000000 4.9378528595 20.2047462463 0.2107865810
949.6013793945 2.1565053463 0.0000000000 0.0000000000 4.9486117363 19.9744777679 0.1993959695
949.4360961914 2.1567771435 0.0000000000 0.0000000000 4.9603157043 19.7109966278 0.1169597134
949.2755737305 2.1571404934 0.0000000000 0.0000000000 4.9716410637 19.4776630402 0.0718597323
949.1076049805 2.1575784683 0.0000000000 0.0000000000 4.9834723473 19.3377990723 0.0254325122
948.9155883789 2.1580383778 0.0000000000 0.0000000000 4.9940857887 19.2819271088 -0.0289553851
948.6932983398 2.1586005688 0.0000000000 0.0000000000 5.0061974525 19.1798763275 -0.1141090542
948.4644775391 2.1592273712 0.0000000000 0.0000000000 5.0174922943 18.9901752472 -0.1937059909
948.2647094727 2.1598761082 0.0000000000 0.0000000000 5.0297126770 18.8067760468 -0.2207081616
948.1033935547 2.1605980396 0.0000000000 0.0000000000 5.0412826538 18.8291072845 -0.1900531650
947.9752807617 2.1614089012 0.0000000000 0.0000000000 5.0524249077 18.8744907379 -0.1565292925
947.8419189453 2.1622524261 0.0000000000 0.0000000000 5.0638971329 18.6076240540 -0.1540225148
947.7135620117 2.1631190777 0.0000000000 0.0000000000 5.0753755569 18.2447719574 -0.1296448410
947.5808105469 2.1640665531 0.0000000000 0.0000000000 5.0860266685 18.1893520355 -0.0813216567
947.4216308594 2.1650791168 0.0000000000 0.0000000000 5.0981731415 18.2061862946 -0.0793995559
947.1991577148 2.1661624908 0.0000000000 0.0000000000 5.1101856232 18.1484375000 -0.0864801407
946.9086914062 2.1673161983 0.0000000000 0.0000000000 5.1227169037 18.3433685303 -0.0593534112
946.4869995117 2.1684615612 0.0000000000 0.0000000000 5.1351513863 18.7968864441 -0.0123759955
946.0125732422 2.1696608067 0.0000000000 0.0000000000 5.1485762596 19.1337947845 -0.0216476917
945.5581054688 2.1709082127 0.0000000000 0.0000000000 5.1626658440 19.1726818085 -0.0228382796
945.0977783203 2.1722254753 0.0000000000 0.0000000000 5.1765646935 19.6663818359 0.0567110926
944.6384887695 2.1736109257 0.0000000000 0.0000000000 5.1900463104 20.3283329010 0.1991170049
944.2388916016 2.1750192642 0.0000000000 0.0000000000 5.2021522522 20.3454570770 0.3254001141
943.8977661133 2.1764554977 0.0000000000 0.0000000000 5.2143802643 20.7411689758 0.3376346827
943.5592651367 2.1779389381 0.0000000000 0.0000000000 5.2265815735 20.9841709137 0.2843836248
943.2802124023 2.1794290543 0.0000000000 0.0000000000 5.2382216454 20.6871776581 0.2331068963
943.0945434570 2.1809697151 0.0000000000 0.0000000000 5.2492604256 20.7783603668 0.2166756690
942.9617919922 2.1825571060 0.0000000000 0.0000000000 5.2610464096 20.9193115234 0.2283211201
942.8218383789 2.1841752529 0.0000000000 0.0000000000 5.2730031013 21.1411952972 0.2983675599
942.6618041992 2.1858325005 0.0000000000 0.0000000000 5.2850551605 21.4796848297 0.4018495679
942.5088500977 2.1875319481 0.0000000000 0.0000000000 5.2969903946 21.4601955414 0.5027896166
942.3682861328 2.1892459393 0.0000000000 0.0000000000 5.3085875511 21.2607784271 0.5531873703
942.2147827148 2.1909825802 0.0000000000 0.0000000000 5.3206386566 21.1851406097 0.5955191851
942.0061645508 2.1927006245 0.0000000000 0.0000000000 5.3334474564 21.4537448883 0.6048116088
941.7827148438 2.1944491863 0.0000000000 0.0000000000 5.3459911346 22.1388607025 0.5709350109
941.5057983398 2.1962285042 0.0000000000 0.0000000000 5.3577322960 22.9059658051 0.5200432539
941.1795043945 2.1980602741 0.0000000000 0.0000000000 5.3703169823 22.9993190765 0.5371216536
940.8131103516 2.1999154091 0.0000000000 0.0000000000 5.3838634491 23.0936203003 0.5910151601
940.4140014648 2.2017898560 0.0000000000 0.0000000000 5.3980913162 23.4098682404 0.6105217934
940.0310058594 2.2037110329 0.0000000000 0.0000000000 5.4125986099 23.3456726074 0.6261913776
939.7077026367 2.2056555748 0.0000000000 0.0000000000 5.4266748428 23.2994995117 0.6750031710
939.4225463867 2.2076110840 0.0000000000 0.0000000000 5.4404292107 23.7591075897 0.6738467216
939.1759643555 2.2095799446 0.0000000000 0.0000000000 5.4530014992 23.7831096649 0.6665121317
938.9699096680 2.2115743160 0.0000000000 0.0000000000 5.4641504288 22.8956584930 0.6695389748
938.7832031250 2.2135868073 0.0000000000 0.0000000000 5.4748215675 22.7762584686 0.6769834757
938.5884399414 2.2155497074 0.0000000000 0.0000000000 5.4850673676 22.7775516510 0.6450477839
938.3773193359 2.2175586224 0.0000000000 0.0000000000 5.4955959320 22.5195140839 0.6363964677
938.1558837891 2.2195913792 0.0000000000 0.0000000000 5.5062103271 21.7767791748 0.6533761024
937.8973388672 2.2216806412 0.0000000000 0.0000000000 5.5167064667 22.2233886719 0.6487749219
937.6068725586 2.2238256931 0.0000000000 0.0000000000 5.5274839401 22.2527523041 0.6144254208
937.3027343750 2.2260124683 0.0000000000 0.0000000000 5.5379695892 22.1813945770 0.6316033602
936.9619140625 2.2282819748 0.0000000000 0.0000000000 5.5489926338 21.4520053864 0.6186174154
936.5693969727 2.2306282520 0.0000000000 0.0000000000 5.5598182678 21.4414482117 0.6418014169
936.1334838867 2.2330019474 0.0000000000 0.0000000000 5.5705342293 21.3142108917 0.6364594698
935.6525878906 2.2354538441 0.0000000000 0.0000000000 5.5811042786 21.4956531525 0.6130670905
935.1225585938 2.2379934788 0.0000000000 0.0000000000 5.5910086632 20.9116420746 0.7096475363
934.5040893555 2.2405877113 0.0000000000 0.0000000000 5.6013746262 20.5160598755 0.7349756956
933.7537231445 2.2432417870 0.0000000000 0.0000000000 5.6118493080 20.3457164764 0.7475121617
932.8600463867 2.2459423542 0.0000000000 0.0000000000 5.6226119995 20.5497951508 0.7233412266
931.7615356445 2.2486696243 0.0000000000 0.0000000000 5.6339554787 20.9235687256 0.6136979461
930.3553466797 2.2514150143 0.0000000000 0.0000000000 5.6452360153 21.0989837646 0.4688568711
928.7124633789 2.2542090416 0.0000000000 0.0000000000 5.6566338539 21.8137569427 0.1481564939
927.1592407227 2.2570333481 0.0000000000 0.0000000000 5.6679453850 22.1943187714 -0.4942078292
926.0177612305 2.2598433495 0.0000000000 0.0000000000 5.6785106659 23.0178432465 -1.5449082851
925.2069702148 2.2625641823 0.0000000000 0.0000000000 5.6884160042 23.6006298065 -2.3965554237
924.2391967773 2.2651429176 0.0000000000 0.0000000000 5.6984882355 23.8134670258 -2.3659791946
923.3025512695 2.2676837444 0.0000000000 0.0000000000 5.7094016075 23.7168426514 -1.5907366276
922.7360839844 2.2701814175 0.0000000000 0.0000000000 5.7209734917 23.5805511475 -0.8426322341
922.2944946289 2.2726683617 0.0000000000 0.0000000000 5.7322177887 23.4048748016 -0.4388265908
921.7139892578 2.2751412392 0.0000000000 0.0000000000 5.7429137230 23.5563449860 -0.1681619883
920.9558105469 2.2775101662 0.0000000000 0.0000000000 5.7539310455 23.5205020905 0.0181100518
920.1430053711 2.2796962261 0.0000000000 0.0000000000 5.7640986443 23.4707565308 0.2190781981
919.3283691406 2.2816901207 0.0000000000 0.0000000000 5.7720918655 23.2889804840 0.3828752339
918.3732910156 2.2834994793 0.0000000000 0.0000000000 5.7802910805 23.2101135254 0.3717753291
917.2947387695 2.2851519585 0.0000000000 0.0000000000 5.7890062332 23.4391689301 0.4518491626
916.1752319336 2.2866919041 0.0000000000 0.0000000000 5.7994832993 23.9449710846 0.5171903968
915.0940551758 2.2880589962 0.0000000000 0.0000000000 5.8124146461 24.2931919098 0.5572866201
913.9581298828 2.2892351151 0.0000000000 0.0000000000 5.8248200417 24.6887397766 0.6917002201
912.7625122070 2.2901711464 0.0000000000 0.0000000000 5.8354210854 25.0521450043 0.8164012432
911.5649414062 2.2907726765 0.0000000000 0.0000000000 5.8467531204 25.4064121246 0.8337420225
910.3388061523 2.2909572124 0.0000000000 0.0000000000 5.8560543060 25.7678375244 0.8936260939
908.9960327148 2.2908647060 0.0000000000 0.0000000000 5.8655529022 26.0096778870 0.9617510438
907.4411621094 2.2904815674 0.0000000000 0.0000000000 5.8748917580 26.4032993317 0.9786224365
905.9662475586 2.2899310589 0.0000000000 0.0000000000 5.8820495605 27.2270965576 0.8383180499
905.0727539062 2.2892713547 0.0000000000 0.0000000000 5.8899998665 28.0899963379 0.7451515198
904.0155029297 2.2885332108 0.0000000000 0.0000000000 5.9055695534 28.7823333740 1.3873672485
902.9487304688 2.2877352238 0.0000000000 0.0000000000 5.9201025963 29.9658946991 2.4090390205
902.3564453125 2.2869365215 0.0000000000 0.0000000000 5.9297428131 29.8565616608 3.0294404030
901.7033691406 2.2862341404 0.0000000000 0.0000000000 5.9334564209 29.7569160461 3.2745678425
900.9246826172 2.2856101990 0.0000000000 0.0000000000 5.9402375221 30.1953163147 3.3513391018
899.9205322266 2.2850370407 0.0000000000 0.0000000000 5.9524159431 30.2778072357 3.4608049393
898.8453369141 2.2845234871 0.0000000000 0.0000000000 5.9642748833 30.8657817841 3.5723278522
897.5653076172 2.2839903831 0.0000000000 0.0000000000 5.9741773605 31.3737640381 3.4576072693
896.3079833984 2.2834148407 0.0000000000 0.0000000000 5.9855356216 31.3632698059 2.9455094337
895.0687255859 2.2827949524 0.0000000000 0.0000000000 5.9983344078 30.8917827606 2.2402548790
893.8167724609 2.2821688652 0.0000000000 0.0000000000 6.0123744011 30.5496730804 1.4683035612
892.4804077148 2.2816030979 0.0000000000 0.0000000000 6.0250401497 29.8883113861 0.6353815794
891.2571411133 2.2811141014 0.0000000000 0.0000000000 6.0346002579 29.1179256439 -0.2354740202
890.1845703125 2.2807953358 0.0000000000 0.0000000000 6.0437183380 28.8488922119 -0.8920512795
889.2281494141 2.2806429863 0.0000000000 0.0000000000 6.0496191978 28.6367835999 -1.4270526171
888.3450927734 2.2806487083 0.0000000000 0.0000000000 6.0542411804 28.0043315887 -1.8722585440
887.5740356445 2.2808554173 0.0000000000 0.0000000000 6.0589385033 27.5348567963 -2.1335430145
886.7793579102 2.2812626362 0.0000000000 0.0000000000 6.0656313896 26.6658687592 -2.1688213348
885.8737182617 2.2818458080 0.0000000000 0.0000000000 6.0713934898 25.9899291992 -2.1974577904
884.8518066406 2.2825567722 0.0000000000 0.0000000000 6.0763816833 25.5076751709 -2.2200942039
883.8276367188 2.2833831310 0.0000000000 0.0000000000 6.0828967094 24.5781383514 -2.0644855499
882.8283081055 2.2843618393 0.0000000000 0.0000000000 6.0900673866 23.9620246887 -1.6889138222
881.8998413086 2.2853953838 0.0000000000 0.0000000000 6.0948648453 23.4143772125 -1.3387844563
881.0130004883 2.2865633965 0.0000000000 0.0000000000 6.1007146835 22.6960296631 -0.8186938763
880.1223144531 2.2878534794 0.0000000000 0.0000000000 6.1068434715 21.9271850586 -0.1724793464
879.2392578125 2.2891731262 0.0000000000 0.0000000000 6.1125793457 21.2600078583 0.3157726228
878.3947753906 2.2906103134 0.0000000000 0.0000000000 6.1194529533 20.6808223724 0.7646034360
877.6688232422 2.2920851707 0.0000000000 0.0000000000 6.1246457100 20.3609447479 1.1421610117
877.0488281250 2.2935533524 0.0000000000 0.0000000000 6.1292200089 20.0436153412 1.4338130951
876.4885864258 2.2950711250 0.0000000000 0.0000000000 6.1335406303 19.5744438171 1.7972528934
876.0634155273 2.2966151237 0.0000000000 0.0000000000 6.1375665665 19.1795616150 2.0540037155
875.6208496094 2.2981090546 0.0000000000 0.0000000000 6.1393480301 18.4206371307 2.0337004662
875.1967163086 2.2996635437 0.0000000000 0.0000000000 6.1426911354 17.7125644684 1.8576037884
874.7601318359 2.3012969494 0.0000000000 0.0000000000 6.1464514732 17.1678562164 1.6218751669
874.3071899414 2.3029379845 0.0000000000 0.0000000000 6.1505475044 16.7468090057 1.1622276306
873.8743286133 2.3045923710 0.0000000000 0.0000000000 6.1548085213 16.3157920837 0.6097894907
873.4563598633 2.3063216209 0.0000000000 0.0000000000 6.1595468521 15.8961400986 0.1366344988
873.0435791016 2.3081047535 0.0000000000 0.0000000000 6.1643738747 15.5532827377 -0.2268450856
872.6085205078 2.3099572659 0.0000000000 0.0000000000 6.1688137054 15.1733160019 -0.5642474294
872.1254882812 2.3118715286 0.0000000000 0.0000000000 6.1724977493 14.8315401077 -0.7444385290
871.6264038086 2.3138687611 0.0000000000 0.0000000000 6.1764726639 14.4240846634 -0.8429480195
871.1102905273 2.3158195019 0.0000000000 0.0000000000 6.1811251640 14.0901441574 -0.9505847692
870.5508422852 2.3178429604 0.0000000000 0.0000000000 6.1850175858 13.9476385117 -1.0318946838
869.9544677734 2.3199110031 0.0000000000 0.0000000000 6.1896944046 13.7820224762 -0.9828653336
869.3244018555 2.3220639229 0.0000000000 0.0000000000 6.1941061020 13.6465330124 -0.7753949761
868.6381835938 2.3242630959 0.0000000000 0.0000000000 6.2001070976 13.5835485458 -0.5201513767
867.9385986328 2.3263919353 0.0000000000 0.0000000000 6.2058839798 13.5606145859 -0.2472088784
867.2404785156 2.3285272121 0.0000000000 0.0000000000 6.2118854523 13.5764589310 0.0277660638
866.5341186523 2.3306670189 0.0000000000 0.0000000000 6.2174897194 13.6610364914 0.2965246439
865.8176879883 2.3327672482 0.0000000000 0.0000000000 6.2236914635 13.7366609573 0.4827790856
865.1195068359 2.3348183632 0.0000000000 0.0000000000 6.2290506363 13.6587495804 0.6003992558
864.4290771484 2.3368618488 0.0000000000 0.0000000000 6.2334423065 13.6250734329 0.7013071775
863.7471313477 2.3388547897 0.0000000000 0.0000000000 6.2382802963 13.6696386337 0.7350002527
863.0596923828 2.3407819271 0.0000000000 0.0000000000 6.2426609993 13.5958662033 0.6712054610
862.3653564453 2.3426749706 0.0000000000 0.0000000000 6.2470026016 13.6458845139 0.6011610627
861.6538696289 2.3444590569 0.0000000000 0.0000000000 6.2519702911 13.8577108383 0.4885787368
860.9389038086 2.3462541103 0.0000000000 0.0000000000 6.2575230598 13.9508790970 0.3846929669
860.2103881836 2.3480439186 0.0000000000 0.0000000000 6.2633657455 14.1160612106 0.1968581975
859.4398803711 2.3498594761 0.0000000000 0.0000000000 6.2692561150 14.1851797104 -0.0171949342
858.6429443359 2.3516604900 0.0000000000 0.0000000000 6.2754907608 14.1918668747 -0.2211709023
857.8222656250 2.3534758091 0.0000000000 0.0000000000 6.2813806534 14.3382635117 -0.3511665463
856.9581298828 2.3552520275 0.0000000000 0.0000000000 6.2878065109 14.6688585281 -0.4166258574
856.0465087891 2.3570654392 0.0000000000 0.0000000000 6.2934479713 15.0761184692 -0.4211388230
855.1391601562 2.3588478565 0.0000000000 0.0000000000 6.2988204956 15.5181064606 -0.3183097243
854.2275390625 2.3606402874 0.0000000000 0.0000000000 6.3044428825 16.0527458191 -0.1409244239
853.2811279297 2.3623809814 0.0000000000 0.0000000000 6.3100290298 16.7043056488 0.1423549354
852.3073120117 2.3641400337 0.0000000000 0.0000000000 6.3154697418 17.2989616394 0.4681692719
851.3519897461 2.3659245968 0.0000000000 0.0000000000 6.3206906319 17.7116641998 0.7877783179
850.3857421875 2.3677508831 0.0000000000 0.0000000000 6.3279418945 18.0630550385 1.1133184433
849.3999023438 2.3695733547 0.0000000000 0.0000000000 6.3352642059 18.6934490204 1.4391982555
848.3985595703 2.3713841438 0.0000000000 0.0000000000 6.3426270485 19.3208942413 1.6782827377
847.4299316406 2.3732109070 0.0000000000 0.0000000000 6.3494796753 20.0131206512 1.7320038080
846.4834594727 2.3750429153 0.0000000000 0.0000000000 6.3555521965 20.2832584381 1.5843663216
845.5794677734 2.3769140244 0.0000000000 0.0000000000 6.3612828255 20.2793159485 1.3503856659
844.6576538086 2.3788743019 0.0000000000 0.0000000000 6.3694977760 20.4381694794 1.1143275499
843.7453002930 2.3808953762 0.0000000000 0.0000000000 6.3770747185 20.3060989380 0.9431068301
842.8320922852 2.3829905987 0.0000000000 0.0000000000 6.3839564323 20.3786163330 0.6275268197
841.8592529297 2.3851759434 0.0000000000 0.0000000000 6.3913679123 20.9759616852 0.3656235337
840.8660278320 2.3874459267 0.0000000000 0.0000000000 6.3981194496 21.5436573029 -0.0693743825
839.8632812500 2.3898198605 0.0000000000 0.0000000000 6.4013695717 21.7594127655 -0.4340349436
838.8637695312 2.3923037052 0.0000000000 0.0000000000 6.4040055275 21.8961925507 -0.6549647450
837.8956909180 2.3948543072 0.0000000000 0.0000000000 6.4089608192 21.5596637726 -0.8387943506
836.9411621094 2.3975391388 0.0000000000 0.0000000000 6.4159603119 21.3504943848 -0.6635536551
836.0108642578 2.4003231525 0.0000000000 0.0000000000 6.4240298271 20.9725704193 -0.3094239533
835.1268310547 2.4031307697 0.0000000000 0.0000000000 6.4329919815 21.0492172241 0.1055254340
834.2561645508 2.4060230255 0.0000000000 0.0000000000 6.4417142868 20.4841213226 0.6377241611
833.4396362305 2.4089753628 0.0000000000 0.0000000000 6.4536609650 19.3991794586 1.1744625568
832.6863403320 2.4119491577 0.0000000000 0.0000000000 6.4658622742 18.4684123993 1.4889807701
831.9204101562 2.4148817062 0.0000000000 0.0000000000 6.4771738052 18.5212650299 1.6188056469
831.1446533203 2.4178540707 0.0000000000 0.0000000000 6.4869666100 18.9095191956 1.7503912449
830.3342895508 2.4208326340 0.0000000000 0.0000000000 6.4970502853 18.3668117523 1.8303740025
829.4944458008 2.4238407612 0.0000000000 0.0000000000 6.5079231262 17.4414806366 1.7108633518
828.6812133789 2.4267845154 0.0000000000 0.0000000000 6.5194559097 16.6854858398 1.5234351158
827.8814697266 2.4297811985 0.0000000000 0.0000000000 6.5307312012 16.5001449585 1.2883031368
827.0834350586 2.4328429699 0.0000000000 0.0000000000 6.5431180000 15.6662569046 0.8608903289
826.2738647461 2.4360172749 0.0000000000 0.0000000000 6.5542578697 15.2585239410 0.4943233728
825.4414672852 2.4393115044 0.0000000000 0.0000000000 6.5638232231 15.3159732819 0.2946693897
824.5549926758 2.4427132607 0.0000000000 0.0000000000 6.5757870674 14.5601224899 0.1187851131
823.5704956055 2.4462502003 0.0000000000 0.0000000000 6.5880312920 14.8173170090 0.1879635453
822.5562744141 2.4499132633 0.0000000000 0.0000000000 6.6011662483 15.1957645416 0.4220345020
821.5200195312 2.4536902905 0.0000000000 0.0000000000 6.6162242889 15.0413408279 0.7316812277
820.5685424805 2.4575631618 0.0000000000 0.0000000000 6.6297569275 15.5718994141 1.1118391752
819.6696166992 2.4614584446 0.0000000000 0.0000000000 6.6422133446 14.9132814407 1.6148140430
818.7736206055 2.4654910564 0.0000000000 0.0000000000 6.6540126801 14.7057390213 2.0898137093
817.9012451172 2.4696903229 0.0000000000 0.0000000000 6.6637706757 13.5823965073 2.4888763428
817.1079101562 2.4741063118 0.0000000000 0.0000000000 6.6712265015 13.0287322998 2.6292750835
816.3533935547 2.4787499905 0.0000000000 0.0000000000 6.6775746346 12.3714342117 2.3479170799
815.5607299805 2.4836523533 0.0000000000 0.0000000000 6.6820840836 12.4367361069 1.6931180954
814.7470092773 2.4888195992 0.0000000000 0.0000000000 6.6868271828 12.4153423309 0.7962427139
813.9076538086 2.4942548275 0.0000000000 0.0000000000 6.6937346458 12.3009796143 -0.0142261982
813.0499877930 2.4999859333 0.0000000000 0.0000000000 6.7041125298 12.5427541733 -0.6162407398
812.2980957031 2.5060040951 0.0000000000 0.0000000000 6.7167758942 13.1940984726 -0.9470595717
811.6074218750 2.5122902393 0.0000000000 0.0000000000 6.7314825058 13.7477369308 -0.7303999066
810.8322143555 2.5188536644 0.0000000000 0.0000000000 6.7467303276 14.1439199448 -0.0096022189
810.0286865234 2.5257384777 0.0000000000 0.0000000000 6.7609472275 15.0466184616 0.9745165110
809.2436523438 2.5329568386 0.0000000000 0.0000000000 6.7731671333 16.3994655609 1.8482613564
808.4935913086 2.5404701233 0.0000000000 0.0000000000 6.7833690643 17.8060245514 2.3753683567
807.7047729492 2.5481567383 0.0000000000 0.0000000000 6.7912206650 19.1542491913 2.6539587975
806.9143676758 2.5560374260 0.0000000000 0.0000000000 6.7980690002 20.4902667999 2.4397902489
806.0795288086 2.5641412735 0.0000000000 0.0000000000 6.8051390648 21.6142711639 1.7771313190
805.3908081055 2.5723578930 0.0000000000 0.0000000000 6.8122415543 22.6597843170 0.8442362547
804.8662109375 2.5807909966 0.0000000000 0.0000000000 6.8211550713 23.2207298279 -0.0718820691
804.4177856445 2.5894577503 0.0000000000 0.0000000000 6.8333616257 22.9713802338 -0.7497625947
804.0927124023 2.5982277393 0.0000000000 0.0000000000 6.8487071991 22.7577896118 -0.9638804197
803.6676635742 2.6070778370 0.0000000000 0.0000000000 6.8645486832 23.0805397034 -0.6123145819
803.0703125000 2.6161394119 0.0000000000 0.0000000000 6.8776879311 23.0318222046 0.2285309434
802.3840942383 2.6254293919 0.0000000000 0.0000000000 6.8910994530 23.4245338440 1.2327599525
801.7704467773 2.6350312233 0.0000000000 0.0000000000 6.9015750885 23.4688529968 2.0002923012
801.2440185547 2.6448051929 0.0000000000 0.0000000000 6.9074263573 22.8890762329 2.3951108456
800.5994873047 2.6546618938 0.0000000000 0.0000000000 6.9107847214 22.5071716309 2.2519497871
800.0305786133 2.6647555828 0.0000000000 0.0000000000 6.9140920639 21.8718872070 1.6195266247
799.3830566406 2.6751894951 0.0000000000 0.0000000000 6.9185695648 21.6833705902 0.5100374222
798.8946533203 2.6858372688 0.0000000000 0.0000000000 6.9238848686 21.6077575684 -0.6175053120
798.5629882812 2.6966309547 0.0000000000 0.0000000000 6.9320888519 21.0216350555 -1.3711361885
798.1911621094 2.7077033520 0.0000000000 0.0000000000 6.9433927536 20.6961116791 -1.4885249138
797.7218627930 2.7191734314 0.0000000000 0.0000000000 6.9559607506 20.9170150757 -0.9101861119
797.3656616211 2.7309038639 0.0000000000 0.0000000000 6.9674401283 20.7832775116 0.1054557562
796.8807983398 2.7428901196 0.0000000000 0.0000000000 6.9736680984 19.1445693970 1.2067362070
796.4587402344 2.7551069260 0.0000000000 0.0000000000 6.9783134460 17.2116107941 1.9312767982
796.1428222656 2.7675051689 0.0000000000 0.0000000000 6.9818806648 16.1853046417 2.1344113350
795.7723999023 2.7799570560 0.0000000000 0.0000000000 6.9860625267 16.0410518646 1.7896580696
795.2214355469 2.7924077511 0.0000000000 0.0000000000 6.9870166779 15.1467123032 1.0007889271
794.6776123047 2.8049397469 0.0000000000 0.0000000000 6.9890894890 14.0050420761 -0.0649851561
794.2016601562 2.8177022934 0.0000000000 0.0000000000 6.9980850220 13.3478422165 -1.0529360771
794.0740966797 2.8306891918 0.0000000000 0.0000000000 7.0113086700 12.5954885483 -1.5076205730
794.2749633789 2.8437194824 0.0000000000 0.0000000000 7.0270991325 11.7892990112 -1.0597364902
793.9681396484 2.8567426205 0.0000000000 0.0000000000 7.0421352386 11.3610811234 0.3626422882
793.3468017578 2.8697311878 0.0000000000 0.0000000000 7.0529088974 11.0975189209 1.9051828384
793.2210083008 2.8827722073 0.0000000000 0.0000000000 7.0599346161 10.6526632309 2.7605576515
793.2178955078 2.8957252502 0.0000000000 0.0000000000 7.0612721443 10.3166780472 2.7969470024
793.0251464844 2.9087314606 0.0000000000 0.0000000000 7.0615506172 9.7140569687 2.0920603275
792.5942993164 2.9216949940 0.0000000000 0.0000000000 7.0644817352 9.0809049606 0.8715635538
792.1456298828 2.9346368313 0.0000000000 0.0000000000 7.0707755089 8.7378110886 -0.6429338455
791.9241943359 2.9476492405 0.0000000000 0.0000000000 7.0818514824 8.2687454224 -1.9133741856
792.4251708984 2.9606475830 0.0000000000 0.0000000000 7.0958271027 7.7922663689 -2.2965302467
792.7586059570 2.9735791683 0.0000000000 0.0000000000 7.1094994545 7.6952562332 -1.4141440392
791.8872680664 2.9864432812 0.0000000000 0.0000000000 7.1177864075 7.5640764236 0.4843782783
791.6248168945 2.9992520809 0.0000000000 0.0000000000 7.1193466187 7.7426514626 2.0433254242
791.9522705078 3.0119125843 0.0000000000 0.0000000000 7.1223058701 8.0073270798 2.6589276791
792.1752319336 3.0244331360 0.0000000000 0.0000000000 7.1243968010 8.2388639450 2.3887524605
792.0128784180 3.0367329121 0.0000000000 0.0000000000 7.1281294823 8.4319696426 1.2662055492
791.6410522461 3.0488641262 0.0000000000 0.0000000000 7.1364097595 8.6455154419 -0.4305131435
791.4003295898 3.0609533787 0.0000000000 0.0000000000 7.1458663940 8.8574934006 -2.1548779011
791.4974975586 3.0730361938 0.0000000000 0.0000000000 7.1646127701 9.0952577591 -3.2732114792
792.2873535156 3.0851900578 0.0000000000 0.0000000000 7.1835255623 9.3845729828 -2.9156813622
792.5646362305 3.0972168446 0.0000000000 0.0000000000 7.1963386536 9.6647462845 -0.9226874113
791.3049316406 3.1086809635 0.0000000000 0.0000000000 7.1949586868 10.3246660233 1.5117976665
791.5870971680 3.1199231148 0.0000000000 0.0000000000 7.1867089272 11.2970151901 3.2235786915
792.5333862305 3.1309149265 0.0000000000 0.0000000000 7.1810288429 12.1141080856 3.4603502750
792.9107055664 3.1417014599 0.0000000000 0.0000000000 7.1710257530 12.4690008163 2.5668954849
792.8300170898 3.1522707939 0.0000000000 0.0000000000 7.1637554169 12.5849561691 0.9599028826
792.7392578125 3.1626741886 0.0000000000 0.0000000000 7.1674504280 12.6719989777 -1.2125600576
792.8070068359 3.1729593277 0.0000000000 0.0000000000 7.1871170998 12.8688001633 -3.1419301033
792.6180419922 3.1832780838 0.0000000000 0.0000000000 7.2228336334 13.2148733139 -3.6995668411
792.2971191406 3.1935377121 0.0000000000 0.0000000000 7.2549738884 13.4481887817 -2.3379702568
793.3222045898 3.2038762569 0.0000000000 0.0000000000 7.2826943398 13.5614185333 0.2810517550
793.1156005859 3.2138791084 0.0000000000 0.0000000000 7.2901673317 14.2243089676 3.1100449562
792.2848510742 3.2233269215 0.0000000000 0.0000000000 7.2779264450 15.2696352005 4.5913362503
793.6412353516 3.2325315475 0.0000000000 0.0000000000 7.2360486984 15.3816528320 4.3193707466
794.1898803711 3.2415997982 0.0000000000 0.0000000000 7.2014641762 14.6841001511 2.8448257446
794.2307739258 3.2505869865 0.0000000000 0.0000000000 7.1906175613 14.1752395630 0.3316882849
794.5028076172 3.2593944073 0.0000000000 0.0000000000 7.1829171181 14.1596345901 -2.5027241707
795.2971801758 3.2681417465 0.0000000000 0.0000000000 7.1837954521 14.2932043076 -4.8471298218
795.6025390625 3.2769787312 0.0000000000 0.0000000000 7.1924490929 13.9592771530 -4.9724464417
794.5600585938 3.2858726978 0.0000000000 0.0000000000 7.2194914818 13.7973012924 -2.5236358643
793.4877319336 3.2946841717 0.0000000000 0.0000000000 7.2720642090 14.4073591232 1.0587210655
793.5079956055 3.3035821915 0.0000000000 0.0000000000 7.3157496452 14.8770828247 3.6605985165
794.5183105469 3.3122713566 0.0000000000 0.0000000000 7.3409118652 14.5478210449 4.5259656906
794.3005371094 3.3204677105 0.0000000000 0.0000000000 7.3467779160 14.2501783371 3.8581264019
793.4484252930 3.3282904625 0.0000000000 0.0000000000 7.3414673805 13.1326932907 2.0532450676
793.1285400391 3.3360180855 0.0000000000 0.0000000000 7.3304686546 11.9829769135 -0.7624144554
793.5910034180 3.3438513279 0.0000000000 0.0000000000 7.3275399208 11.9939641953 -3.9264717102
794.0388183594 3.3518915176 0.0000000000 0.0000000000 7.3397402763 11.6106901169 -5.7831373215
794.7740478516 3.3599283695 0.0000000000 0.0000000000 7.3518295288 11.2691459656 -5.1529536247
794.7989501953 3.3682849407 0.0000000000 0.0000000000 7.3751344681 10.4141063690 -1.7111550570
793.7509765625 3.3762779236 0.0000000000 0.0000000000 7.3889575005 10.4696578979 2.6620075703
794.3274536133 3.3837671280 0.0000000000 0.0000000000 7.3769488335 11.2794437408 5.2825393677
795.9824218750 3.3910417557 0.0000000000 0.0000000000 7.3657231331 11.5319347382 5.7243175507
796.9631958008 3.3981573582 0.0000000000 0.0000000000 7.3436737061 11.6034040451 4.4352502823
796.6492309570 3.4051179886 0.0000000000 0.0000000000 7.3133249283 11.1523618698 1.9378533363
796.1801147461 3.4118578434 0.0000000000 0.0000000000 7.2873711586 11.2634277344 -1.7678378820
796.9879150391 3.4188263416 0.0000000000 0.0000000000 7.2720513344 11.3321866989 -5.7232732773
798.5240478516 3.4261648655 0.0000000000 0.0000000000 7.2782559395 11.2649135590 -7.7909369469
798.1634521484 3.4335403442 0.0000000000 0.0000000000 7.3069601059 10.8758554459 -5.8117232323
795.5590820312 3.4411354065 0.0000000000 0.0000000000 7.3595848083 10.7742776871 -0.7959770560
794.6798706055 3.4488062859 0.0000000000 0.0000000000 7.4169383049 11.0649337769 3.4694609642
795.9467163086 3.4563186169 0.0000000000 0.0000000000 7.4444890022 11.2276496887 5.8319902420
796.4328613281 3.4632792473 0.0000000000 0.0000000000 7.4436273575 11.1081533432 5.8056554794
795.7390747070 3.4699914455 0.0000000000 0.0000000000 7.4367728233 10.8452835083 4.5929760933
794.7045898438 3.4763405323 0.0000000000 0.0000000000 7.4237499237 10.7652568817 1.8573446274
794.1822509766 3.4823842049 0.0000000000 0.0000000000 7.4079689980 10.9108171463 -2.3726859093
794.8610229492 3.4888248444 0.0000000000 0.0000000000 7.4141802788 11.0429868698 -6.2532796860
796.4929809570 3.4957668781 0.0000000000 0.0000000000 7.4414286613 10.9310302734 -8.6696548462
798.0455322266 3.5029387474 0.0000000000 0.0000000000 7.4520802498 10.6787967682 -7.1061062813
796.4127807617 3.5103743076 0.0000000000 0.0000000000 7.4939370155 10.7334527969 -0.7806182504
795.1303710938 3.5175957680 0.0000000000 0.0000000000 7.5252370834 11.5073432922 4.8590660095
797.1162719727 3.5240480900 0.0000000000 0.0000000000 7.5139679909 12.4732160568 6.9503993988
799.4741821289 3.5301361084 0.0000000000 0.0000000000 7.4905519485 13.3171567917 7.1547231674
799.8871459961 3.5359835625 0.0000000000 0.0000000000 7.4434642792 13.3842105865 5.5037097931
799.0894165039 3.5414676666 0.0000000000 0.0000000000 7.3916440010 13.1428022385 2.0017819405
798.2968750000 3.5466625690 0.0000000000 0.0000000000 7.3668074608 13.5168600082 -2.5097703934
799.2213134766 3.5517954826 0.0000000000 0.0000000000 7.3589992523 13.8161687851 -7.5640201569
800.5122070312 3.5574133396 0.0000000000 0.0000000000 7.3672347069 13.6544361115 -10.3844013214
800.0770874023 3.5635943413 0.0000000000 0.0000000000 7.3731951714 13.2731246948 -8.4029150009
798.0329589844 3.5702214241 0.0000000000 0.0000000000 7.4045047760 13.0087680817 -2.9798545837
796.3925781250 3.5770401955 0.0000000000 0.0000000000 7.4710850716 13.0830278397 2.5935678482
797.1768798828 3.5836997032 0.0000000000 0.0000000000 7.5116610527 12.9664707184 5.9433379173
798.0340576172 3.5898590088 0.0000000000 0.0000000000 7.5253067017 12.7497119904 7.3524122238
797.4458618164 3.5953228474 0.0000000000 0.0000000000 7.5211911201 12.6268720627 6.9735989571
796.5523071289 3.6003868580 0.0000000000 0.0000000000 7.5004286766 12.4053592682 4.7625718117
795.5064697266 3.6052708626 0.0000000000 0.0000000000 7.4755287170 12.3328657150 0.7346227169
795.3500366211 3.6101007462 0.0000000000 0.0000000000 7.4646816254 12.4451770782 -4.2784800529
796.4865112305 3.6153769493 0.0000000000 0.0000000000 7.4781208038 12.5062208176 -8.8676958084
797.0198364258 3.6210424900 0.0000000000 0.0000000000 7.4969635010 12.4563360214 -10.2044715881
796.3629150391 3.6272966862 0.0000000000 0.0000000000 7.5219025612 12.2050437927 -6.5366225243
799.1663818359 3.6338634491 0.0000000000 0.0000000000 7.5413126945 12.4689779282 -0.6864547133
795.9010009766 3.6395273209 0.0000000000 0.0000000000 7.5942683220 13.0612440109 5.5748596191
795.7100830078 3.6439206600 0.0000000000 0.0000000000 7.5927066803 14.4630155563 8.3511896133
799.2091064453 3.6479694843 0.0000000000 0.0000000000 7.6078591347 15.9644241333 7.9424452782
799.6989746094 3.6518042088 0.0000000000 0.0000000000 7.5856585503 16.7850170135 6.0881657600
798.7734985352 3.6554629803 0.0000000000 0.0000000000 7.5403294563 16.7422695160 2.5692360401
798.1182250977 3.6589136124 0.0000000000 0.0000000000 7.4985122681 16.4098396301 -2.5786347389
798.8772583008 3.6621198654 0.0000000000 0.0000000000 7.4713745117 16.5968208313 -8.2264566422
800.8445434570 3.6655206680 0.0000000000 0.0000000000 7.4736313820 16.8383312225 -11.7018327713
800.9879150391 3.6695640087 0.0000000000 0.0000000000 7.5051727295 16.8523960114 -10.0729818344
799.0500488281 3.6744530201 0.0000000000 0.0000000000 7.5382761955 16.2196636200 -4.1460552216
797.5064697266 3.6798572540 0.0000000000 0.0000000000 7.5819134712 15.8454179764 2.4194235802
797.7407226562 3.6851692200 0.0000000000 0.0000000000 7.6058344841 15.5391492844 6.4007554054
798.7709350586 3.6901850700 0.0000000000 0.0000000000 7.6102170944 16.0132884979 8.2016773224
798.9307250977 3.6944382191 0.0000000000 0.0000000000 7.5821394920 16.2490234375 7.6734380722
798.1079711914 3.6981332302 0.0000000000 0.0000000000 7.5376143456 16.0142498016 5.4683113098
796.9541625977 3.7014803886 0.0000000000 0.0000000000 7.5178265572 15.6007375717 1.9276704788
796.0285644531 3.7044713497 0.0000000000 0.0000000000 7.4920263290 15.4786701202 -3.5944111347
796.8204345703 3.7077186108 0.0000000000 0.0000000000 7.4985346794 15.6983404160 -8.6121778488
798.7860107422 3.7113888264 0.0000000000 0.0000000000 7.5231304169 15.5687580109 -11.2728672028
798.4404296875 3.7156188488 0.0000000000 0.0000000000 7.5465807915 15.1935501099 -8.8886041641
796.1979370117 3.7206940651 0.0000000000 0.0000000000 7.6228666306 14.8972311020 -2.1806898117
796.8222656250 3.7254581451 0.0000000000 0.0000000000 7.7524018288 14.6531829834 3.6765413284
796.5767822266 3.7290084362 0.0000000000 0.0000000000 7.7687907219 14.4966983795 7.9057660103
796.6905517578 3.7315671444 0.0000000000 0.0000000000 7.6604914665 15.2296800613 8.9710092545
798.6422729492 3.7340791225 0.0000000000 0.0000000000 7.6582126617 16.8245964050 7.5555791855
798.6896972656 3.7363085747 0.0000000000 0.0000000000 7.5870881081 17.0604763031 4.3558998108
798.1750488281 3.7382504940 0.0000000000 0.0000000000 7.5553512573 16.1561012268 -0.1916693300
798.1344604492 3.7397603989 0.0000000000 0.0000000000 7.5181674957 15.4920988083 -6.1475124359
799.5888061523 3.7414457798 0.0000000000 0.0000000000 7.5317769051 15.4041051865 -10.9739809036
801.1599731445 3.7436077595 0.0000000000 0.0000000000 7.5667662621 15.6556396484 -12.1626119614
799.8096313477 3.7469272614 0.0000000000 0.0000000000 7.5906910896 15.6181764603 -8.1275959015
797.1587524414 3.7515535355 0.0000000000 0.0000000000 7.6248912811 15.1289567947 -1.0214908123
796.5274658203 3.7562777996 0.0000000000 0.0000000000 7.6605448723 14.4397401810 4.5663480759
796.5028076172 3.7604091167 0.0000000000 0.0000000000 7.6655921936 13.9263172150 7.7162842751
796.5618896484 3.7641041279 0.0000000000 0.0000000000 7.6767930984 14.2322664261 8.6371717453
797.0986328125 3.7670755386 0.0000000000 0.0000000000 7.6922855377 14.8557147980 7.2767958641
796.5689086914 3.7696325779 0.0000000000 0.0000000000 7.6793322563 14.9817352295 4.2466216087
795.6256713867 3.7718806267 0.0000000000 0.0000000000 7.6482520103 15.0563449860 -0.4908268452
795.3963623047 3.7740187645 0.0000000000 0.0000000000 7.6430640221 14.7217807770 -5.6364293098
796.8159790039 3.7764196396 0.0000000000 0.0000000000 7.6585335732 14.9333057404 -10.5685262680
798.2670288086 3.7798283100 0.0000000000 0.0000000000 7.7026481628 15.1429815292 -10.7375230789
797.7192382812 3.7840659618 0.0000000000 0.0000000000 7.7158522606 15.1236925125 -7.0638341904
797.2867431641 3.7891836166 0.0000000000 0.0000000000 7.7496833801 14.9193029404 0.1783519983
797.0813598633 3.7941536903 0.0000000000 0.0000000000 7.7509384155 14.7176923752 6.1866931915
796.2284545898 3.7985916138 0.0000000000 0.0000000000 7.7304968834 15.0447988510 9.1317863464
799.0242309570 3.8025000095 0.0000000000 0.0000000000 7.6707286835 16.0654582977 9.9151439667
800.3859863281 3.8057515621 0.0000000000 0.0000000000 7.5940823555 17.7649993896 7.3517694473
800.3289794922 3.8085811138 0.0000000000 0.0000000000 7.5474920273 18.0029735565 3.4338440895
800.2323608398 3.8111000061 0.0000000000 0.0000000000 7.5167775154 16.6438503265 -1.1235063076
799.6109008789 3.8130970001 0.0000000000 0.0000000000 7.4638614655 15.6782932281 -7.6724548340
801.0234375000 3.8154513836 0.0000000000 0.0000000000 7.4859042168 15.7808246613 -12.2886829376
802.3371582031 3.8184492588 0.0000000000 0.0000000000 7.4948983192 16.0112438202 -12.9235038757
801.1738281250 3.8225078583 0.0000000000 0.0000000000 7.4943618774 15.6946783066 -8.8156795502
799.2375488281 3.8278703690 0.0000000000 0.0000000000 7.5230946541 15.5355482101 -1.7013846636
798.1969604492 3.8335497379 0.0000000000 0.0000000000 7.5415720940 15.4679365158 3.4772033691
797.6293334961 3.8389525414 0.0000000000 0.0000000000 7.5579800606 14.4802350998 7.0997295380
798.3589477539 3.8436994553 0.0000000000 0.0000000000 7.5841131210 14.6181259155 8.9086370468
798.2965087891 3.8475444317 0.0000000000 0.0000000000 7.5647263527 15.3159503937 7.4258604050
797.7109985352 3.8510904312 0.0000000000 0.0000000000 7.5563631058 14.3549499512 5.4548530579
796.7055053711 3.8538792133 0.0000000000 0.0000000000 7.5381984711 13.8240814209 1.3974860907
796.2927856445 3.8563227654 0.0000000000 0.0000000000 7.5117864609 13.2704391479 -4.3471260071
796.4648437500 3.8592216969 0.0000000000 0.0000000000 7.5420913696 13.0167388916 -8.3338966370
796.7067260742 3.8619439602 0.0000000000 0.0000000000 7.5767984390 12.9605455399 -11.1720876694
796.1763916016 3.8655080795 0.0000000000 0.0000000000 7.5930337906 13.4029207230 -9.5244445801
798.1337890625 3.8704957962 0.0000000000 0.0000000000 7.6013603210 12.9580907822 -3.7334325314
798.0556640625 3.8753035069 0.0000000000 0.0000000000 7.7149291039 12.6158475876 2.1890001297
793.9445190430 3.8799865246 0.0000000000 0.0000000000 7.7577233315 13.3618955612 7.2903246880
795.5979003906 3.8847754002 0.0000000000 0.0000000000 7.7682666779 13.9850587845 10.6528167725
797.3458251953 3.8887434006 0.0000000000 0.0000000000 7.7249007225 15.5021915436 9.7109537125
799.0095214844 3.8920209408 0.0000000000 0.0000000000 7.6221513748 16.9365673065 6.1844096184
798.7339477539 3.8950393200 0.0000000000 0.0000000000 7.5437273979 17.0374698639 3.1090290546
798.6031494141 3.8970744610 0.0000000000 0.0000000000 7.4731607437 16.0937099457 -2.3952159882
799.5891113281 3.8984003067 0.0000000000 0.0000000000 7.4390816689 15.6867189407 -9.3415784836
800.4962768555 3.9002265930 0.0000000000 0.0000000000 7.4690146446 16.0370845795 -12.3811264038
800.5413208008 3.9027743340 0.0000000000 0.0000000000 7.4907526970 16.4636325836 -11.1842613220
798.0570678711 3.9061074257 0.0000000000 0.0000000000 7.5047273636 16.5145626068 -7.0211596489
797.1812744141 3.9104952812 0.0000000000 0.0000000000 7.5029683113 16.2478313446 -1.5342702866
796.7938842773 3.9156596661 0.0000000000 0.0000000000 7.5250191689 16.2658996582 4.0379076004
796.5534667969 3.9205241203 0.0000000000 0.0000000000 7.5395545959 16.5252990723 7.1126980782
796.3142089844 3.9247701168 0.0000000000 0.0000000000 7.5233755112 16.7411651611 7.7180261612
796.0593872070 3.9285073280 0.0000000000 0.0000000000 7.4910035133 15.4661178589 7.4290485382
796.1404418945 3.9314861298 0.0000000000 0.0000000000 7.4417290688 14.3431091309 5.4131784439
795.3657836914 3.9334664345 0.0000000000 0.0000000000 7.4062399864 13.6677122116 1.1267453432
795.2255249023 3.9350686073 0.0000000000 0.0000000000 7.3919887543 13.2400732040 -3.9323501587
795.5567016602 3.9369049072 0.0000000000 0.0000000000 7.4009199142 13.3235340118 -8.0175304413
796.4353637695 3.9387888908 0.0000000000 0.0000000000 7.4089303017 13.4083023071 -10.2376041412
796.1080932617 3.9413976669 0.0000000000 0.0000000000 7.4268407822 12.9369068146 -8.8119564056
794.6896362305 3.9450871944 0.0000000000 0.0000000000 7.4654030800 12.5484590530 -3.9463799000
792.9586791992 3.9493489265 0.0000000000 0.0000000000 7.5446739197 12.6694450378 1.5173003674
791.9049072266 3.9538221359 0.0000000000 0.0000000000 7.6087265015 13.0483388901 5.7312264442
792.1154174805 3.9578197002 0.0000000000 0.0000000000 7.6134624481 12.3666048050 7.7243819237
792.6806640625 3.9612760544 0.0000000000 0.0000000000 7.5849423409 12.1870183945 7.8542618752
792.8454589844 3.9641060829 0.0000000000 0.0000000000 7.5492734909 12.5494031906 6.1245951653
793.1511840820 3.9662303925 0.0000000000 0.0000000000 7.4968690872 12.1352348328 2.6736230850
793.2432861328 3.9677829742 0.0000000000 0.0000000000 7.4474434853 11.8077001572 -1.9320691824
793.3651123047 3.9689602852 0.0000000000 0.0000000000 7.4403824806 11.7375364304 -6.5742335320
793.8920898438 3.9701430798 0.0000000000 0.0000000000 7.4789419174 11.8182668686 -9.6594257355
794.4014282227 3.9719617367 0.0000000000 0.0000000000 7.5206160545 12.2266616821 -9.8669643402
794.0205688477 3.9752979279 0.0000000000 0.0000000000 7.5388202667 12.5800628662 -6.3170356750
791.9672851562 3.9800837040 0.0000000000 0.0000000000 7.5401186943 12.2578973770 -0.1462298632
791.9087524414 3.9852581024 0.0000000000 0.0000000000 7.5807867050 11.8429393768 4.9751696587
792.3326416016 3.9902532101 0.0000000000 0.0000000000 7.5932354927 12.0275526047 8.0316600800
792.6875000000 3.9944105148 0.0000000000 0.0000000000 7.5539336205 12.2528162003 8.7491254807
793.6980590820 3.9976398945 0.0000000000 0.0000000000 7.4854488373 12.3792963028 7.1753616333
794.4874877930 4.0003542900 0.0000000000 0.0000000000 7.3700222969 12.4715414047 4.1009798050
794.5175170898 4.0022802353 0.0000000000 0.0000000000 7.2919616699 12.3579826355 -0.2540544868
794.0485839844 4.0037455559 0.0000000000 0.0000000000 7.2818727493 12.0121936798 -5.2973227501
793.9024658203 4.0052475929 0.0000000000 0.0000000000 7.2899031639 12.7047605515 -9.5006446838
795.5389404297 4.0069279671 0.0000000000 0.0000000000 7.2886610031 14.3379125595 -11.5643796921
795.2088012695 4.0091667175 0.0000000000 0.0000000000 7.3076896667 15.5616350174 -9.1621551514
793.9168090820 4.0124125481 0.0000000000 0.0000000000 7.3141250610 14.3441534042 -3.4963140488
793.7368774414 4.0167083740 0.0000000000 0.0000000000 7.3595256805 13.4780426025 2.4186372757
792.6977539062 4.0211834908 0.0000000000 0.0000000000 7.3950862885 12.8116598129 6.7677288055
793.4340820312 4.0253272057 0.0000000000 0.0000000000 7.4220623970 13.0494050980 8.6363143921
794.3236083984 4.0289158821 0.0000000000 0.0000000000 7.3692393303 13.2336750031 8.4048128128
794.3999023438 4.0320177078 0.0000000000 0.0000000000 7.3404450417 13.3121747971 6.1422452927
794.5205688477 4.0346150398 0.0000000000 0.0000000000 7.2979674339 13.0035324097 2.5237631798
794.2709350586 4.0365753174 0.0000000000 0.0000000000 7.2771377563 12.6190357208 -2.0907571316
794.3033447266 4.0379700661 0.0000000000 0.0000000000 7.2700057030 11.9230985641 -6.9982857704
794.8585205078 4.0394172668 0.0000000000 0.0000000000 7.2780041695 11.4859123230 -10.0549621582
794.2310791016 4.0411696434 0.0000000000 0.0000000000 7.3115262985 11.7665548325 -9.7967233658
792.8003540039 4.0437040329 0.0000000000 0.0000000000 7.3720746040 11.8802537918 -6.5806298256
792.1961669922 4.0472078323 0.0000000000 0.0000000000 7.4270792007 11.9018583298 -2.2294383049
792.2539062500 4.0511226654 0.0000000000 0.0000000000 7.4578595161 11.5283041000 1.9519057274
791.1780395508 4.0550475121 0.0000000000 0.0000000000 7.4911112785 11.0831775665 5.9821724892
790.0620117188 4.0588111877 0.0000000000 0.0000000000 7.4758048058 10.9974365234 8.0645122528
790.1771850586 4.0618600845 0.0000000000 0.0000000000 7.3995866776 11.1784591675 7.7453479767
791.8861083984 4.0642957687 0.0000000000 0.0000000000 7.3470158577 10.9161815643 5.3658084869
792.8038330078 4.0661363602 0.0000000000 0.0000000000 7.2825841904 10.6620044708 1.8341355324
792.8789672852 4.0669426918 0.0000000000 0.0000000000 7.2197537422 10.3925046921 -2.6696300507
793.2394409180 4.0674920082 0.0000000000 0.0000000000 7.1919674873 9.8742208481 -7.0345573425
794.0339355469 4.0682606697 0.0000000000 0.0000000000 7.1796336174 9.8921489716 -9.2704963684
793.7338867188 4.0693259239 0.0000000000 0.0000000000 7.1749138832 10.6806821823 -8.3566503525
792.8200683594 4.0712161064 0.0000000000 0.0000000000 7.2107787132 10.8646221161 -4.5592226982
792.2848510742 4.0737385750 0.0000000000 0.0000000000 7.2863616943 9.9059362411 -0.0796923041
791.8151855469 4.0764288902 0.0000000000 0.0000000000 7.3419671059 9.3507671356 4.1955499649
790.8775634766 4.0787549019 0.0000000000 0.0000000000 7.3669342995 9.2764301300 6.9571862221
790.9123535156 4.0809311867 0.0000000000 0.0000000000 7.3335266113 9.2961015701 7.5316486359
791.8066406250 4.0824809074 0.0000000000 0.0000000000 7.3066143990 10.0290718079 6.0030436516
792.8001708984 4.0833554268 0.0000000000 0.0000000000 7.2910718918 9.8555955887 2.9111528397
792.8660278320 4.0839700699 0.0000000000 0.0000000000 7.2670702934 9.6833868027 -0.9328821898
792.1837158203 4.0840821266 0.0000000000 0.0000000000 7.2435865402 9.5697383881 -5.4571733475
792.2636108398 4.0841717720 0.0000000000 0.0000000000 7.2646441460 9.3785934448 -8.9978637695
793.3326416016 4.0846052170 0.0000000000 0.0000000000 7.2972273827 9.4741706848 -10.3800067902
795.5070190430 4.0855307579 0.0000000000 0.0000000000 7.3056664467 9.5391798019 -8.5445737839
794.4525146484 4.0875973701 0.0000000000 0.0000000000 7.3465542793 9.5795049667 -2.1384994984
791.6870727539 4.0909037590 0.0000000000 0.0000000000 7.3593578339 10.1080961227 4.8347511292
793.1293945312 4.0945935249 0.0000000000 0.0000000000 7.3434066772 11.3393402100 8.5526094437
794.3737792969 4.0978350639 0.0000000000 0.0000000000 7.2659459114 12.7007217407 9.6200380325
795.8538818359 4.1005721092 0.0000000000 0.0000000000 7.1131968498 13.5992193222 8.3199644089
797.4102783203 4.1026058197 0.0000000000 0.0000000000 7.0896582603 14.4006452560 5.1101517677
797.8837280273 4.1038360596 0.0000000000 0.0000000000 7.0415992737 13.9482975006 0.3478745818
797.5977783203 4.1043701172 0.0000000000 0.0000000000 6.9873991013 12.9480009079 -4.6939578056
797.6998291016 4.1044311523 0.0000000000 0.0000000000 6.9707775116 12.4819593430 -9.6389837265
798.3894042969 4.1046328545 0.0000000000 0.0000000000 6.9588360786 13.0048933029 -12.2579011917
797.7070312500 4.1055374146 0.0000000000 0.0000000000 6.9683041573 13.5562639236 -10.0590333939
797.3604736328 4.1070814133 0.0000000000 0.0000000000 7.0096082687 13.0055265427 -6.0030755997
797.2351074219 4.1097230911 0.0000000000 0.0000000000 7.0577216148 12.8460788727 -0.9431385994
796.0488891602 4.1129503250 0.0000000000 0.0000000000 7.1041207314 12.1680574417 4.0291051865
794.9276123047 4.1159777641 0.0000000000 0.0000000000 7.1331696510 11.5857839584 7.2445230484
794.7310180664 4.1186971664 0.0000000000 0.0000000000 7.1329450607 11.7255897522 8.5358152390
795.0090942383 4.1208143234 0.0000000000 0.0000000000 7.0840783119 11.7730684280 7.4169807434
795.4490356445 4.1222662926 0.0000000000 0.0000000000 7.0723576546 11.8694934845 4.8938674927
794.8853149414 4.1227579117 0.0000000000 0.0000000000 7.0432486534 11.1770343781 0.6086369157
794.1155395508 4.1228561401 0.0000000000 0.0000000000 7.0134873390 10.3499717712 -3.8965835571
794.1072998047 4.1226701736 0.0000000000 0.0000000000 7.0192890167 9.9184341431 -8.0473175049
794.6783447266 4.1223316193 0.0000000000 0.0000000000 7.0217714310 9.5316305161 -9.8959121704
794.3587646484 4.1227951050 0.0000000000 0.0000000000 7.0711336136 9.8417043686 -7.3358821869
793.5698242188 4.1239514351 0.0000000000 0.0000000000 7.1423048973 9.9910326004 -3.4875812531
792.5153808594 4.1263241768 0.0000000000 0.0000000000 7.2334671021 9.9217605591 1.3378196955
791.5758666992 4.1286668777 0.0000000000 0.0000000000 7.2857418060 9.1461181641 5.2877092361
790.9224853516 4.1304306984 0.0000000000 0.0000000000 7.2997002602 8.5076971054 7.5114650726
790.7413330078 4.1317129135 0.0000000000 0.0000000000 7.2391800880 8.4645357132 7.6232328415
791.3796386719 4.1320309639 0.0000000000 0.0000000000 7.2147426605 8.9690904617 5.2879424095
791.9120483398 4.1319146156 0.0000000000 0.0000000000 7.1775064468 9.2335462570 2.0185959339
791.6691284180 4.1311335564 0.0000000000 0.0000000000 7.1367297173 9.1345815659 -2.7068738937
791.4307250977 4.1300992966 0.0000000000 0.0000000000 7.1456842422 8.8668165207 -7.2859807014
792.3195800781 4.1294817924 0.0000000000 0.0000000000 7.1668353081 8.2568330765 -10.1806993484
793.1717529297 4.1292991638 0.0000000000 0.0000000000 7.1873593330 8.1531877518 -9.5568304062
792.8147583008 4.1302819252 0.0000000000 0.0000000000 7.2352147102 8.6473665237 -4.4521279335
793.5810546875 4.1324424744 0.0000000000 0.0000000000 7.2766280174 8.8743667603 1.5785484314
792.9350585938 4.1351585388 0.0000000000 0.0000000000 7.2863702774 8.9991102219 6.0868353844
793.3944702148 4.1385793686 0.0000000000 0.0000000000 7.2660570145 9.3687868118 8.2916584015
795.6911621094 4.1414322853 0.0000000000 0.0000000000 7.1494379044 9.9100942612 8.0380411148
797.1948242188 4.1435513496 0.0000000000 0.0000000000 7.1080894470 10.8971214294 5.0300598145
797.8483886719 4.1454372406 0.0000000000 0.0000000000 7.0329523087 10.3497896194 1.9625862837
797.4564819336 4.1464977264 0.0000000000 0.0000000000 6.9586968422 9.9542922974 -3.0954086781
797.6655273438 4.1467871666 0.0000000000 0.0000000000 6.9349846840 9.8589315414 -8.0254116058
797.6115722656 4.1473989487 0.0000000000 0.0000000000 6.9424905777 9.2992134094 -9.7965288162
797.2280883789 4.1481251717 0.0000000000 0.0000000000 6.9506735802 9.2247257233 -9.5625743866
797.0648193359 4.1495056152 0.0000000000 0.0000000000 6.9884657860 10.1500463486 -6.1687488556
797.2589721680 4.1516580582 0.0000000000 0.0000000000 7.0498490334 10.4970397949 -1.3584003448
796.2394409180 4.1540617943 0.0000000000 0.0000000000 7.1115393639 10.1261587143 2.9882428646
795.0995483398 4.1565203667 0.0000000000 0.0000000000 7.1688728333 9.5871229172 6.7089157104
794.6542968750 4.1585841179 0.0000000000 0.0000000000 7.1891698837 9.0378255844 8.1076784134
795.0186767578 4.1598310471 0.0000000000 0.0000000000 7.1442351341 8.9980258942 7.2329440117
795.4398193359 4.1606683731 0.0000000000 0.0000000000 7.1385202408 9.3702287674 4.6269354820
795.5462646484 4.1608719826 0.0000000000 0.0000000000 7.1130895615 9.7466268539 0.7101338506
794.8947753906 4.1603941917 0.0000000000 0.0000000000 7.0929489136 9.4990930557 -3.8313503265
794.1475830078 4.1598553658 0.0000000000 0.0000000000 7.1069016457 9.1265735626 -7.6825399399
794.2005615234 4.1593370438 0.0000000000 0.0000000000 7.1428279877 9.0005407333 -9.4377365112
794.6724853516 4.1591401100 0.0000000000 0.0000000000 7.1929206848 9.0948228836 -8.4127521515
795.7298583984 4.1599969864 0.0000000000 0.0000000000 7.2293486595 9.5814228058 -4.8725633621
794.7590942383 4.1621050835 0.0000000000 0.0000000000 7.2929611206 9.4591779709 0.8592456579
793.9161987305 4.1651225090 0.0000000000 0.0000000000 7.3303246498 9.8911838531 6.0096535683
793.3281250000 4.1685166359 0.0000000000 0.0000000000 7.3078265190 9.9271364212 8.6912212372
795.2717895508 4.1711816788 0.0000000000 0.0000000000 7.2058696747 9.8134918213 8.0619525909
797.7680053711 4.1733751297 0.0000000000 0.0000000000 7.1462969780 10.1437520981 5.4814896584
799.0166625977 4.1749997139 0.0000000000 0.0000000000 7.0500478745 10.5464363098 1.8411098719
799.0466918945 4.1757893562 0.0000000000 0.0000000000 6.9949030876 10.5744695663 -3.0063369274
799.0077514648 4.1763434410 0.0000000000 0.0000000000 6.9841151237 10.2155027390 -7.4085984230
799.2714233398 4.1768264771 0.0000000000 0.0000000000 6.9873561859 9.6255874634 -9.8145360947
798.5496826172 4.1774754524 0.0000000000 0.0000000000 7.0072488785 9.4278078079 -9.1475210190
798.0846557617 4.1792316437 0.0000000000 0.0000000000 7.0630855560 10.1081724167 -5.8567285538
797.9796142578 4.1819043159 0.0000000000 0.0000000000 7.1384696960 10.8722105026 -1.3212883472
797.2459106445 4.1846165657 0.0000000000 0.0000000000 7.1920542717 10.6581182480 3.1809411049
796.2667846680 4.1871218681 0.0000000000 0.0000000000 7.2213153839 10.1789426804 6.5593810081
796.3881835938 4.1895079613 0.0000000000 0.0000000000 7.2225055695 9.5993642807 8.0561027527
797.2855224609 4.1913843155 0.0000000000 0.0000000000 7.1409711838 9.7686109543 6.5864109993
798.0828247070 4.1926136017 0.0000000000 0.0000000000 7.1187014580 10.1899433136 4.1422486305
797.9381713867 4.1933274269 0.0000000000 0.0000000000 7.0898375511 10.1723041534 -0.2063852251
797.3519287109 4.1935548782 0.0000000000 0.0000000000 7.0625376701 9.9829568863 -4.5116062164
796.6619873047 4.1933588982 0.0000000000 0.0000000000 7.0693097115 9.6996679306 -7.8447380066
797.1914062500 4.1931409836 0.0000000000 0.0000000000 7.0844664574 9.4939250946 -9.7788944244
796.8879394531 4.1935558319 0.0000000000 0.0000000000 7.1521129608 9.6624784470 -7.6699547768
795.7504882812 4.1954116821 0.0000000000 0.0000000000 7.2336616516 10.2183828354 -3.3930118084
796.0783081055 4.1982536316 0.0000000000 0.0000000000 7.3378872871 10.1473073959 1.5990253687
795.0084838867 4.2012925148 0.0000000000 0.0000000000 7.3814854622 9.8813924789 6.3520669937
794.6124877930 4.2042670250 0.0000000000 0.0000000000 7.3701882362 9.5379076004 8.2409515381
796.4993286133 4.2067198753 0.0000000000 0.0000000000 7.2903137207 9.2807693481 7.9139709473
797.5819702148 4.2085452080 0.0000000000 0.0000000000 7.2358312607 10.1011457443 5.1258821487
798.2787475586 4.2098288536 0.0000000000 0.0000000000 7.1902880669 10.4802856445 1.3270366192
798.4024047852 4.2104721069 0.0000000000 0.0000000000 7.1413297653 10.4433088303 -2.9668259621
798.3688964844 4.2103776932 0.0000000000 0.0000000000 7.1302266121 10.2590579987 -7.5695519447
798.0786132812 4.2100534439 0.0000000000 0.0000000000 7.1358370781 10.3024883270 -9.4332942963
797.3244018555 4.2102932930 0.0000000000 0.0000000000 7.1747994423 10.4658794403 -8.3754100800
797.4345703125 4.2113132477 0.0000000000 0.0000000000 7.2216968536 10.5863208771 -5.4191765785
798.3873291016 4.2132992744 0.0000000000 0.0000000000 7.2676377296 10.6036300659 -1.0600848198
796.4404907227 4.2160439491 0.0000000000 0.0000000000 7.3133745193 10.5913791656 3.8112630844
794.8774414062 4.2189092636 0.0000000000 0.0000000000 7.3396735191 10.7742204666 7.3674159050
795.4783325195 4.2213835716 0.0000000000 0.0000000000 7.3032751083 10.8403549194 8.0306434631
797.0001831055 4.2231431007 0.0000000000 0.0000000000 7.2008152008 11.0028562546 6.4933447838
797.7858276367 4.2241148949 0.0000000000 0.0000000000 7.1431617737 10.9869194031 3.3908269405
797.4819335938 4.2244925499 0.0000000000 0.0000000000 7.0847058296 10.6618642807 -0.9493967295
796.9118041992 4.2243189812 0.0000000000 0.0000000000 7.0568928719 10.0073852539 -5.4509305954
796.2926635742 4.2237439156 0.0000000000 0.0000000000 7.0515608788 9.7135267258 -8.8254251480
796.2205810547 4.2231559753 0.0000000000 0.0000000000 7.0812225342 9.4365358353 -9.8033456802
797.8685302734 4.2232255936 0.0000000000 0.0000000000 7.1987862587 9.9442815781 -7.4958229065
799.1583251953 4.2245235443 0.0000000000 0.0000000000 7.2789731026 10.3704757690 -2.5125141144
795.5014648438 4.2268996239 0.0000000000 0.0000000000 7.2978186607 10.5668897629 4.0647087097
795.7676391602 4.2298364639 0.0000000000 0.0000000000 7.3425288200 10.9341707230 7.8554644585
796.9652099609 4.2324500084 0.0000000000 0.0000000000 7.3354415894 11.0185651779 8.9070358276
798.5050048828 4.2346997261 0.0000000000 0.0000000000 7.2382640839 11.2561998367 7.3239698410
799.9968872070 4.2364773750 0.0000000000 0.0000000000 7.1971631050 11.7997512817 4.3727002144
800.0773925781 4.2374815941 0.0000000000 0.0000000000 7.1439914703 11.7984075546 -0.5747927427
799.4373779297 4.2377867699 0.0000000000 0.0000000000 7.1051192284 11.4454755783 -5.1780843735
799.3142700195 4.2374672890 0.0000000000 0.0000000000 7.1127095222 11.1222610474 -9.3524885178
799.4987792969 4.2370853424 0.0000000000 0.0000000000 7.1195087433 11.0740919113 -10.9128990173
800.5306396484 4.2375559807 0.0000000000 0.0000000000 7.1742143631 11.7372894287 -8.8348503113
800.7619018555 4.2387890816 0.0000000000 0.0000000000 7.2239618301 11.7576398849 -4.6869845390
798.7633666992 4.2409000397 0.0000000000 0.0000000000 7.2660427094 11.6200962067 1.5769572258
797.8240966797 4.2436938286 0.0000000000 0.0000000000 7.3272361755 11.7095174789 6.3756909370
797.4234619141 4.2465524673 0.0000000000 0.0000000000 7.3400206566 11.4016370773 8.4307098389
798.6743774414 4.2489619255 0.0000000000 0.0000000000 7.2737250328 10.8851232529 8.3309755325
799.2345581055 4.2508940697 0.0000000000 0.0000000000 7.2106385231 10.9473485947 5.3418607712
799.1770629883 4.2521381378 0.0000000000 0.0000000000 7.1550207138 11.2082052231 1.6057729721
798.2155761719 4.2528967857 0.0000000000 0.0000000000 7.1026310921 10.8622150421 -3.4052498341
797.6744995117 4.2531409264 0.0000000000 0.0000000000 7.1068577766 10.5343809128 -8.6888360977
798.4204711914 4.2531332970 0.0000000000 0.0000000000 7.1570415497 10.8256931305 -11.2919950485
801.3887329102 4.2536120415 0.0000000000 0.0000000000 7.2316665649 10.7143020630 -11.1779451370
800.9912719727 4.2556834221 0.0000000000 0.0000000000 7.2925200462 11.1487941742 -5.2012634277
799.3193359375 4.2585887909 0.0000000000 0.0000000000 7.3400082588 11.0746412277 2.5200562477
798.1112060547 4.2619409561 0.0000000000 0.0000000000 7.3752593994 10.8194932938 7.8048195839
799.2358398438 4.2653155327 0.0000000000 0.0000000000 7.3925514221 11.3213186264 9.7491207123
800.4729614258 4.2683510780 0.0000000000 0.0000000000 7.3030304909 12.3323717117 8.6470117569
802.0405883789 4.2707810402 0.0000000000 0.0000000000 7.2307009697 13.3644638062 5.9160871506
802.6798706055 4.2720766068 0.0000000000 0.0000000000 7.1724295616 13.1351652145 1.2994709015
802.4938354492 4.2726297379 0.0000000000 0.0000000000 7.1269936562 12.5466384888 -4.5885977745
801.7045288086 4.2727880478 0.0000000000 0.0000000000 7.1249942780 12.3488426208 -8.7514324188
801.3875122070 4.2724947929 0.0000000000 0.0000000000 7.1352639198 11.8584852219 -11.3879776001
801.9596557617 4.2726159096 0.0000000000 0.0000000000 7.1769247055 11.7921495438 -10.5678977966
803.1619262695 4.2734093666 0.0000000000 0.0000000000 7.2461280823 11.8824481964 -6.7212390900
802.3652343750 4.2748398781 0.0000000000 0.0000000000 7.2918081284 11.7217359543 -0.9917094707
800.1225585938 4.2768325806 0.0000000000 0.0000000000 7.3335843086 11.5928440094 5.5254836082
800.4804687500 4.2791495323 0.0000000000 0.0000000000 7.3538174629 11.9085617065 8.7672204971
801.8057250977 4.2811198235 0.0000000000 0.0000000000 7.3405871391 13.0565795898 9.2993621826
802.9713134766 4.2825241089 0.0000000000 0.0000000000 7.2332687378 13.9619188309 7.4225730896
804.3005371094 4.2829689980 0.0000000000 0.0000000000 7.1290898323 13.3601446152 3.5836067200
804.1789550781 4.2827401161 0.0000000000 0.0000000000 7.0594530106 13.0933322906 -1.4276641607
803.6353759766 4.2816004753 0.0000000000 0.0000000000 7.0347018242 12.6982831955 -6.1952733994
802.9096069336 4.2804093361 0.0000000000 0.0000000000 7.0191521645 12.3843536377 -10.3168992996
802.3280029297 4.2794103622 0.0000000000 0.0000000000 7.0349225998 12.6759290695 -10.3916883469
802.6361694336 4.2787432671 0.0000000000 0.0000000000 7.1059575081 13.3101215363 -8.7309885025
803.8034057617 4.2790656090 0.0000000000 0.0000000000 7.2007856369 13.7052640915 -4.2321538925
802.1896972656 4.2805814743 0.0000000000 0.0000000000 7.3073010445 12.8058395386 1.6816054583
801.0858154297 4.2826967239 0.0000000000 0.0000000000 7.3819098473 12.7193746567 6.3462018967
801.1473388672 4.2853488922 0.0000000000 0.0000000000 7.4205751419 13.5885992050 8.5575714111
802.0764160156 4.2875647545 0.0000000000 0.0000000000 7.3799390793 13.9605865479 8.4237232208
803.0408935547 4.2892031670 0.0000000000 0.0000000000 7.3269810677 14.8066282272 5.4388589859
803.3657226562 4.2902054787 0.0000000000 0.0000000000 7.3181743622 15.4161634445 1.7133725882
802.0466308594 4.2906050682 0.0000000000 0.0000000000 7.3007121086 14.6448640823 -3.1464500427
800.9374389648 4.2905240059 0.0000000000 0.0000000000 7.2979698181 13.6936388016 -8.2537174225
799.4920043945 4.2900457382 0.0000000000 0.0000000000 7.3644990921 13.5750885010 -8.6792879105
802.3082275391 4.2899885178 0.0000000000 0.0000000000 7.4364566803 13.8138704300 -11.0904808044
804.9603271484 4.2910275459 0.0000000000 0.0000000000 7.4827065468 13.5163135529 -6.5820617676
802.9270629883 4.2937812805 0.0000000000 0.0000000000 7.5100426674 13.4945011139 1.0992107391
799.6657714844 4.2975325584 0.0000000000 0.0000000000 7.5011496544 14.1422491074 6.8514223099
802.1167602539 4.3014507294 0.0000000000 0.0000000000 7.4412722588 14.6906766891 9.1647386551
804.5756835938 4.3051381111 0.0000000000 0.0000000000 7.3287010193 15.3931674957 8.0351076126
805.9375000000 4.3085265160 0.0000000000 0.0000000000 7.1955986023 16.1571388245 5.9851331711
806.0255126953 4.3107614517 0.0000000000 0.0000000000 7.1386795044 16.6259231567 1.5232985020
806.1386108398 4.3120808601 0.0000000000 0.0000000000 7.0995640755 15.8690567017 -3.8296542168
805.2315673828 4.3130021095 0.0000000000 0.0000000000 7.0917167664 14.9809637070 -6.8256864548
804.8796997070 4.3133988380 0.0000000000 0.0000000000 7.0757546425 13.7724504471 -10.4954662323
804.4421997070 4.3137278557 0.0000000000 0.0000000000 7.0906953812 13.5095443726 -9.6516971588
805.3858032227 4.3145890236 0.0000000000 0.0000000000 7.1481294632 14.4095277786 -6.7295928001
805.7553100586 4.3163933754 0.0000000000 0.0000000000 7.1897273064 14.6174030304 -2.6042463779
804.7645263672 4.3187994957 0.0000000000 0.0000000000 7.2417664528 13.8865756989 3.0428447723
804.1036376953 4.3214702606 0.0000000000 0.0000000000 7.2692737579 12.8701477051 6.6460461617
804.2012939453 4.3237214088 0.0000000000 0.0000000000 7.2602729797 12.4124145508 8.2003288269
804.3562622070 4.3252620697 0.0000000000 0.0000000000 7.2428178787 12.9330596924 7.5171022415
805.8637084961 4.3261508942 0.0000000000 0.0000000000 7.1780443192 13.4917707443 4.9202327728
805.3670654297 4.3261604309 0.0000000000 0.0000000000 7.1423358917 13.6793365479 0.3071206808
805.1885375977 4.3253159523 0.0000000000 0.0000000000 7.1379666328 12.9731388092 -3.1630969048
804.7357788086 4.3244023323 0.0000000000 0.0000000000 7.1282424927 12.3555002213 -8.3268718719
804.1605834961 4.3233137131 0.0000000000 0.0000000000 7.1538519859 12.0634193420 -7.6436295509
804.3601684570 4.3225545883 0.0000000000 0.0000000000 7.1860547066 12.1049289703 -8.5283746719
804.3106689453 4.3227891922 0.0000000000 0.0000000000 7.2214927673 12.2267570496 -3.8563396931
803.3223876953 4.3238134384 0.0000000000 0.0000000000 7.2557358742 11.7669315338 0.0880218148
802.9841918945 4.3259153366 0.0000000000 0.0000000000 7.2972722054 10.9710865021 3.9916415215
803.0524291992 4.3283748627 0.0000000000 0.0000000000 7.3268666267 9.8535833359 6.5401921272
802.6183471680 4.3307094574 0.0000000000 0.0000000000 7.3005647659 9.8069248199 6.6691637039
804.3851318359 4.3322534561 0.0000000000 0.0000000000 7.2826290131 10.7003784180 5.5858669281
804.2398071289 4.3332834244 0.0000000000 0.0000000000 7.2522535324 11.2810735703 1.6695780754
803.7736816406 4.3340620995 0.0000000000 0.0000000000 7.2427983284 10.8080263138 -1.1702415943
802.9727172852 4.3341937065 0.0000000000 0.0000000000 7.2245626450 9.5660638809 -5.0140671730
802.4619140625 4.3340563774 0.0000000000 0.0000000000 7.2317943573 8.7382955551 -7.6270895004
