#         rmsthk      stdthk       rmsvel       stdvel       rmsdiv       stddiv       rmsusurf       stdusurf
-0.0000000000 0.0000000000 -59.8933258057 122.6139068604 0.0000000000 0.0000000000 0.0000000000 0.0000000000
0.0087019391 0.4904226661 -59.7405281067 122.5491561890 0.0000000000 0.0000000000 0.0000000000 0.0000000000
0.0310270246 0.9534524083 -58.9295463562 122.8622970581 0.0000000000 0.0000000000 0.0000000000 0.0000000000
0.0715644583 1.3989231586 -58.2037200928 123.1169128418 0.0000000000 0.0000000000 0.0000000000 0.0000000000
0.1245259121 1.8417378664 -57.8393211365 123.2020187378 0.0000000000 0.0000000000 0.0000000000 0.0000000000
0.1802465171 2.2868618965 -57.7372550964 123.1648635864 0.0000000000 0.0000000000 0.0000000000 0.0000000000
0.2343495637 2.7322759628 -57.7348709106 123.0643997192 0.0000000000 0.0000000000 0.0000000000 0.0000000000
0.2864618301 3.1757595539 -57.7157058716 122.9415817261 0.0000000000 0.0000000000 0.0000000000 0.0000000000
0.3368637264 3.6160809994 -57.6048774719 122.8218536377 0.0000000000 0.0000000000 0.0000000000 0.0000000000
0.3853519559 4.0527272224 -57.3655166626 122.7350540161 0.0000000000 0.0000000000 0.0000000000 0.0000000000
0.4317332506 4.4857711792 -57.0029907227 122.7008895874 0.0000000000 0.0000000000 0.0000000000 0.0000000000
0.4756615460 4.9160175323 -56.5392303467 122.7327499390 0.0000000000 0.0000000000 0.0000000000 0.0000000000
0.5169856548 5.3439402580 -56.0005035400 122.8388595581 0.0000000000 0.0000000000 0.0000000000 0.0000000000
0.5554010272 5.7696833611 -55.4119987488 123.0250396729 0.0000000000 0.0000000000 0.0000000000 0.0000000000
0.5903800130 6.1937046051 -54.8105163574 123.2778778076 0.0000000000 0.0000000000 0.0000000000 0.0000000000
0.6216146350 6.6162357330 -54.2339820862 123.5745468140 0.0000000000 0.0000000000 0.0000000000 0.0000000000
0.6490849853 7.0371084213 -53.7148170471 123.8922119141 0.0000000000 0.0000000000 0.0000000000 0.0000000000
0.6725785732 7.4563937187 -53.2896080017 124.2109222412 0.0000000000 0.0000000000 0.0000000000 0.0000000000
0.6921484470 7.8740272522 -52.9870452881 124.5116958618 0.0000000000 0.0000000000 0.0000000000 0.0000000000
0.7083146572 8.2899312973 -52.8120079041 124.7996292114 0.0000000000 0.0000000000 0.0000000000 0.0000000000
0.7215383053 8.7038621902 -52.7168426514 125.1048965454 0.0000000000 0.0000000000 0.0000000000 0.0000000000
0.7322756648 9.1155147552 -52.6125717163 125.4842987061 0.0000000000 0.0000000000 0.0000000000 0.0000000000
0.7407242656 9.5249557495 -52.4402389526 125.9766616821 0.0000000000 0.0000000000 0.0000000000 0.0000000000
0.7467146516 9.9322214127 -52.1786308289 126.6016845703 0.0000000000 0.0000000000 0.0000000000 0.0000000000
0.7503067851 10.3373479843 -51.8530273438 127.3613357544 0.0000000000 0.0000000000 0.0000000000 0.0000000000
0.7514746189 10.7407932281 -51.5104637146 128.2050018311 0.0000000000 0.0000000000 0.0000000000 0.0000000000
0.7501534820 11.1427049637 -51.3025550842 129.0098114014 0.0000000000 0.0000000000 0.0000000000 0.0000000000
0.7464097142 11.5431013107 -51.3329391479 129.6749877930 0.0000000000 0.0000000000 0.0000000000 0.0000000000
0.7405881882 11.9417829514 -51.5648803711 130.1797790527 0.0000000000 0.0000000000 0.0000000000 0.0000000000
0.7333883643 12.3382225037 -51.8542823792 130.6154937744 0.0000000000 0.0000000000 0.0000000000 0.0000000000
0.7255625129 12.7318134308 -52.0784034729 131.0777587891 0.0000000000 0.0000000000 0.0000000000 0.0000000000
0.7175129652 13.1222658157 -52.2095909119 131.5877838135 0.0000000000 0.0000000000 0.0000000000 0.0000000000
0.7093157768 13.5093393326 -52.2891616821 132.1008453369 0.0000000000 0.0000000000 0.0000000000 0.0000000000
0.7011242509 13.8930034637 -52.3913917542 132.5224304199 0.0000000000 0.0000000000 0.0000000000 0.0000000000
0.6930954456 14.2730436325 -52.5285644531 132.8133544922 0.0000000000 0.0000000000 0.0000000000 0.0000000000
0.6852819324 14.6494188309 -52.6660919189 132.9934997559 0.0000000000 0.0000000000 0.0000000000 0.0000000000
0.6777909398 15.0219297409 -52.7823867798 133.0767822266 0.0000000000 0.0000000000 0.0000000000 0.0000000000
0.6706215739 15.3907995224 -52.8642082214 133.0725708008 0.0000000000 0.0000000000 0.0000000000 0.0000000000
0.6638686657 15.7559881210 -52.9078025818 132.9871826172 0.0000000000 0.0000000000 0.0000000000 0.0000000000
0.6574389338 16.1176357269 -52.9280357361 132.8055877686 0.0000000000 0.0000000000 0.0000000000 0.0000000000
0.6513125300 16.4759654999 -52.9322013855 132.5257568359 0.0000000000 0.0000000000 0.0000000000 0.0000000000
0.6454536915 16.8312358856 -52.8909530640 132.1919555664 0.0000000000 0.0000000000 0.0000000000 0.0000000000
0.6399086714 17.1838722229 -52.7405433655 131.8830413818 0.0000000000 0.0000000000 0.0000000000 0.0000000000
0.6346268654 17.5342025757 -52.4528121948 131.6331176758 0.0000000000 0.0000000000 0.0000000000 0.0000000000
0.6293452382 17.8828563690 -52.0362281799 131.4394836426 0.0000000000 0.0000000000 0.0000000000 0.0000000000
0.6237584949 18.2304592133 -51.5391807556 131.2629241943 0.0000000000 0.0000000000 0.0000000000 0.0000000000
0.6175681949 18.5776462555 -50.9734230042 131.1111907959 0.0000000000 0.0000000000 0.0000000000 0.0000000000
0.6103344560 18.9249801636 -50.2708511353 131.0887145996 0.0000000000 0.0000000000 0.0000000000 0.0000000000
0.6016728878 19.2729721069 -49.2941703796 131.3836212158 0.0000000000 0.0000000000 0.0000000000 0.0000000000
0.5912400484 19.6223239899 -47.9194564819 132.1962127686 0.0000000000 0.0000000000 0.0000000000 0.0000000000
0.5783421993 19.9741744995 -46.0189018250 133.7660827637 0.0000000000 0.0000000000 0.0000000000 0.0000000000
0.5620511174 20.3298549652 -43.3157081604 136.5524749756 0.0000000000 0.0000000000 0.0000000000 0.0000000000
0.5407651663 20.6910800934 -39.6235275269 140.9157409668 0.0000000000 0.0000000000 0.0000000000 0.0000000000
0.5114435554 21.0593280792 -34.8152847290 147.2644042969 0.0000000000 0.0000000000 0.0000000000 0.0000000000
0.4713485837 21.4360675812 -29.5000457764 154.9708709717 0.0000000000 0.0000000000 0.0000000000 0.0000000000
0.4184463024 21.8222293854 -23.7647151947 164.0206146240 0.0000000000 0.0000000000 0.0000000000 0.0000000000
0.3520087004 22.2179698944 -16.7463893890 175.4611968994 0.0000000000 0.0000000000 0.0000000000 0.0000000000
0.2712645531 22.6229953766 -8.1206521988 189.5453948975 0.0000000000 0.0000000000 0.0000000000 0.0000000000
0.1748182178 23.0374393463 1.7743672132 205.6883544922 0.0000000000 0.0000000000 0.0000000000 0.0000000000
0.0628081709 23.4618949890 12.1367959976 222.6199493408 0.0000000000 0.0000000000 0.0000000000 0.0000000000
-0.0648109615 23.8975868225 23.1305961609 240.7535552979 0.0000000000 0.0000000000 0.0000000000 0.0000000000
-0.2073322982 24.3451480865 34.8352661133 260.1172485352 0.0000000000 0.0000000000 0.0000000000 0.0000000000
-0.3639265895 24.8038120270 47.3106498718 280.4729003906 0.0000000000 0.0000000000 0.0000000000 0.0000000000
-0.5328427553 25.2727279663 58.4403724670 298.7520751953 0.0000000000 0.0000000000 0.0000000000 0.0000000000
-0.7138314247 25.7522907257 63.5433654785 308.2471008301 0.0000000000 0.0000000000 0.0000000000 0.0000000000
-0.9047893286 26.2424774170 61.0604248047 305.8965759277 0.0000000000 0.0000000000 0.0000000000 0.0000000000
-1.1010767221 26.7394523621 53.5050811768 293.2199707031 0.0000000000 0.0000000000 0.0000000000 0.0000000000
-1.2979159355 27.2379188538 44.5678253174 272.8551025391 0.0000000000 0.0000000000 0.0000000000 0.0000000000
-1.4951441288 27.7324428558 35.5831985474 247.7850341797 0.0000000000 0.0000000000 0.0000000000 0.0000000000
-1.6909594536 28.2196025848 27.0493412018 221.2978820801 0.0000000000 0.0000000000 0.0000000000 0.0000000000
-1.8823840618 28.6965656281 19.2472820282 196.7121582031 0.0000000000 0.0000000000 0.0000000000 0.0000000000
-2.0676536560 29.1613006592 12.0264196396 176.1547393799 0.0000000000 0.0000000000 0.0000000000 0.0000000000
-2.2454714775 29.6131553650 5.1385216713 160.4945068359 0.0000000000 0.0000000000 0.0000000000 0.0000000000
-2.4152739048 30.0515995026 -1.5285950899 148.7981719971 0.0000000000 0.0000000000 0.0000000000 0.0000000000
-2.5760858059 30.4763202667 -8.3050327301 139.4495849609 0.0000000000 0.0000000000 0.0000000000 0.0000000000
-2.7269463539 30.8872337341 -15.2940025330 131.3920593262 0.0000000000 0.0000000000 0.0000000000 0.0000000000
-2.8670513630 31.2837429047 -22.2294235229 124.4161224365 0.0000000000 0.0000000000 0.0000000000 0.0000000000
-2.9953596592 31.6651134491 -28.7768039703 118.6761398315 0.0000000000 0.0000000000 0.0000000000 0.0000000000
-3.1109418869 32.0309906006 -34.7874641418 114.1533432007 0.0000000000 0.0000000000 0.0000000000 0.0000000000
-3.2133755684 32.3810157776 -40.2410697937 110.7893295288 0.0000000000 0.0000000000 0.0000000000 0.0000000000
-3.3026661873 32.7146682739 -45.0185699463 108.5459823608 0.0000000000 0.0000000000 0.0000000000 0.0000000000
-3.3790593147 33.0316963196 -49.1897583008 107.2817077637 0.0000000000 0.0000000000 0.0000000000 0.0000000000
-3.4432258606 33.3323211670 -52.8689651489 106.8547363281 0.0000000000 0.0000000000 0.0000000000 0.0000000000
-3.4961407185 33.6169395447 -56.1079978943 107.1469345093 0.0000000000 0.0000000000 0.0000000000 0.0000000000
-3.5387282372 33.8860969543 -58.9298210144 108.0202407837 0.0000000000 0.0000000000 0.0000000000 0.0000000000
-3.5719611645 34.1401481628 -61.3479270935 109.3601531982 0.0000000000 0.0000000000 0.0000000000 0.0000000000
-3.5966885090 34.3796081543 -63.3907470703 111.0194473267 0.0000000000 0.0000000000 0.0000000000 0.0000000000
-3.6138861179 34.6050987244 -65.0894851685 112.8393096924 0.0000000000 0.0000000000 0.0000000000 0.0000000000
-3.6244411469 34.8173599243 -66.4961624146 114.6736602783 0.0000000000 0.0000000000 0.0000000000 0.0000000000
-3.6289930344 35.0173454285 -67.6387939453 116.4268035889 0.0000000000 0.0000000000 0.0000000000 0.0000000000
-3.6282782555 35.2061195374 -68.5417175293 118.0131835938 0.0000000000 0.0000000000 0.0000000000 0.0000000000
-3.6228246689 35.3846168518 -69.2387084961 119.3672180176 0.0000000000 0.0000000000 0.0000000000 0.0000000000
-3.6132502556 35.5537109375 -69.7579956055 120.4518051147 0.0000000000 0.0000000000 0.0000000000 0.0000000000
-3.6000716686 35.7142257690 -70.1311492920 121.2628021240 0.0000000000 0.0000000000 0.0000000000 0.0000000000
-3.5837485790 35.8668670654 -70.4041595459 121.8721542358 0.0000000000 0.0000000000 0.0000000000 0.0000000000
-3.5646815300 36.0123634338 -70.6051712036 122.3267517090 0.0000000000 0.0000000000 0.0000000000 0.0000000000
-3.5430898666 36.1513977051 -70.7542724609 122.6614227295 0.0000000000 0.0000000000 0.0000000000 0.0000000000
-3.5192294121 36.2845382690 -70.8665084839 122.9096603394 0.0000000000 0.0000000000 0.0000000000 0.0000000000
-3.4934408665 36.4124412537 -70.9537963867 123.0990066528 0.0000000000 0.0000000000 0.0000000000 0.0000000000
-3.4658658504 36.5355453491 -71.0223922729 123.2454910278 0.0000000000 0.0000000000 0.0000000000 0.0000000000
