#         COST_U        COST_H      COST_D       COST_S       REGU_H       REGU_S          HPO           COSTGLEN 
145.6262969971 0.0000000000 0.0000000000 0.0000000000 16.2091617584 0.0000000000 0.5258252025
132.8387451172 0.0000830911 0.0000000000 0.0000000000 15.9895925522 744.2002563477 0.4506370127
126.7544021606 0.0003476962 0.0000000000 0.0000000000 15.4465007782 2246.9062500000 0.3717740476
122.5308532715 0.0007977952 0.0000000000 0.0000000000 14.9532737732 2289.3369140625 0.3078572154
119.4022827148 0.0014236077 0.0000000000 0.0000000000 14.5160570145 1706.8900146484 0.2576928735
117.1456375122 0.0022096562 0.0000000000 0.0000000000 14.1342210770 1178.9868164062 0.2170254588
115.5293884277 0.0031380644 0.0000000000 0.0000000000 13.8038415909 1130.3471679688 0.1837521940
114.3651351929 0.0041917660 0.0000000000 0.0000000000 13.4849405289 1070.9764404297 0.1563192606
113.5161437988 0.0053551123 0.0000000000 0.0000000000 13.2032766342 911.8353881836 0.1340709627
112.8875503540 0.0066138851 0.0000000000 0.0000000000 12.9392461777 786.0253906250 0.1160692871
112.4185409546 0.0079551563 0.0000000000 0.0000000000 12.6925125122 693.1276855469 0.1011800915
112.0634460449 0.0093659349 0.0000000000 0.0000000000 12.4518728256 604.6188354492 0.0886190236
111.7955932617 0.0108340085 0.0000000000 0.0000000000 12.1982212067 514.8850097656 0.0778060555
111.5813522339 0.0123464949 0.0000000000 0.0000000000 11.9518356323 439.3803100586 0.0683480054
111.3970413208 0.0138897523 0.0000000000 0.0000000000 11.7094116211 386.3571777344 0.0600329489
111.2318649292 0.0154515002 0.0000000000 0.0000000000 11.4740610123 345.1270751953 0.0525707528
111.0803985596 0.0170217510 0.0000000000 0.0000000000 11.2230472565 312.3407592773 0.0458318330
110.9401931763 0.0185934789 0.0000000000 0.0000000000 10.9775304794 286.0202331543 0.0398512892
110.8058471680 0.0201605037 0.0000000000 0.0000000000 10.7387332916 264.5924377441 0.0347172730
110.6724700928 0.0217216946 0.0000000000 0.0000000000 10.4851694107 242.1241455078 0.0301236324
110.5406875610 0.0232791360 0.0000000000 0.0000000000 10.2281370163 218.6351318359 0.0260135662
110.4070587158 0.0248348899 0.0000000000 0.0000000000 9.9773206711 194.8828125000 0.0222463608
110.2748336792 0.0263910387 0.0000000000 0.0000000000 9.7384243011 172.8148040771 0.0189125948
110.1413650513 0.0279499814 0.0000000000 0.0000000000 9.5216903687 155.6118469238 0.0159667470
110.0047454834 0.0295162499 0.0000000000 0.0000000000 9.3197088242 141.7847595215 0.0131726479
109.8654251099 0.0310938489 0.0000000000 0.0000000000 9.1390037537 129.8335571289 0.0105118938
109.7217102051 0.0326856151 0.0000000000 0.0000000000 8.9711685181 119.2308349609 0.0080485726
109.5754089355 0.0342936181 0.0000000000 0.0000000000 8.8225326538 108.6402893066 0.0057957415
109.4300231934 0.0359198265 0.0000000000 0.0000000000 8.6704816818 98.5769042969 0.0037765314
109.2823181152 0.0375662334 0.0000000000 0.0000000000 8.5414352417 89.5180816650 0.0019139939
109.1277465820 0.0392340533 0.0000000000 0.0000000000 8.4214229584 81.1354980469 0.0001296999
108.9624786377 0.0409240611 0.0000000000 0.0000000000 8.3127021790 73.7800445557 -0.0016627661
108.7870788574 0.0426366664 0.0000000000 0.0000000000 8.2099714279 67.3180618286 -0.0034374422
108.6001663208 0.0443724804 0.0000000000 0.0000000000 8.1241712570 61.2470474243 -0.0052070855
108.4002456665 0.0461319461 0.0000000000 0.0000000000 8.0484542847 55.8498611450 -0.0070004361
108.1871337891 0.0479153842 0.0000000000 0.0000000000 7.9702248573 51.0638008118 -0.0088168606
107.9604873657 0.0497233160 0.0000000000 0.0000000000 7.9101715088 47.1498832703 -0.0106488857
107.7211456299 0.0515559539 0.0000000000 0.0000000000 7.8576784134 43.6115112305 -0.0124976812
107.4738616943 0.0534133501 0.0000000000 0.0000000000 7.8112015724 39.7340621948 -0.0143274264
107.2242965698 0.0552951172 0.0000000000 0.0000000000 7.7813987732 36.2710304260 -0.0160937514
106.9707946777 0.0572010800 0.0000000000 0.0000000000 7.7566380501 33.2398109436 -0.0178459622
106.7100524902 0.0591306426 0.0000000000 0.0000000000 7.7348423004 30.1181259155 -0.0197116695
106.4422454834 0.0610825345 0.0000000000 0.0000000000 7.7193069458 27.3493614197 -0.0216556676
106.1650772095 0.0630543306 0.0000000000 0.0000000000 7.7204341888 24.8526668549 -0.0236661732
105.8713073730 0.0650431737 0.0000000000 0.0000000000 7.7395458221 22.3443126678 -0.0259207301
105.5534744263 0.0670446455 0.0000000000 0.0000000000 7.7890462875 19.8010253906 -0.0286501627
105.2074737549 0.0690520629 0.0000000000 0.0000000000 7.8746972084 17.6273727417 -0.0319103785
104.8380432129 0.0710580274 0.0000000000 0.0000000000 8.0056753159 16.3727798462 -0.0354254432
104.4473266602 0.0730579272 0.0000000000 0.0000000000 8.1750602722 16.2260112762 -0.0389776938
104.0291366577 0.0750540048 0.0000000000 0.0000000000 8.3949527740 16.5055027008 -0.0425810516
103.5822830200 0.0770562291 0.0000000000 0.0000000000 8.6247053146 16.0285434723 -0.0462757945
103.1108856201 0.0790816844 0.0000000000 0.0000000000 8.8365716934 15.0339298248 -0.0501002744
102.6179580688 0.0811502859 0.0000000000 0.0000000000 9.0267171860 14.4650192261 -0.0540905297
102.1190643311 0.0832823366 0.0000000000 0.0000000000 9.1942462921 13.6268138885 -0.0582809970
101.6363449097 0.0854969844 0.0000000000 0.0000000000 9.3422470093 12.6054658890 -0.0625595003
101.1763153076 0.0878092274 0.0000000000 0.0000000000 9.4700775146 11.5051593781 -0.0667956769
100.7614898682 0.0902304873 0.0000000000 0.0000000000 9.5775127411 10.6738271713 -0.0709203184
100.3943481445 0.0927679092 0.0000000000 0.0000000000 9.6628446579 9.8280391693 -0.0744785070
100.0355911255 0.0954246446 0.0000000000 0.0000000000 9.7279634476 8.8540668488 -0.0777659863
99.6766967773 0.0982025042 0.0000000000 0.0000000000 9.7750768661 8.0009574890 -0.0807762742
99.3379669189 0.1010996327 0.0000000000 0.0000000000 9.8025369644 7.3656830788 -0.0833929181
99.0129165649 0.1041101366 0.0000000000 0.0000000000 9.8103227615 6.7161455154 -0.0858444124
98.6941833496 0.1072269976 0.0000000000 0.0000000000 9.8001270294 6.0395979881 -0.0882610753
98.3722457886 0.1104426607 0.0000000000 0.0000000000 9.7754220963 5.5323724747 -0.0907330811
98.0468673706 0.1137475371 0.0000000000 0.0000000000 9.7383031845 5.0357060432 -0.0931467414
97.7219619751 0.1171328723 0.0000000000 0.0000000000 9.6918039322 4.5447058678 -0.0954518914
97.3964920044 0.1205903813 0.0000000000 0.0000000000 9.6370458603 4.1332674026 -0.0976904333
97.0702819824 0.1241103411 0.0000000000 0.0000000000 9.5761642456 3.7595677376 -0.0998568460
96.7416458130 0.1276840270 0.0000000000 0.0000000000 9.5104990005 3.4307587147 -0.1019677222
96.4103012085 0.1313041002 0.0000000000 0.0000000000 9.4410457611 3.0970263481 -0.1039810851
96.0784606934 0.1349641085 0.0000000000 0.0000000000 9.3686895370 2.8307566643 -0.1058872640
95.7475051880 0.1386597008 0.0000000000 0.0000000000 9.2940788269 2.5967116356 -0.1077321172
95.4192352295 0.1423863024 0.0000000000 0.0000000000 9.2176122665 2.3472795486 -0.1095130071
95.0951995850 0.1461394429 0.0000000000 0.0000000000 9.1400070190 2.1415698528 -0.1112720892
94.7736663818 0.1499152333 0.0000000000 0.0000000000 9.0615262985 1.9328691959 -0.1129986346
94.4568939209 0.1537111253 0.0000000000 0.0000000000 8.9822254181 1.7504004240 -0.1146604121
94.1463851929 0.1575247794 0.0000000000 0.0000000000 8.9022541046 1.6192563772 -0.1162873954
93.8394241333 0.1613541096 0.0000000000 0.0000000000 8.8217811584 1.4577615261 -0.1178553477
93.5343704224 0.1651963741 0.0000000000 0.0000000000 8.7409648895 1.3263478279 -0.1193572134
93.2290115356 0.1690495014 0.0000000000 0.0000000000 8.6600751877 1.2123670578 -0.1208335012
92.9209136963 0.1729110330 0.0000000000 0.0000000000 8.5791301727 1.1068896055 -0.1222611219
92.6075592041 0.1767803729 0.0000000000 0.0000000000 8.4983358383 1.0039168596 -0.1236697882
92.2931976318 0.1806575507 0.0000000000 0.0000000000 8.4177751541 0.9334812164 -0.1250506341
91.9769363403 0.1845411062 0.0000000000 0.0000000000 8.3375616074 0.8431062102 -0.1264119446
91.6582336426 0.1884309649 0.0000000000 0.0000000000 8.2579078674 0.7705571055 -0.1277670115
91.3346557617 0.1923241764 0.0000000000 0.0000000000 8.1789350510 0.7339428067 -0.1291095763
90.9998474121 0.1962172985 0.0000000000 0.0000000000 8.1008443832 0.6643235683 -0.1304448247
90.6512527466 0.2001068294 0.0000000000 0.0000000000 8.0236787796 0.6308438182 -0.1317589134
90.2979888916 0.2039903253 0.0000000000 0.0000000000 7.9475703239 0.5944433212 -0.1330268979
89.9478302002 0.2078672200 0.0000000000 0.0000000000 7.8725328445 0.5626002550 -0.1342381090
89.6051025391 0.2117390037 0.0000000000 0.0000000000 7.7985310555 0.5428376198 -0.1353918612
89.2749786377 0.2156059593 0.0000000000 0.0000000000 7.7255358696 0.5064267516 -0.1364801973
88.9653091431 0.2194691151 0.0000000000 0.0000000000 7.6534943581 0.4663058221 -0.1375284791
88.6791229248 0.2233275771 0.0000000000 0.0000000000 7.5824193954 0.4092097878 -0.1385377198
88.4180526733 0.2271816730 0.0000000000 0.0000000000 7.5122303963 0.3885872662 -0.1395372152
88.1826095581 0.2310322672 0.0000000000 0.0000000000 7.4428954124 0.3948017657 -0.1405207962
87.9724807739 0.2348803431 0.0000000000 0.0000000000 7.3743653297 0.3919046819 -0.1414932907
87.7852554321 0.2387283146 0.0000000000 0.0000000000 7.3066096306 0.3854275942 -0.1424487680
87.6164855957 0.2425798774 0.0000000000 0.0000000000 7.2395906448 0.3814568520 -0.1433746368
87.4606704712 0.2464417219 0.0000000000 0.0000000000 7.1733188629 0.3797097206 -0.1442795247
