#         rmsthk      stdthk       rmsvel       stdvel       rmsdiv       stddiv       rmsusurf       stdusurf
-0.0000004587 0.0000572309 -56.0724830627 118.1901245117 0.0000000000 0.0000000000 0.0000000000 0.0000000000
0.0106005538 0.5313922763 -57.1156959534 117.6578826904 0.0000000000 0.0000000000 0.0000000000 0.0000000000
0.0236819778 1.0912240744 -57.8888053894 117.4022750854 0.0000000000 0.0000000000 0.0000000000 0.0000000000
0.0382891782 1.6570400000 -58.3919029236 117.1886825562 0.0000000000 0.0000000000 0.0000000000 0.0000000000
0.0540961698 2.2181448936 -58.6994781494 117.0040054321 0.0000000000 0.0000000000 0.0000000000 0.0000000000
0.0708765909 2.7676501274 -58.8507843018 116.8598785400 0.0000000000 0.0000000000 0.0000000000 0.0000000000
0.0887228474 3.2968096733 -58.6880264282 116.8010177612 0.0000000000 0.0000000000 0.0000000000 0.0000000000
0.1063623428 3.7966911793 -58.2339134216 116.8083724976 0.0000000000 0.0000000000 0.0000000000 0.0000000000
0.1234256849 4.2661628723 -57.6311416626 116.8333206177 0.0000000000 0.0000000000 0.0000000000 0.0000000000
0.1398608088 4.7094864845 -56.9624900818 116.8498001099 0.0000000000 0.0000000000 0.0000000000 0.0000000000
0.1557000726 5.1325445175 -56.2558822632 116.8499374390 0.0000000000 0.0000000000 0.0000000000 0.0000000000
0.1710206121 5.5405702591 -55.4901123047 116.8449630737 0.0000000000 0.0000000000 0.0000000000 0.0000000000
0.1858248562 5.9373278618 -54.6159820557 116.8457565308 0.0000000000 0.0000000000 0.0000000000 0.0000000000
0.2001791894 6.3254036903 -53.5363693237 116.8794097900 0.0000000000 0.0000000000 0.0000000000 0.0000000000
0.2141476721 6.7065820694 -52.2446746826 116.9396972656 0.0000000000 0.0000000000 0.0000000000 0.0000000000
0.2278655022 7.0821709633 -50.6863365173 117.0431442261 0.0000000000 0.0000000000 0.0000000000 0.0000000000
0.2414084524 7.4533767700 -48.7004623413 117.2583694458 0.0000000000 0.0000000000 0.0000000000 0.0000000000
0.2545401752 7.8214144707 -46.1677665710 117.6208877563 0.0000000000 0.0000000000 0.0000000000 0.0000000000
0.2671672404 8.1876993179 -42.6877746582 118.3068161011 0.0000000000 0.0000000000 0.0000000000 0.0000000000
0.2787424028 8.5535430908 -38.8711357117 119.0703964233 0.0000000000 0.0000000000 0.0000000000 0.0000000000
0.2887758911 8.9199428558 -34.7160949707 119.8794021606 0.0000000000 0.0000000000 0.0000000000 0.0000000000
0.2967198193 9.2875938416 -30.4080505371 120.6778411865 0.0000000000 0.0000000000 0.0000000000 0.0000000000
0.3014365435 9.6568069458 -27.0945205688 121.0627441406 0.0000000000 0.0000000000 0.0000000000 0.0000000000
0.3025459945 10.0274953842 -24.7309341431 121.0267944336 0.0000000000 0.0000000000 0.0000000000 0.0000000000
0.3002390265 10.3992900848 -23.0910243988 120.6678009033 0.0000000000 0.0000000000 0.0000000000 0.0000000000
0.2948926389 10.7716779709 -22.1009845734 120.0394287109 0.0000000000 0.0000000000 0.0000000000 0.0000000000
0.2869636714 11.1440372467 -21.6409301758 119.2041015625 0.0000000000 0.0000000000 0.0000000000 0.0000000000
0.2769748867 11.5158166885 -21.4604682922 118.2537612915 0.0000000000 0.0000000000 0.0000000000 0.0000000000
0.2657702565 11.8863906860 -21.3553504944 117.2550811768 0.0000000000 0.0000000000 0.0000000000 0.0000000000
0.2541474998 12.2551879883 -21.2322387695 116.2456207275 0.0000000000 0.0000000000 0.0000000000 0.0000000000
0.2429517508 12.6216173172 -21.0641117096 115.2523956299 0.0000000000 0.0000000000 0.0000000000 0.0000000000
0.2328617275 12.9851198196 -20.8721046448 114.2901992798 0.0000000000 0.0000000000 0.0000000000 0.0000000000
0.2243903577 13.3452291489 -20.6660995483 113.3608703613 0.0000000000 0.0000000000 0.0000000000 0.0000000000
0.2180931717 13.7015199661 -20.3664035797 112.4752502441 0.0000000000 0.0000000000 0.0000000000 0.0000000000
0.2145959437 14.0536384583 -19.8386764526 111.6490554810 0.0000000000 0.0000000000 0.0000000000 0.0000000000
0.2148083001 14.4012680054 -18.9249954224 110.8981094360 0.0000000000 0.0000000000 0.0000000000 0.0000000000
0.2193906158 14.7441616058 -17.6637611389 110.1918792725 0.0000000000 0.0000000000 0.0000000000 0.0000000000
0.2283066362 15.0821552277 -16.1496963501 109.5155944824 0.0000000000 0.0000000000 0.0000000000 0.0000000000
0.2414223850 15.4151420593 -14.5318002701 108.8653564453 0.0000000000 0.0000000000 0.0000000000 0.0000000000
0.2584752738 15.7431163788 -13.0348730087 108.2444992065 0.0000000000 0.0000000000 0.0000000000 0.0000000000
0.2792227864 16.0660915375 -11.9058351517 107.6708984375 0.0000000000 0.0000000000 0.0000000000 0.0000000000
0.3034403324 16.3840904236 -11.3434743881 107.1609039307 0.0000000000 0.0000000000 0.0000000000 0.0000000000
0.3308580518 16.6971340179 -11.4349756241 106.7322540283 0.0000000000 0.0000000000 0.0000000000 0.0000000000
0.3611584306 17.0052795410 -12.1140708923 106.3992767334 0.0000000000 0.0000000000 0.0000000000 0.0000000000
0.3939840496 17.3086032867 -13.1928529739 106.1706008911 0.0000000000 0.0000000000 0.0000000000 0.0000000000
0.4289991856 17.6071777344 -14.4332876205 106.0490112305 0.0000000000 0.0000000000 0.0000000000 0.0000000000
0.4658414721 17.9010658264 -15.6083068848 106.0282974243 0.0000000000 0.0000000000 0.0000000000 0.0000000000
0.5041498542 18.1903228760 -16.5440330505 106.0929183960 0.0000000000 0.0000000000 0.0000000000 0.0000000000
0.5435628295 18.4750499725 -17.1164169312 106.2253189087 0.0000000000 0.0000000000 0.0000000000 0.0000000000
0.5838018656 18.7553424835 -17.2715759277 106.4072799683 0.0000000000 0.0000000000 0.0000000000 0.0000000000
0.6246277690 19.0313205719 -17.0209941864 106.6248016357 0.0000000000 0.0000000000 0.0000000000 0.0000000000
0.6659005284 19.3030834198 -16.4326705933 106.8701095581 0.0000000000 0.0000000000 0.0000000000 0.0000000000
0.7074705958 19.5707607269 -15.6259593964 107.1366195679 0.0000000000 0.0000000000 0.0000000000 0.0000000000
0.7491752505 19.8344669342 -14.7519245148 107.4160995483 0.0000000000 0.0000000000 0.0000000000 0.0000000000
0.7908960581 20.0942993164 -13.9823846817 107.6954040527 0.0000000000 0.0000000000 0.0000000000 0.0000000000
0.8326266408 20.3503417969 -13.4823484421 107.9577331543 0.0000000000 0.0000000000 0.0000000000 0.0000000000
0.8744762540 20.6026821136 -13.3416414261 108.1840896606 0.0000000000 0.0000000000 0.0000000000 0.0000000000
0.9165968299 20.8514003754 -13.5476474762 108.3622589111 0.0000000000 0.0000000000 0.0000000000 0.0000000000
0.9591665268 21.0965747833 -14.0180244446 108.4910507202 0.0000000000 0.0000000000 0.0000000000 0.0000000000
1.0024192333 21.3383083344 -14.6234512329 108.5785827637 0.0000000000 0.0000000000 0.0000000000 0.0000000000
1.0465171337 21.5766830444 -15.2027845383 108.6386184692 0.0000000000 0.0000000000 0.0000000000 0.0000000000
1.0915404558 21.8117942810 -15.6273050308 108.6820831299 0.0000000000 0.0000000000 0.0000000000 0.0000000000
1.1374523640 22.0437488556 -15.8165445328 108.7157974243 0.0000000000 0.0000000000 0.0000000000 0.0000000000
1.1842110157 22.2726211548 -15.7485466003 108.7424011230 0.0000000000 0.0000000000 0.0000000000 0.0000000000
1.2318034172 22.4985160828 -15.4345521927 108.7608413696 0.0000000000 0.0000000000 0.0000000000 0.0000000000
1.2802995443 22.7214889526 -14.9154958725 108.7686080933 0.0000000000 0.0000000000 0.0000000000 0.0000000000
1.3297278881 22.9416885376 -14.2723636627 108.7624893188 0.0000000000 0.0000000000 0.0000000000 0.0000000000
1.3801759481 23.1592044830 -13.6123733521 108.7388610840 0.0000000000 0.0000000000 0.0000000000 0.0000000000
1.4317512512 23.3741512299 -13.0424900055 108.6957397461 0.0000000000 0.0000000000 0.0000000000 0.0000000000
1.4844720364 23.5866146088 -12.6405906677 108.6336364746 0.0000000000 0.0000000000 0.0000000000 0.0000000000
1.5382415056 23.7966690063 -12.4462385178 108.5561141968 0.0000000000 0.0000000000 0.0000000000 0.0000000000
1.5928502083 24.0043830872 -12.4601631165 108.4696960449 0.0000000000 0.0000000000 0.0000000000 0.0000000000
1.6480033398 24.2098121643 -12.6455631256 108.3816986084 0.0000000000 0.0000000000 0.0000000000 0.0000000000
1.7033468485 24.4129695892 -12.9370298386 108.2985000610 0.0000000000 0.0000000000 0.0000000000 0.0000000000
1.7585059404 24.6139144897 -13.2583780289 108.2259826660 0.0000000000 0.0000000000 0.0000000000 0.0000000000
1.8131345510 24.8126926422 -13.5373992920 108.1704406738 0.0000000000 0.0000000000 0.0000000000 0.0000000000
1.8669629097 25.0093345642 -13.7186155319 108.1371688843 0.0000000000 0.0000000000 0.0000000000 0.0000000000
1.9198191166 25.2038745880 -13.7709045410 108.1295394897 0.0000000000 0.0000000000 0.0000000000 0.0000000000
1.9716378450 25.3963546753 -13.6902170181 108.1462707520 0.0000000000 0.0000000000 0.0000000000 0.0000000000
2.0224571228 25.5868148804 -13.5031490326 108.1832427979 0.0000000000 0.0000000000 0.0000000000 0.0000000000
2.0724091530 25.7753028870 -13.2633085251 108.2338027954 0.0000000000 0.0000000000 0.0000000000 0.0000000000
2.1216328144 25.9618682861 -13.0335445404 108.2889556885 0.0000000000 0.0000000000 0.0000000000 0.0000000000
2.1702704430 26.1465492249 -12.8696460724 108.3382949829 0.0000000000 0.0000000000 0.0000000000 0.0000000000
2.2184641361 26.3293933868 -12.8090562820 108.3733749390 0.0000000000 0.0000000000 0.0000000000 0.0000000000
2.2662782669 26.5104694366 -12.8660221100 108.3903198242 0.0000000000 0.0000000000 0.0000000000 0.0000000000
2.3136940002 26.6898059845 -13.0223522186 108.3891143799 0.0000000000 0.0000000000 0.0000000000 0.0000000000
2.3606095314 26.8674354553 -13.2321271896 108.3713150024 0.0000000000 0.0000000000 0.0000000000 0.0000000000
2.4068682194 27.0433692932 -13.4396324158 108.3398818970 0.0000000000 0.0000000000 0.0000000000 0.0000000000
2.4523329735 27.2175960541 -13.5957908630 108.2985534668 0.0000000000 0.0000000000 0.0000000000 0.0000000000
2.4968717098 27.3901691437 -13.6623601913 108.2507934570 0.0000000000 0.0000000000 0.0000000000 0.0000000000
2.5404396057 27.5611152649 -13.6210269928 108.1989517212 0.0000000000 0.0000000000 0.0000000000 0.0000000000
2.5830569267 27.7304515839 -13.4778900146 108.1445159912 0.0000000000 0.0000000000 0.0000000000 0.0000000000
2.6248168945 27.8981857300 -13.2633018494 108.0873641968 0.0000000000 0.0000000000 0.0000000000 0.0000000000
2.6658294201 28.0643577576 -13.0215435028 108.0267715454 0.0000000000 0.0000000000 0.0000000000 0.0000000000
2.7062191963 28.2290019989 -12.7990312576 107.9612808228 0.0000000000 0.0000000000 0.0000000000 0.0000000000
2.7460827827 28.3921718597 -12.6368331909 107.8900756836 0.0000000000 0.0000000000 0.0000000000 0.0000000000
2.7854609489 28.5538845062 -12.5572061539 107.8137664795 0.0000000000 0.0000000000 0.0000000000 0.0000000000
2.8243243694 28.7141456604 -12.5582075119 107.7356033325 0.0000000000 0.0000000000 0.0000000000 0.0000000000
2.8625867367 28.8729419708 -12.6163282394 107.6593551636 0.0000000000 0.0000000000 0.0000000000 0.0000000000
2.9001350403 29.0302619934 -12.6981544495 107.5890808105 0.0000000000 0.0000000000 0.0000000000 0.0000000000
2.9368720055 29.1861171722 -12.7680282593 107.5271301270 0.0000000000 0.0000000000 0.0000000000 0.0000000000
2.9727401733 29.3405036926 -12.7957935333 107.4728317261 0.0000000000 0.0000000000 0.0000000000 0.0000000000
3.0077407360 29.4934425354 -12.7655210495 107.4252700806 0.0000000000 0.0000000000 0.0000000000 0.0000000000
3.0419509411 29.6449718475 -12.6769361496 107.3825607300 0.0000000000 0.0000000000 0.0000000000 0.0000000000
3.0754849911 29.7951393127 -12.5440435410 107.3426055908 0.0000000000 0.0000000000 0.0000000000 0.0000000000
3.1085081100 29.9439945221 -12.3909034729 107.3022994995 0.0000000000 0.0000000000 0.0000000000 0.0000000000
3.1411812305 30.0915927887 -12.2492237091 107.2588806152 0.0000000000 0.0000000000 0.0000000000 0.0000000000
3.1736636162 30.2379913330 -12.1491451263 107.2090835571 0.0000000000 0.0000000000 0.0000000000 0.0000000000
3.2060401440 30.3832168579 -12.1076021194 107.1503067017 0.0000000000 0.0000000000 0.0000000000 0.0000000000
3.2383091450 30.5272903442 -12.1198425293 107.0816726685 0.0000000000 0.0000000000 0.0000000000 0.0000000000
3.2703919411 30.6702194214 -12.1627779007 107.0053710938 0.0000000000 0.0000000000 0.0000000000 0.0000000000
3.3021714687 30.8120174408 -12.2006902695 106.9233245850 0.0000000000 0.0000000000 0.0000000000 0.0000000000
3.3335268497 30.9526977539 -12.2004699707 106.8384246826 0.0000000000 0.0000000000 0.0000000000 0.0000000000
3.3643832207 31.0922794342 -12.1420249939 106.7522354126 0.0000000000 0.0000000000 0.0000000000 0.0000000000
3.3947229385 31.2308044434 -12.0255002975 106.6674041748 0.0000000000 0.0000000000 0.0000000000 0.0000000000
3.4245755672 31.3682823181 -11.8652400970 106.5857849121 0.0000000000 0.0000000000 0.0000000000 0.0000000000
3.4539692402 31.5047683716 -11.6851625443 106.5091400146 0.0000000000 0.0000000000 0.0000000000 0.0000000000
3.4829397202 31.6403007507 -11.5119848251 106.4398422241 0.0000000000 0.0000000000 0.0000000000 0.0000000000
3.5115196705 31.7749214172 -11.3709878922 106.3812408447 0.0000000000 0.0000000000 0.0000000000 0.0000000000
3.5397100449 31.9086341858 -11.2773780823 106.3351974487 0.0000000000 0.0000000000 0.0000000000 0.0000000000
3.5674967766 32.0414466858 -11.2352514267 106.3018875122 0.0000000000 0.0000000000 0.0000000000 0.0000000000
3.5948085785 32.1733627319 -11.2277793884 106.2795410156 0.0000000000 0.0000000000 0.0000000000 0.0000000000
3.6215779781 32.3043670654 -11.2277717590 106.2641525269 0.0000000000 0.0000000000 0.0000000000 0.0000000000
3.6477229595 32.4344711304 -11.2093372345 106.2508392334 0.0000000000 0.0000000000 0.0000000000 0.0000000000
3.6732051373 32.5636672974 -11.1525783539 106.2336349487 0.0000000000 0.0000000000 0.0000000000 0.0000000000
3.6980068684 32.6919631958 -11.0569496155 106.2089385986 0.0000000000 0.0000000000 0.0000000000 0.0000000000
3.7221474648 32.8193778992 -10.9388656616 106.1743545532 0.0000000000 0.0000000000 0.0000000000 0.0000000000
3.7455878258 32.9458885193 -10.8253688812 106.1288757324 0.0000000000 0.0000000000 0.0000000000 0.0000000000
3.7683110237 33.0714912415 -10.7404918671 106.0750503540 0.0000000000 0.0000000000 0.0000000000 0.0000000000
3.7902674675 33.1961936951 -10.6959810257 106.0177459717 0.0000000000 0.0000000000 0.0000000000 0.0000000000
3.8113477230 33.3199691772 -10.6827583313 105.9615020752 0.0000000000 0.0000000000 0.0000000000 0.0000000000
3.8314702511 33.4428405762 -10.6808195114 105.9086303711 0.0000000000 0.0000000000 0.0000000000 0.0000000000
3.8505651951 33.5647811890 -10.6709794998 105.8612518311 0.0000000000 0.0000000000 0.0000000000 0.0000000000
3.8686139584 33.6857833862 -10.6384401321 105.8195800781 0.0000000000 0.0000000000 0.0000000000 0.0000000000
3.8856055737 33.8058357239 -10.5804452896 105.7821121216 0.0000000000 0.0000000000 0.0000000000 0.0000000000
3.9015288353 33.9249305725 -10.5059566498 105.7462463379 0.0000000000 0.0000000000 0.0000000000 0.0000000000
3.9164085388 34.0430984497 -10.4379138947 105.7096481323 0.0000000000 0.0000000000 0.0000000000 0.0000000000
3.9302561283 34.1603507996 -10.4008712769 105.6701354980 0.0000000000 0.0000000000 0.0000000000 0.0000000000
3.9430422783 34.2766876221 -10.3970451355 105.6251449585 0.0000000000 0.0000000000 0.0000000000 0.0000000000
3.9546217918 34.3921318054 -10.4198732376 105.5727615356 0.0000000000 0.0000000000 0.0000000000 0.0000000000
3.9648547173 34.5066833496 -10.4432125092 105.5116348267 0.0000000000 0.0000000000 0.0000000000 0.0000000000
3.9736249447 34.6203804016 -10.4643707275 105.4470291138 0.0000000000 0.0000000000 0.0000000000 0.0000000000
3.9808206558 34.7332649231 -10.4605274200 105.3790359497 0.0000000000 0.0000000000 0.0000000000 0.0000000000
3.9863612652 34.8453712463 -10.4051694870 105.3121261597 0.0000000000 0.0000000000 0.0000000000 0.0000000000
3.9902608395 34.9567184448 -10.3034143448 105.2546920776 0.0000000000 0.0000000000 0.0000000000 0.0000000000
3.9925684929 35.0673294067 -10.2053327560 105.2085723877 0.0000000000 0.0000000000 0.0000000000 0.0000000000
3.9933533669 35.1772117615 -10.1327533722 105.1753921509 0.0000000000 0.0000000000 0.0000000000 0.0000000000
3.9926998615 35.2863731384 -10.0992870331 105.1534500122 0.0000000000 0.0000000000 0.0000000000 0.0000000000
3.9906995296 35.3948211670 -10.0933980942 105.1353836060 0.0000000000 0.0000000000 0.0000000000 0.0000000000
3.9874706268 35.5025711060 -10.0502662659 105.1136779785 0.0000000000 0.0000000000 0.0000000000 0.0000000000
3.9831421375 35.6096420288 -9.9643993378 105.0848464966 0.0000000000 0.0000000000 0.0000000000 0.0000000000
3.9778776169 35.7160568237 -9.8698577881 105.0460586548 0.0000000000 0.0000000000 0.0000000000 0.0000000000
3.9718482494 35.8218421936 -9.7654714584 104.9999618530 0.0000000000 0.0000000000 0.0000000000 0.0000000000
3.9652020931 35.9270095825 -9.6669597626 104.9530563354 0.0000000000 0.0000000000 0.0000000000 0.0000000000
3.9580836296 36.0315818787 -9.6173267365 104.9082031250 0.0000000000 0.0000000000 0.0000000000 0.0000000000
3.9506516457 36.1355667114 -9.5980014801 104.8635482788 0.0000000000 0.0000000000 0.0000000000 0.0000000000
3.9430840015 36.2389755249 -9.5997304916 104.8209304810 0.0000000000 0.0000000000 0.0000000000 0.0000000000
3.9355325699 36.3417854309 -9.5952014923 104.7757186890 0.0000000000 0.0000000000 0.0000000000 0.0000000000
3.9281380177 36.4440116882 -9.5600013733 104.7275924683 0.0000000000 0.0000000000 0.0000000000 0.0000000000
3.9210004807 36.5456695557 -9.5037117004 104.6811218262 0.0000000000 0.0000000000 0.0000000000 0.0000000000
3.9141960144 36.6467666626 -9.4640140533 104.6383514404 0.0000000000 0.0000000000 0.0000000000 0.0000000000
3.9078052044 36.7472991943 -9.4585924149 104.6057968140 0.0000000000 0.0000000000 0.0000000000 0.0000000000
3.9019167423 36.8472785950 -9.4429073334 104.5865478516 0.0000000000 0.0000000000 0.0000000000 0.0000000000
3.8966565132 36.9466819763 -9.4129896164 104.5798034668 0.0000000000 0.0000000000 0.0000000000 0.0000000000
3.8921296597 37.0455131531 -9.3985557556 104.5871200562 0.0000000000 0.0000000000 0.0000000000 0.0000000000
3.8884136677 37.1437835693 -9.3642787933 104.6031570435 0.0000000000 0.0000000000 0.0000000000 0.0000000000
3.8855574131 37.2414970398 -9.3011264801 104.6190795898 0.0000000000 0.0000000000 0.0000000000 0.0000000000
3.8836123943 37.3386383057 -9.2514858246 104.6267547607 0.0000000000 0.0000000000 0.0000000000 0.0000000000
3.8825893402 37.4351844788 -9.2140378952 104.6184387207 0.0000000000 0.0000000000 0.0000000000 0.0000000000
3.8824708462 37.5311164856 -9.2026767731 104.5937805176 0.0000000000 0.0000000000 0.0000000000 0.0000000000
3.8832206726 37.6264152527 -9.2280893326 104.5531768799 0.0000000000 0.0000000000 0.0000000000 0.0000000000
3.8847935200 37.7210617065 -9.2386455536 104.5004043579 0.0000000000 0.0000000000 0.0000000000 0.0000000000
3.8871014118 37.8150405884 -9.2128973007 104.4458236694 0.0000000000 0.0000000000 0.0000000000 0.0000000000
3.8900830746 37.9083480835 -9.1791038513 104.3997573853 0.0000000000 0.0000000000 0.0000000000 0.0000000000
3.8936831951 38.0009422302 -9.1341209412 104.3732299805 0.0000000000 0.0000000000 0.0000000000 0.0000000000
3.8978657722 38.0928077698 -9.0776929855 104.3704833984 0.0000000000 0.0000000000 0.0000000000 0.0000000000
3.9026105404 38.1839179993 -9.0452814102 104.3806076050 0.0000000000 0.0000000000 0.0000000000 0.0000000000
3.9079215527 38.2742652893 -9.0154228210 104.3892517090 0.0000000000 0.0000000000 0.0000000000 0.0000000000
3.9137787819 38.3638763428 -8.9603366852 104.3878479004 0.0000000000 0.0000000000 0.0000000000 0.0000000000
3.9201941490 38.4527473450 -8.9024915695 104.3687057495 0.0000000000 0.0000000000 0.0000000000 0.0000000000
3.9271538258 38.5408973694 -8.8471679688 104.3352508545 0.0000000000 0.0000000000 0.0000000000 0.0000000000
3.9346406460 38.6283454895 -8.7930545807 104.2961273193 0.0000000000 0.0000000000 0.0000000000 0.0000000000
3.9426276684 38.7151069641 -8.7602405548 104.2511444092 0.0000000000 0.0000000000 0.0000000000 0.0000000000
3.9510560036 38.8011970520 -8.7240571976 104.2025756836 0.0000000000 0.0000000000 0.0000000000 0.0000000000
3.9598982334 38.8866271973 -8.6591949463 104.1500930786 0.0000000000 0.0000000000 0.0000000000 0.0000000000
3.9690797329 38.9713287354 -8.6084213257 104.0920791626 0.0000000000 0.0000000000 0.0000000000 0.0000000000
3.9785542488 39.0553207397 -8.5623760223 104.0303421021 0.0000000000 0.0000000000 0.0000000000 0.0000000000
3.9882764816 39.1386146545 -8.5022344589 103.9686584473 0.0000000000 0.0000000000 0.0000000000 0.0000000000
3.9981889725 39.2212677002 -8.4727001190 103.9134140015 0.0000000000 0.0000000000 0.0000000000 0.0000000000
4.0082759857 39.3033218384 -8.4399290085 103.8680267334 0.0000000000 0.0000000000 0.0000000000 0.0000000000
4.0185265541 39.3847846985 -8.3769693375 103.8383865356 0.0000000000 0.0000000000 0.0000000000 0.0000000000
4.0289282799 39.4656600952 -8.3167953491 103.8223037720 0.0000000000 0.0000000000 0.0000000000 0.0000000000
4.0395016670 39.5460052490 -8.2472829819 103.8137054443 0.0000000000 0.0000000000 0.0000000000 0.0000000000
4.0503268242 39.6258277893 -8.1622266769 103.8075256348 0.0000000000 0.0000000000 0.0000000000 0.0000000000
4.0614471436 39.7052078247 -8.1063585281 103.7992553711 0.0000000000 0.0000000000 0.0000000000 0.0000000000
4.0728721619 39.7841911316 -8.0702152252 103.7876968384 0.0000000000 0.0000000000 0.0000000000 0.0000000000
4.0845575333 39.8628311157 -8.0223903656 103.7716064453 0.0000000000 0.0000000000 0.0000000000 0.0000000000
4.0964241028 39.9411773682 -7.9825091362 103.7455368042 0.0000000000 0.0000000000 0.0000000000 0.0000000000
4.1083159447 40.0192565918 -7.9370975494 103.7057876587 0.0000000000 0.0000000000 0.0000000000 0.0000000000
4.1201024055 40.0970687866 -7.8709607124 103.6483459473 0.0000000000 0.0000000000 0.0000000000 0.0000000000
4.1316475868 40.1747055054 -7.8284726143 103.5730361938 0.0000000000 0.0000000000 0.0000000000 0.0000000000
4.1428437233 40.2522048950 -7.8081364632 103.4885482788 0.0000000000 0.0000000000 0.0000000000 0.0000000000
4.1535773277 40.3296051025 -7.7681622505 103.3988189697 0.0000000000 0.0000000000 0.0000000000 0.0000000000
4.1637439728 40.4069404602 -7.7110219002 103.3084335327 0.0000000000 0.0000000000 0.0000000000 0.0000000000
4.1732172966 40.4842224121 -7.6269974709 103.2203445435 0.0000000000 0.0000000000 0.0000000000 0.0000000000
4.1818981171 40.5614814758 -7.5432944298 103.1411590576 0.0000000000 0.0000000000 0.0000000000 0.0000000000
4.1896615028 40.6386909485 -7.5057868958 103.0734329224 0.0000000000 0.0000000000 0.0000000000 0.0000000000
4.1963500977 40.7158508301 -7.4703388214 103.0119400024 0.0000000000 0.0000000000 0.0000000000 0.0000000000
4.2017879486 40.7929382324 -7.4028511047 102.9518661499 0.0000000000 0.0000000000 0.0000000000 0.0000000000
4.2058448792 40.8699188232 -7.3443169594 102.8905944824 0.0000000000 0.0000000000 0.0000000000 0.0000000000
4.2084083557 40.9467887878 -7.3086948395 102.8312988281 0.0000000000 0.0000000000 0.0000000000 0.0000000000
4.2093873024 41.0235595703 -7.2748031616 102.7659530640 0.0000000000 0.0000000000 0.0000000000 0.0000000000
4.2087182999 41.1002235413 -7.2470984459 102.6938171387 0.0000000000 0.0000000000 0.0000000000 0.0000000000
4.2063570023 41.1767807007 -7.2054729462 102.6233139038 0.0000000000 0.0000000000 0.0000000000 0.0000000000
4.2023673058 41.2532272339 -7.1485657692 102.5547561646 0.0000000000 0.0000000000 0.0000000000 0.0000000000
4.1968593597 41.3295059204 -7.0883975029 102.4887847900 0.0000000000 0.0000000000 0.0000000000 0.0000000000
4.1899909973 41.4055633545 -7.0198698044 102.4263229370 0.0000000000 0.0000000000 0.0000000000 0.0000000000
4.1819243431 41.4814414978 -6.9683103561 102.3656692505 0.0000000000 0.0000000000 0.0000000000 0.0000000000
4.1728825569 41.5571479797 -6.9355969429 102.3116226196 0.0000000000 0.0000000000 0.0000000000 0.0000000000
4.1630134583 41.6326828003 -6.8983721733 102.2682571411 0.0000000000 0.0000000000 0.0000000000 0.0000000000
4.1524696350 41.7079658508 -6.8465170860 102.2248229980 0.0000000000 0.0000000000 0.0000000000 0.0000000000
4.1414761543 41.7829551697 -6.7954974174 102.1842575073 0.0000000000 0.0000000000 0.0000000000 0.0000000000
4.1302514076 41.8576774597 -6.7362251282 102.1311416626 0.0000000000 0.0000000000 0.0000000000 0.0000000000
4.1190099716 41.9321365356 -6.7192511559 102.0758438110 0.0000000000 0.0000000000 0.0000000000 0.0000000000
4.1078715324 42.0063514709 -6.6949372292 102.0124588013 0.0000000000 0.0000000000 0.0000000000 0.0000000000
4.0969948769 42.0803184509 -6.6322274208 101.9341049194 0.0000000000 0.0000000000 0.0000000000 0.0000000000
4.0864176750 42.1540374756 -6.5559005737 101.8519134521 0.0000000000 0.0000000000 0.0000000000 0.0000000000
4.0761499405 42.2274742126 -6.5294651985 101.7848892212 0.0000000000 0.0000000000 0.0000000000 0.0000000000
4.0663847923 42.3006210327 -6.5044035912 101.7239227295 0.0000000000 0.0000000000 0.0000000000 0.0000000000
4.0573468208 42.3734741211 -6.4362835884 101.6664962769 0.0000000000 0.0000000000 0.0000000000 0.0000000000
4.0491628647 42.4459800720 -6.3801946640 101.6185226440 0.0000000000 0.0000000000 0.0000000000 0.0000000000
4.0419282913 42.5180740356 -6.3424711227 101.5733566284 0.0000000000 0.0000000000 0.0000000000 0.0000000000
4.0358424187 42.5897712708 -6.2876443863 101.5057754517 0.0000000000 0.0000000000 0.0000000000 0.0000000000
4.0310292244 42.6610603333 -6.2722520828 101.4319839478 0.0000000000 0.0000000000 0.0000000000 0.0000000000
4.0274744034 42.7320060730 -6.2687849998 101.3557205200 0.0000000000 0.0000000000 0.0000000000 0.0000000000
4.0251584053 42.8026771545 -6.2475409508 101.2841033936 0.0000000000 0.0000000000 0.0000000000 0.0000000000
4.0239987373 42.8730621338 -6.1975111961 101.2211456299 0.0000000000 0.0000000000 0.0000000000 0.0000000000
4.0239481926 42.9431686401 -6.1562027931 101.1713104248 0.0000000000 0.0000000000 0.0000000000 0.0000000000
4.0249476433 43.0129776001 -6.1342701912 101.1359710693 0.0000000000 0.0000000000 0.0000000000 0.0000000000
4.0269279480 43.0824890137 -6.0809626579 101.0901718140 0.0000000000 0.0000000000 0.0000000000 0.0000000000
4.0297970772 43.1517219543 -6.0034317970 101.0307006836 0.0000000000 0.0000000000 0.0000000000 0.0000000000
4.0334396362 43.2207450867 -6.0132417679 100.9737091064 0.0000000000 0.0000000000 0.0000000000 0.0000000000
4.0378150940 43.2896194458 -5.9747047424 100.8971786499 0.0000000000 0.0000000000 0.0000000000 0.0000000000
4.0427694321 43.3583717346 -5.9258508682 100.8170623779 0.0000000000 0.0000000000 0.0000000000 0.0000000000
4.0481595993 43.4270706177 -5.9174757004 100.7617721558 0.0000000000 0.0000000000 0.0000000000 0.0000000000
4.0538678169 43.4957656860 -5.8719620705 100.7047271729 0.0000000000 0.0000000000 0.0000000000 0.0000000000
4.0599145889 43.5644531250 -5.8001070023 100.6567001343 0.0000000000 0.0000000000 0.0000000000 0.0000000000
4.0662336349 43.6331100464 -5.8134093285 100.6130752563 0.0000000000 0.0000000000 0.0000000000 0.0000000000
4.0729556084 43.7017059326 -5.7583656311 100.5626678467 0.0000000000 0.0000000000 0.0000000000 0.0000000000
4.0801234245 43.7702217102 -5.6996250153 100.4911575317 0.0000000000 0.0000000000 0.0000000000 0.0000000000
4.0878739357 43.8385505676 -5.7038836479 100.4411621094 0.0000000000 0.0000000000 0.0000000000 0.0000000000
4.0960769653 43.9067573547 -5.6332283020 100.3726501465 0.0000000000 0.0000000000 0.0000000000 0.0000000000
4.1046643257 43.9748306274 -5.5645194054 100.3245849609 0.0000000000 0.0000000000 0.0000000000 0.0000000000
4.1134729385 44.0427513123 -5.5528531075 100.2871627808 0.0000000000 0.0000000000 0.0000000000 0.0000000000
4.1224007607 44.1104888916 -5.4626860619 100.2377777100 0.0000000000 0.0000000000 0.0000000000 0.0000000000
4.1312522888 44.1780509949 -5.4509873390 100.1923599243 0.0000000000 0.0000000000 0.0000000000 0.0000000000
4.1398854256 44.2454414368 -5.4587326050 100.1543960571 0.0000000000 0.0000000000 0.0000000000 0.0000000000
4.1480569839 44.3126335144 -5.3723306656 100.0854797363 0.0000000000 0.0000000000 0.0000000000 0.0000000000
4.1556377411 44.3796653748 -5.3759651184 100.0444793701 0.0000000000 0.0000000000 0.0000000000 0.0000000000
4.1622815132 44.4465370178 -5.3405246735 99.9862136841 0.0000000000 0.0000000000 0.0000000000 0.0000000000
4.1679096222 44.5131874084 -5.2529501915 99.9360961914 0.0000000000 0.0000000000 0.0000000000 0.0000000000
4.1721730232 44.5795898438 -5.2129755020 99.8909530640 0.0000000000 0.0000000000 0.0000000000 0.0000000000
4.1749958992 44.6456527710 -5.1779356003 99.8510818481 0.0000000000 0.0000000000 0.0000000000 0.0000000000
4.1762499809 44.7113418579 -5.1608371735 99.8027496338 0.0000000000 0.0000000000 0.0000000000 0.0000000000
4.1759805679 44.7765884399 -5.0798482895 99.7347946167 0.0000000000 0.0000000000 0.0000000000 0.0000000000
4.1741814613 44.8413734436 -5.1471738815 99.6919631958 0.0000000000 0.0000000000 0.0000000000 0.0000000000
4.1710271835 44.9056587219 -5.0200424194 99.6258544922 0.0000000000 0.0000000000 0.0000000000 0.0000000000
4.1665830612 44.9694633484 -5.1020936966 99.6031417847 0.0000000000 0.0000000000 0.0000000000 0.0000000000
4.1610770226 45.0327529907 -4.9165706635 99.5388031006 0.0000000000 0.0000000000 0.0000000000 0.0000000000
4.1545152664 45.0954933167 -5.0605125427 99.5180664062 0.0000000000 0.0000000000 0.0000000000 0.0000000000
4.1473636627 45.1576919556 -4.8280606270 99.4259643555 0.0000000000 0.0000000000 0.0000000000 0.0000000000
4.1396527290 45.2193183899 -4.9969382286 99.4035949707 0.0000000000 0.0000000000 0.0000000000 0.0000000000
4.1316819191 45.2802886963 -4.7416577339 99.3234100342 0.0000000000 0.0000000000 0.0000000000 0.0000000000
4.1234679222 45.3405952454 -4.9899950027 99.3373947144 0.0000000000 0.0000000000 0.0000000000 0.0000000000
4.1151924133 45.4001960754 -4.5736665726 99.2310028076 0.0000000000 0.0000000000 0.0000000000 0.0000000000
4.1066269875 45.4591369629 -5.0908017159 99.2761077881 0.0000000000 0.0000000000 0.0000000000 0.0000000000
4.0978651047 45.5174064636 -4.2623224258 99.0767593384 0.0000000000 0.0000000000 0.0000000000 0.0000000000
4.0885300636 45.5750923157 -5.4950532913 99.2392120361 0.0000000000 0.0000000000 0.0000000000 0.0000000000
4.0789685249 45.6320610046 -3.5884993076 98.8587646484 0.0000000000 0.0000000000 0.0000000000 0.0000000000
4.0684452057 45.6884307861 -6.1505622864 99.2805786133 0.0000000000 0.0000000000 0.0000000000 0.0000000000
4.0579576492 45.7440032959 -3.1421802044 98.6985397339 0.0000000000 0.0000000000 0.0000000000 0.0000000000
4.0464010239 45.7990455627 -5.7609467506 99.1205596924 0.0000000000 0.0000000000 0.0000000000 0.0000000000
4.0350317955 45.8533668518 -4.2960228920 98.8112030029 0.0000000000 0.0000000000 0.0000000000 0.0000000000
4.0234227180 45.9071159363 -4.1212754250 98.7285385132 0.0000000000 0.0000000000 0.0000000000 0.0000000000
4.0117983818 45.9603157043 -5.4985971451 98.9457931519 0.0000000000 0.0000000000 0.0000000000 0.0000000000
4.0008373260 46.0129508972 -3.5811243057 98.5657272339 0.0000000000 0.0000000000 0.0000000000 0.0000000000
3.9899969101 46.0651855469 -5.0314383507 98.7790527344 0.0000000000 0.0000000000 0.0000000000 0.0000000000
3.9799516201 46.1169700623 -4.5201950073 98.6443939209 0.0000000000 0.0000000000 0.0000000000 0.0000000000
3.9704575539 46.1683959961 -4.0715870857 98.5070114136 0.0000000000 0.0000000000 0.0000000000 0.0000000000
3.9614515305 46.2195167542 -4.9779415131 98.6233901978 0.0000000000 0.0000000000 0.0000000000 0.0000000000
3.9529814720 46.2703170776 -4.0948605537 98.4336090088 0.0000000000 0.0000000000 0.0000000000 0.0000000000
3.9444839954 46.3209037781 -4.3937110901 98.4575805664 0.0000000000 0.0000000000 0.0000000000 0.0000000000
3.9355068207 46.3713493347 -4.6505808830 98.4736938477 0.0000000000 0.0000000000 0.0000000000 0.0000000000
3.9255487919 46.4216766357 -3.9947552681 98.3200607300 0.0000000000 0.0000000000 0.0000000000 0.0000000000
3.9141166210 46.4720344543 -4.6251873970 98.3707199097 0.0000000000 0.0000000000 0.0000000000 0.0000000000
3.9008660316 46.5224380493 -4.2824277878 98.2657546997 0.0000000000 0.0000000000 0.0000000000 0.0000000000
3.8855957985 46.5729446411 -4.0378689766 98.1931915283 0.0000000000 0.0000000000 0.0000000000 0.0000000000
3.8681643009 46.6236267090 -4.7525601387 98.2924957275 0.0000000000 0.0000000000 0.0000000000 0.0000000000
3.8489387035 46.6743850708 -3.6188378334 98.0810470581 0.0000000000 0.0000000000 0.0000000000 0.0000000000
3.8281290531 46.7252998352 -4.8523674011 98.2432785034 0.0000000000 0.0000000000 0.0000000000 0.0000000000
3.8065080643 46.7761917114 -3.7383761406 97.9995651245 0.0000000000 0.0000000000 0.0000000000 0.0000000000
3.7841560841 46.8270988464 -4.4610986710 98.0563735962 0.0000000000 0.0000000000 0.0000000000 0.0000000000
3.7613580227 46.8778762817 -4.2269334793 97.9774093628 0.0000000000 0.0000000000 0.0000000000 0.0000000000
3.7378110886 46.9284744263 -3.7690758705 97.8728485107 0.0000000000 0.0000000000 0.0000000000 0.0000000000
3.7129065990 46.9789276123 -4.7745466232 98.0114517212 0.0000000000 0.0000000000 0.0000000000 0.0000000000
3.6865220070 47.0290718079 -3.1718354225 97.7049865723 0.0000000000 0.0000000000 0.0000000000 0.0000000000
3.6582572460 47.0790786743 -5.2159233093 97.9929275513 0.0000000000 0.0000000000 0.0000000000 0.0000000000
3.6289846897 47.1286697388 -2.8763256073 97.5641555786 0.0000000000 0.0000000000 0.0000000000 0.0000000000
3.5987446308 47.1780624390 -5.2674989700 97.9068450928 0.0000000000 0.0000000000 0.0000000000 0.0000000000
3.5693221092 47.2268943787 -3.1070551872 97.5181961060 0.0000000000 0.0000000000 0.0000000000 0.0000000000
3.5408902168 47.2752456665 -4.6740355492 97.7369155884 0.0000000000 0.0000000000 0.0000000000 0.0000000000
3.5147154331 47.3228721619 -3.7464091778 97.5427474976 0.0000000000 0.0000000000 0.0000000000 0.0000000000
3.4908022881 47.3697509766 -3.8754851818 97.5055236816 0.0000000000 0.0000000000 0.0000000000 0.0000000000
3.4692358971 47.4158477783 -4.3738899231 97.5279006958 0.0000000000 0.0000000000 0.0000000000 0.0000000000
3.4499185085 47.4611854553 -3.3913323879 97.3359146118 0.0000000000 0.0000000000 0.0000000000 0.0000000000
3.4320287704 47.5058937073 -4.5938687325 97.4919662476 0.0000000000 0.0000000000 0.0000000000 0.0000000000
3.4151847363 47.5500106812 -3.3015389442 97.2469482422 0.0000000000 0.0000000000 0.0000000000 0.0000000000
3.3983645439 47.5936546326 -4.5228743553 97.4034118652 0.0000000000 0.0000000000 0.0000000000 0.0000000000
3.3814396858 47.6368560791 -3.3824722767 97.1661376953 0.0000000000 0.0000000000 0.0000000000 0.0000000000
3.3639037609 47.6796798706 -4.3523163795 97.2741394043 0.0000000000 0.0000000000 0.0000000000 0.0000000000
3.3461086750 47.7220649719 -3.4533140659 97.0843734741 0.0000000000 0.0000000000 0.0000000000 0.0000000000
3.3282337189 47.7639808655 -4.1489338875 97.1705093384 0.0000000000 0.0000000000 0.0000000000 0.0000000000
3.3109309673 47.8053932190 -3.6109166145 97.0717010498 0.0000000000 0.0000000000 0.0000000000 0.0000000000
3.2943308353 47.8462181091 -3.8555643559 97.0778808594 0.0000000000 0.0000000000 0.0000000000 0.0000000000
3.2786569595 47.8864288330 -3.8776149750 97.0404357910 0.0000000000 0.0000000000 0.0000000000 0.0000000000
3.2637319565 47.9260063171 -3.5444033146 96.9407196045 0.0000000000 0.0000000000 0.0000000000 0.0000000000
3.2491412163 47.9650382996 -4.1901659966 97.0095748901 0.0000000000 0.0000000000 0.0000000000 0.0000000000
3.2343988419 48.0035934448 -3.1654448509 96.8175354004 0.0000000000 0.0000000000 0.0000000000 0.0000000000
3.2189309597 48.0417213440 -4.5053591728 97.0047836304 0.0000000000 0.0000000000 0.0000000000 0.0000000000
3.2027983665 48.0794105530 -2.7912552357 96.7002334595 0.0000000000 0.0000000000 0.0000000000 0.0000000000
3.1855127811 48.1167869568 -4.8244190216 96.9895858765 0.0000000000 0.0000000000 0.0000000000 0.0000000000
3.1677916050 48.1537590027 -2.4978313446 96.5958709717 0.0000000000 0.0000000000 0.0000000000 0.0000000000
3.1493351460 48.1904373169 -4.9563918114 96.9555969238 0.0000000000 0.0000000000 0.0000000000 0.0000000000
3.1311602592 48.2266654968 -2.5555927753 96.5641632080 0.0000000000 0.0000000000 0.0000000000 0.0000000000
3.1129751205 48.2625846863 -4.5699820518 96.8490524292 0.0000000000 0.0000000000 0.0000000000 0.0000000000
3.0954289436 48.2980918884 -3.0920815468 96.5890884399 0.0000000000 0.0000000000 0.0000000000 0.0000000000
3.0781974792 48.3332214355 -3.8726372719 96.6836013794 0.0000000000 0.0000000000 0.0000000000 0.0000000000
3.0613408089 48.3679389954 -3.6775457859 96.6215438843 0.0000000000 0.0000000000 0.0000000000 0.0000000000
3.0446541309 48.4022407532 -3.3845801353 96.5649948120 0.0000000000 0.0000000000 0.0000000000 0.0000000000
3.0280299187 48.4360656738 -3.9092230797 96.6237030029 0.0000000000 0.0000000000 0.0000000000 0.0000000000
3.0115771294 48.4694824219 -3.2665328979 96.5146102905 0.0000000000 0.0000000000 0.0000000000 0.0000000000
2.9954440594 48.5023803711 -3.8501191139 96.5764083862 0.0000000000 0.0000000000 0.0000000000 0.0000000000
2.9801065922 48.5347557068 -3.3210005760 96.4676589966 0.0000000000 0.0000000000 0.0000000000 0.0000000000
2.9658126831 48.5665626526 -3.7475042343 96.4991836548 0.0000000000 0.0000000000 0.0000000000 0.0000000000
2.9530076981 48.5977783203 -3.3445241451 96.4082946777 0.0000000000 0.0000000000 0.0000000000 0.0000000000
2.9417979717 48.6283950806 -3.7953829765 96.4561691284 0.0000000000 0.0000000000 0.0000000000 0.0000000000
2.9322543144 48.6584014893 -3.1335463524 96.3196868896 0.0000000000 0.0000000000 0.0000000000 0.0000000000
2.9239807129 48.6879043579 -4.1402425766 96.4467544556 0.0000000000 0.0000000000 0.0000000000 0.0000000000
2.9163496494 48.7170257568 -2.5939104557 96.1893005371 0.0000000000 0.0000000000 0.0000000000 0.0000000000
2.9086887836 48.7458801270 -4.7425346375 96.4582443237 0.0000000000 0.0000000000 0.0000000000 0.0000000000
2.9005060196 48.7745132446 -1.8765383959 96.0368652344 0.0000000000 0.0000000000 0.0000000000 0.0000000000
2.8911306858 48.8030662537 -5.3315567970 96.4815216064 0.0000000000 0.0000000000 0.0000000000 0.0000000000
2.8808178902 48.8313865662 -1.5977368355 95.9296264648 0.0000000000 0.0000000000 0.0000000000 0.0000000000
2.8690161705 48.8597755432 -5.0219340324 96.3657608032 0.0000000000 0.0000000000 0.0000000000 0.0000000000
2.8566308022 48.8879318237 -2.5031688213 95.9694595337 0.0000000000 0.0000000000 0.0000000000 0.0000000000
2.8435173035 48.9160575867 -3.6227748394 96.1009368896 0.0000000000 0.0000000000 0.0000000000 0.0000000000
2.8305857182 48.9440269470 -3.8237822056 96.0867385864 0.0000000000 0.0000000000 0.0000000000 0.0000000000
2.8184559345 48.9717864990 -2.5338144302 95.9053344727 0.0000000000 0.0000000000 0.0000000000 0.0000000000
2.8076479435 48.9992790222 -4.3957958221 96.1142120361 0.0000000000 0.0000000000 0.0000000000 0.0000000000
2.7981545925 49.0264549255 -2.4904572964 95.8320465088 0.0000000000 0.0000000000 0.0000000000 0.0000000000
2.7898914814 49.0533790588 -4.0396580696 96.0132293701 0.0000000000 0.0000000000 0.0000000000 0.0000000000
2.7823774815 49.0801086426 -3.0862538815 95.8321151733 0.0000000000 0.0000000000 0.0000000000 0.0000000000
2.7750821114 49.1067314148 -3.4570486546 95.8724212646 0.0000000000 0.0000000000 0.0000000000 0.0000000000
2.7679269314 49.1332435608 -3.4506802559 95.8219680786 0.0000000000 0.0000000000 0.0000000000 0.0000000000
2.7605838776 49.1596603394 -3.1469392776 95.7544174194 0.0000000000 0.0000000000 0.0000000000 0.0000000000
2.7533047199 49.1859703064 -3.5870146751 95.7888793945 0.0000000000 0.0000000000 0.0000000000 0.0000000000
2.7463221550 49.2120780945 -3.0588741302 95.6681442261 0.0000000000 0.0000000000 0.0000000000 0.0000000000
2.7399621010 49.2379417419 -3.6920542717 95.7274627686 0.0000000000 0.0000000000 0.0000000000 0.0000000000
2.7346448898 49.2635192871 -2.9420180321 95.5779113770 0.0000000000 0.0000000000 0.0000000000 0.0000000000
2.7304530144 49.2887878418 -3.8052933216 95.6882553101 0.0000000000 0.0000000000 0.0000000000 0.0000000000
2.7275581360 49.3137817383 -2.7562654018 95.5163650513 0.0000000000 0.0000000000 0.0000000000 0.0000000000
2.7259428501 49.3385086060 -3.8764457703 95.6198730469 0.0000000000 0.0000000000 0.0000000000 0.0000000000
2.7248547077 49.3630599976 -2.7639510632 95.4557342529 0.0000000000 0.0000000000 0.0000000000 0.0000000000
2.7243146896 49.3874053955 -3.7401769161 95.5482254028 0.0000000000 0.0000000000 0.0000000000 0.0000000000
2.7237434387 49.4116096497 -3.0006041527 95.4356765747 0.0000000000 0.0000000000 0.0000000000 0.0000000000
2.7232601643 49.4356918335 -3.3692500591 95.4510421753 0.0000000000 0.0000000000 0.0000000000 0.0000000000
2.7226526737 49.4596290588 -3.4077088833 95.4599151611 0.0000000000 0.0000000000 0.0000000000 0.0000000000
2.7225093842 49.4834022522 -2.8431088924 95.3369827271 0.0000000000 0.0000000000 0.0000000000 0.0000000000
2.7229170799 49.5069847107 -3.9548943043 95.4446105957 0.0000000000 0.0000000000 0.0000000000 0.0000000000
2.7239537239 49.5303649902 -2.2581186295 95.2103729248 0.0000000000 0.0000000000 0.0000000000 0.0000000000
2.7258286476 49.5535888672 -4.5363807678 95.4868011475 0.0000000000 0.0000000000 0.0000000000 0.0000000000
2.7280740738 49.5766372681 -1.6867064238 95.1203384399 0.0000000000 0.0000000000 0.0000000000 0.0000000000
2.7305259705 49.5996322632 -4.9672408104 95.4998245239 0.0000000000 0.0000000000 0.0000000000 0.0000000000
2.7324163914 49.6225013733 -1.5679343939 95.0559692383 0.0000000000 0.0000000000 0.0000000000 0.0000000000
2.7330965996 49.6454658508 -4.6639490128 95.4076385498 0.0000000000 0.0000000000 0.0000000000 0.0000000000
2.7324147224 49.6683273315 -2.2686059475 95.0715026855 0.0000000000 0.0000000000 0.0000000000 0.0000000000
2.7302134037 49.6912574768 -3.5545730591 95.2240753174 0.0000000000 0.0000000000 0.0000000000 0.0000000000
2.7271261215 49.7141151428 -3.4028265476 95.1745223999 0.0000000000 0.0000000000 0.0000000000 0.0000000000
2.7238996029 49.7368011475 -2.5408117771 95.0580368042 0.0000000000 0.0000000000 0.0000000000 0.0000000000
2.7212760448 49.7592811584 -4.0802617073 95.1933441162 0.0000000000 0.0000000000 0.0000000000 0.0000000000
2.7195212841 49.7814598083 -2.2531213760 94.9878692627 0.0000000000 0.0000000000 0.0000000000 0.0000000000
2.7190043926 49.8033561707 -4.0281128883 95.1648712158 0.0000000000 0.0000000000 0.0000000000 0.0000000000
2.7191970348 49.8250617981 -2.5360193253 94.9813232422 0.0000000000 0.0000000000 0.0000000000 0.0000000000
2.7197539806 49.8466453552 -3.5729353428 95.0954513550 0.0000000000 0.0000000000 0.0000000000 0.0000000000
2.7202644348 49.8681640625 -2.9987645149 94.9745407104 0.0000000000 0.0000000000 0.0000000000 0.0000000000
2.7203128338 49.8896903992 -3.1810746193 94.9842834473 0.0000000000 0.0000000000 0.0000000000 0.0000000000
2.7201840878 49.9111251831 -3.2190263271 94.9352951050 0.0000000000 0.0000000000 0.0000000000 0.0000000000
2.7198455334 49.9325065613 -3.0286042690 94.9312133789 0.0000000000 0.0000000000 0.0000000000 0.0000000000
2.7198522091 49.9538040161 -3.1978189945 94.9235687256 0.0000000000 0.0000000000 0.0000000000 0.0000000000
2.7202711105 49.9749908447 -3.0832662582 94.8921051025 0.0000000000 0.0000000000 0.0000000000 0.0000000000
2.7211530209 49.9960708618 -3.1075003147 94.8821868896 0.0000000000 0.0000000000 0.0000000000 0.0000000000
2.7222437859 50.0170783997 -3.1621522903 94.8657913208 0.0000000000 0.0000000000 0.0000000000 0.0000000000
2.7229900360 50.0380630493 -3.0528097153 94.8439559937 0.0000000000 0.0000000000 0.0000000000 0.0000000000
2.7229521275 50.0590095520 -3.1129753590 94.8218078613 0.0000000000 0.0000000000 0.0000000000 0.0000000000
2.7216963768 50.0800170898 -3.1653964520 94.8342742920 0.0000000000 0.0000000000 0.0000000000 0.0000000000
2.7193470001 50.1010704041 -2.9174585342 94.7464370728 0.0000000000 0.0000000000 0.0000000000 0.0000000000
2.7158334255 50.1221542358 -3.4484827518 94.8168869019 0.0000000000 0.0000000000 0.0000000000 0.0000000000
2.7117261887 50.1432495117 -2.5331115723 94.6856079102 0.0000000000 0.0000000000 0.0000000000 0.0000000000
2.7072312832 50.1643905640 -3.8971440792 94.8248748779 0.0000000000 0.0000000000 0.0000000000 0.0000000000
2.7025160789 50.1854476929 -1.9798502922 94.6040878296 0.0000000000 0.0000000000 0.0000000000 0.0000000000
2.6975398064 50.2065162659 -4.5188884735 94.8339233398 0.0000000000 0.0000000000 0.0000000000 0.0000000000
2.6918745041 50.2274780273 -1.3444756269 94.4932708740 0.0000000000 0.0000000000 0.0000000000 0.0000000000
2.6850531101 50.2486000061 -5.0648722649 94.8600311279 0.0000000000 0.0000000000 0.0000000000 0.0000000000
2.6769971848 50.2695388794 -1.0788551569 94.4060211182 0.0000000000 0.0000000000 0.0000000000 0.0000000000
2.6668944359 50.2906265259 -4.8691735268 94.8100357056 0.0000000000 0.0000000000 0.0000000000 0.0000000000
2.6554791927 50.3114585876 -1.8064875603 94.4328765869 0.0000000000 0.0000000000 0.0000000000 0.0000000000
2.6424305439 50.3324508667 -3.6219377518 94.6251144409 0.0000000000 0.0000000000 0.0000000000 0.0000000000
2.6287217140 50.3532752991 -3.1796410084 94.5518264771 0.0000000000 0.0000000000 0.0000000000 0.0000000000
2.6150107384 50.3739242554 -2.3325219154 94.4602966309 0.0000000000 0.0000000000 0.0000000000 0.0000000000
2.6018576622 50.3944587708 -4.1197156906 94.6047286987 0.0000000000 0.0000000000 0.0000000000 0.0000000000
2.5895040035 50.4148597717 -1.8924642801 94.3705673218 0.0000000000 0.0000000000 0.0000000000 0.0000000000
2.5779378414 50.4352188110 -4.0452523232 94.5628738403 0.0000000000 0.0000000000 0.0000000000 0.0000000000
2.5668294430 50.4554252625 -2.3971037865 94.3726654053 0.0000000000 0.0000000000 0.0000000000 0.0000000000
2.5557651520 50.4756240845 -3.2226936817 94.4711074829 0.0000000000 0.0000000000 0.0000000000 0.0000000000
2.5448319912 50.4957466125 -3.2462050915 94.4100189209 0.0000000000 0.0000000000 0.0000000000 0.0000000000
2.5337660313 50.5157394409 -2.6207711697 94.3699493408 0.0000000000 0.0000000000 0.0000000000 0.0000000000
2.5232234001 50.5355491638 -3.4814045429 94.3942947388 0.0000000000 0.0000000000 0.0000000000 0.0000000000
2.5131900311 50.5552139282 -2.6288640499 94.3251647949 0.0000000000 0.0000000000 0.0000000000 0.0000000000
2.5042078495 50.5747642517 -3.2191314697 94.3739013672 0.0000000000 0.0000000000 0.0000000000 0.0000000000
2.4964318275 50.5942230225 -2.9640004635 94.3181915283 0.0000000000 0.0000000000 0.0000000000 0.0000000000
2.4898910522 50.6135940552 -2.8693091869 94.3003845215 0.0000000000 0.0000000000 0.0000000000 0.0000000000
2.4850199223 50.6329269409 -3.2287464142 94.2836074829 0.0000000000 0.0000000000 0.0000000000 0.0000000000
2.4814529419 50.6522064209 -2.7968540192 94.2488098145 0.0000000000 0.0000000000 0.0000000000 0.0000000000
2.4793622494 50.6714210510 -3.1444203854 94.2138366699 0.0000000000 0.0000000000 0.0000000000 0.0000000000
2.4780011177 50.6905288696 -3.0668072701 94.2532653809 0.0000000000 0.0000000000 0.0000000000 0.0000000000
2.4773118496 50.7094688416 -2.7376084328 94.1598052979 0.0000000000 0.0000000000 0.0000000000 0.0000000000
2.4766178131 50.7283172607 -3.4276518822 94.2269668579 0.0000000000 0.0000000000 0.0000000000 0.0000000000
2.4755837917 50.7469062805 -2.4364976883 94.1009445190 0.0000000000 0.0000000000 0.0000000000 0.0000000000
2.4738519192 50.7653617859 -3.5848183632 94.2016601562 0.0000000000 0.0000000000 0.0000000000 0.0000000000
2.4710772038 50.7834968567 -2.3966512680 94.0531311035 0.0000000000 0.0000000000 0.0000000000 0.0000000000
2.4670436382 50.8014450073 -3.4714939594 94.1747436523 0.0000000000 0.0000000000 0.0000000000 0.0000000000
2.4615237713 50.8191375732 -2.5724477768 94.0320358276 0.0000000000 0.0000000000 0.0000000000 0.0000000000
2.4541141987 50.8366622925 -3.2626791000 94.1165161133 0.0000000000 0.0000000000 0.0000000000 0.0000000000
2.4449715614 50.8539085388 -2.7623050213 93.9876022339 0.0000000000 0.0000000000 0.0000000000 0.0000000000
2.4336216450 50.8710021973 -3.0614776611 94.0874099731 0.0000000000 0.0000000000 0.0000000000 0.0000000000
2.4202463627 50.8878898621 -2.8553714752 93.9664993286 0.0000000000 0.0000000000 0.0000000000 0.0000000000
2.4045157433 50.9046211243 -2.9240233898 94.0455932617 0.0000000000 0.0000000000 0.0000000000 0.0000000000
2.3869285583 50.9211578369 -2.8860769272 93.9850769043 0.0000000000 0.0000000000 0.0000000000 0.0000000000
2.3677918911 50.9376373291 -2.9175202847 93.9995880127 0.0000000000 0.0000000000 0.0000000000 0.0000000000
2.3477778435 50.9540290833 -2.8407504559 93.9553833008 0.0000000000 0.0000000000 0.0000000000 0.0000000000
2.3274922371 50.9703445435 -2.9546384811 94.0151367188 0.0000000000 0.0000000000 0.0000000000 0.0000000000
2.3077633381 50.9863853455 -2.8605732918 93.8955917358 0.0000000000 0.0000000000 0.0000000000 0.0000000000
2.2886340618 51.0022277832 -2.8154034615 94.0078506470 0.0000000000 0.0000000000 0.0000000000 0.0000000000
2.2709276676 51.0175628662 -3.2352089882 93.8611907959 0.0000000000 0.0000000000 0.0000000000 0.0000000000
2.2540652752 51.0326576233 -2.2074339390 93.9640884399 0.0000000000 0.0000000000 0.0000000000 0.0000000000
2.2393441200 51.0471954346 -4.0770463943 93.8838882446 0.0000000000 0.0000000000 0.0000000000 0.0000000000
2.2257459164 51.0615081787 -1.2211757898 93.8774414062 0.0000000000 0.0000000000 0.0000000000 0.0000000000
2.2145550251 51.0753631592 -4.9016060829 93.9757461548 0.0000000000 0.0000000000 0.0000000000 0.0000000000
2.2044358253 51.0889549255 -0.9947713614 93.7529296875 0.0000000000 0.0000000000 0.0000000000 0.0000000000
2.1953666210 51.1022682190 -4.1537961960 93.9652786255 0.0000000000 0.0000000000 0.0000000000 0.0000000000
2.1866240501 51.1152610779 -2.4875206947 93.8282623291 0.0000000000 0.0000000000 0.0000000000 0.0000000000
2.1777150631 51.1280288696 -2.1430637836 93.8056335449 0.0000000000 0.0000000000 0.0000000000 0.0000000000
2.1686542034 51.1405830383 -4.2234797478 94.0148391724 0.0000000000 0.0000000000 0.0000000000 0.0000000000
2.1598701477 51.1528739929 -1.2245653868 93.7051315308 0.0000000000 0.0000000000 0.0000000000 0.0000000000
2.1514501572 51.1650199890 -4.1450762749 93.9612579346 0.0000000000 0.0000000000 0.0000000000 0.0000000000
2.1439170837 51.1769638062 -2.2178416252 93.7806167603 0.0000000000 0.0000000000 0.0000000000 0.0000000000
2.1373829842 51.1887702942 -2.6452889442 93.8487167358 0.0000000000 0.0000000000 0.0000000000 0.0000000000
2.1322195530 51.2004280090 -3.6264476776 93.8659515381 0.0000000000 0.0000000000 0.0000000000 0.0000000000
2.1284403801 51.2120437622 -1.8015455008 93.8129425049 0.0000000000 0.0000000000 0.0000000000 0.0000000000
2.1262745857 51.2234611511 -3.7737250328 93.7916564941 0.0000000000 0.0000000000 0.0000000000 0.0000000000
2.1249110699 51.2348937988 -2.3575899601 93.7683715820 0.0000000000 0.0000000000 0.0000000000 0.0000000000
2.1239774227 51.2462539673 -2.7279887199 93.7663040161 0.0000000000 0.0000000000 0.0000000000 0.0000000000
2.1227152348 51.2576103210 -3.4705264568 93.8312530518 0.0000000000 0.0000000000 0.0000000000 0.0000000000
2.1206150055 51.2689666748 -1.8539701700 93.6796875000 0.0000000000 0.0000000000 0.0000000000 0.0000000000
2.1171293259 51.2803916931 -3.8445024490 93.8489379883 0.0000000000 0.0000000000 0.0000000000 0.0000000000
2.1122324467 51.2917480469 -2.1289031506 93.6095123291 0.0000000000 0.0000000000 0.0000000000 0.0000000000
2.1052854061 51.3031959534 -3.0923886299 93.7837142944 0.0000000000 0.0000000000 0.0000000000 0.0000000000
2.0967772007 51.3145408630 -3.0319409370 93.7087860107 0.0000000000 0.0000000000 0.0000000000 0.0000000000
2.0866796970 51.3259353638 -2.3395686150 93.7149963379 0.0000000000 0.0000000000 0.0000000000 0.0000000000
2.0756878853 51.3372802734 -3.3930723667 93.6859893799 0.0000000000 0.0000000000 0.0000000000 0.0000000000
2.0638091564 51.3486480713 -2.4107794762 93.6610183716 0.0000000000 0.0000000000 0.0000000000 0.0000000000
2.0516560078 51.3599433899 -2.9679968357 93.6384048462 0.0000000000 0.0000000000 0.0000000000 0.0000000000
2.0391643047 51.3713035583 -3.0052113533 93.6858825684 0.0000000000 0.0000000000 0.0000000000 0.0000000000
2.0267782211 51.3827323914 -2.3514802456 93.6255950928 0.0000000000 0.0000000000 0.0000000000 0.0000000000
2.0144128799 51.3942337036 -3.4845881462 93.7056655884 0.0000000000 0.0000000000 0.0000000000 0.0000000000
2.0021910667 51.4057617188 -2.1462428570 93.5225601196 0.0000000000 0.0000000000 0.0000000000 0.0000000000
1.9896023273 51.4173507690 -3.4467430115 93.7078781128 0.0000000000 0.0000000000 0.0000000000 0.0000000000
1.9769799709 51.4287681580 -2.4323937893 93.5143890381 0.0000000000 0.0000000000 0.0000000000 0.0000000000
1.9637484550 51.4402389526 -2.9788792133 93.6774063110 0.0000000000 0.0000000000 0.0000000000 0.0000000000
1.9503637552 51.4515647888 -2.9165754318 93.5659637451 0.0000000000 0.0000000000 0.0000000000 0.0000000000
1.9364643097 51.4629135132 -2.5484707355 93.6004180908 0.0000000000 0.0000000000 0.0000000000 0.0000000000
1.9224096537 51.4741668701 -3.1562826633 93.5908432007 0.0000000000 0.0000000000 0.0000000000 0.0000000000
1.9082235098 51.4853897095 -2.5003232956 93.5893173218 0.0000000000 0.0000000000 0.0000000000 0.0000000000
1.8942537308 51.4965629578 -2.9900603294 93.5778503418 0.0000000000 0.0000000000 0.0000000000 0.0000000000
1.8805526495 51.5077209473 -2.7882659435 93.6144409180 0.0000000000 0.0000000000 0.0000000000 0.0000000000
1.8674263954 51.5187797546 -2.6507644653 93.5182266235 0.0000000000 0.0000000000 0.0000000000 0.0000000000
1.8545882702 51.5298957825 -3.1449217796 93.6279220581 0.0000000000 0.0000000000 0.0000000000 0.0000000000
1.8421936035 51.5409431458 -2.3729081154 93.4848480225 0.0000000000 0.0000000000 0.0000000000 0.0000000000
1.8298143148 51.5521354675 -3.3141639233 93.6652603149 0.0000000000 0.0000000000 0.0000000000 0.0000000000
1.8178428411 51.5633468628 -2.2953963280 93.4866409302 0.0000000000 0.0000000000 0.0000000000 0.0000000000
