#         COST_U        COST_H      COST_D       COST_S       REGU_H       REGU_S          HPO           COSTGLEN 
1808.0847167969 0.0000000000 0.0000000000 0.0000000000 17.4268054962 0.0000000000 12.4746456146
1778.0882568359 0.0002801658 0.0000000000 0.0000000000 17.0361328125 1436.6237792969 9.2726116180
1764.1540527344 0.0010840493 0.0000000000 0.0000000000 16.4611473083 4752.2314453125 7.1878461838
1756.2218017578 0.0023623302 0.0000000000 0.0000000000 16.1357364655 5068.1015625000 5.6911964417
1751.2307128906 0.0040534413 0.0000000000 0.0000000000 15.9647760391 4003.9255371094 4.5657310486
1747.8549804688 0.0061018351 0.0000000000 0.0000000000 15.8412017822 3418.1328125000 3.6661615372
1745.5057373047 0.0084701413 0.0000000000 0.0000000000 15.6452188492 2956.6000976562 2.9560794830
1743.8209228516 0.0111257397 0.0000000000 0.0000000000 15.5467901230 2872.9201660156 2.4102201462
1742.5091552734 0.0140428245 0.0000000000 0.0000000000 15.4713983536 2695.2561035156 1.9626049995
1741.5637207031 0.0172039308 0.0000000000 0.0000000000 15.3505382538 2317.3061523438 1.6181805134
1740.9134521484 0.0206020754 0.0000000000 0.0000000000 15.2081356049 2020.4326171875 1.3634731770
1740.4578857422 0.0242313277 0.0000000000 0.0000000000 15.0636892319 1823.7624511719 1.1719956398
1740.1137695312 0.0280894116 0.0000000000 0.0000000000 14.9240465164 1637.6135253906 1.0280286074
1739.8355712891 0.0321749896 0.0000000000 0.0000000000 14.7904863358 1470.5490722656 0.9111410379
1739.6208496094 0.0364899077 0.0000000000 0.0000000000 14.6614179611 1318.4234619141 0.8156071901
1739.4539794922 0.0410307124 0.0000000000 0.0000000000 14.5373888016 1169.3948974609 0.7294067144
1739.3178710938 0.0457981117 0.0000000000 0.0000000000 14.4194326401 1032.7984619141 0.6505824924
1739.1953125000 0.0507890210 0.0000000000 0.0000000000 14.3070793152 930.7894897461 0.5791863203
1739.0727539062 0.0559996292 0.0000000000 0.0000000000 14.2032241821 856.2208862305 0.5154640079
1738.9394531250 0.0614245571 0.0000000000 0.0000000000 14.1076707840 780.1027832031 0.4594633579
1738.7902832031 0.0670569018 0.0000000000 0.0000000000 14.0198535919 694.8336181641 0.4100065231
1738.6221923828 0.0728941858 0.0000000000 0.0000000000 13.9390382767 618.1419067383 0.3649072349
1738.4342041016 0.0789307132 0.0000000000 0.0000000000 13.8649921417 561.4066162109 0.3236627579
1738.2271728516 0.0851581916 0.0000000000 0.0000000000 13.7964525223 514.8604736328 0.2851407528
1738.0001220703 0.0915728360 0.0000000000 0.0000000000 13.7333059311 466.3848876953 0.2499519289
1737.7540283203 0.0981707275 0.0000000000 0.0000000000 13.6756191254 419.1740112305 0.2180462182
1737.4863281250 0.1049464718 0.0000000000 0.0000000000 13.6216077805 381.0835266113 0.1882795244
1737.1953125000 0.1118986756 0.0000000000 0.0000000000 13.5705690384 349.7739257812 0.1605505943
1736.8803710938 0.1190237775 0.0000000000 0.0000000000 13.5223808289 318.2233276367 0.1345859468
1736.5418701172 0.1263192594 0.0000000000 0.0000000000 13.4780750275 286.8026733398 0.1098274514
1736.1813964844 0.1337827146 0.0000000000 0.0000000000 13.4373311996 259.2111816406 0.0859654248
1735.8039550781 0.1414120942 0.0000000000 0.0000000000 13.3989906311 235.4731903076 0.0628344566
1735.4154052734 0.1492045522 0.0000000000 0.0000000000 13.3629312515 214.8011474609 0.0404291153
1735.0198974609 0.1571547091 0.0000000000 0.0000000000 13.3289813995 196.7235107422 0.0188960806
1734.6228027344 0.1652621627 0.0000000000 0.0000000000 13.2967386246 179.1230621338 -0.0020069629
1734.2247314453 0.1735208184 0.0000000000 0.0000000000 13.2663002014 161.1340484619 -0.0222498737
1733.8275146484 0.1819257438 0.0000000000 0.0000000000 13.2378864288 145.2098388672 -0.0419056490
1733.4351806641 0.1904717535 0.0000000000 0.0000000000 13.2113256454 132.5767822266 -0.0608291067
1733.0511474609 0.1991545260 0.0000000000 0.0000000000 13.1868352890 121.4103851318 -0.0787718818
1732.6782226562 0.2079666555 0.0000000000 0.0000000000 13.1653261185 110.3739089966 -0.0957183242
1732.3220214844 0.2169012129 0.0000000000 0.0000000000 13.1467113495 99.6368789673 -0.1116461754
1731.9893798828 0.2259516269 0.0000000000 0.0000000000 13.1311321259 90.2247161865 -0.1265389472
1731.6827392578 0.2351061851 0.0000000000 0.0000000000 13.1188573837 82.1871337891 -0.1404546797
1731.4019775391 0.2443538308 0.0000000000 0.0000000000 13.1104068756 74.8216781616 -0.1533990800
1731.1486816406 0.2536828518 0.0000000000 0.0000000000 13.1045713425 67.9926681519 -0.1655693352
1730.9194335938 0.2630781829 0.0000000000 0.0000000000 13.1005973816 61.5209541321 -0.1772554815
1730.7128906250 0.2725272775 0.0000000000 0.0000000000 13.0964345932 55.6016311646 -0.1883439720
1730.5278320312 0.2820147276 0.0000000000 0.0000000000 13.0911750793 50.5683975220 -0.1988747865
1730.3612060547 0.2915246189 0.0000000000 0.0000000000 13.0833120346 46.0123062134 -0.2090783864
1730.2109375000 0.3010435402 0.0000000000 0.0000000000 13.0709695816 41.5131683350 -0.2187699676
1730.0762939453 0.3105540276 0.0000000000 0.0000000000 13.0542888641 37.5475730896 -0.2278894484
1729.9544677734 0.3200450540 0.0000000000 0.0000000000 13.0321397781 34.1702766418 -0.2366293073
1729.8447265625 0.3294985890 0.0000000000 0.0000000000 13.0024547577 30.8714447021 -0.2451857626
1729.7476806641 0.3389007151 0.0000000000 0.0000000000 12.9669704437 27.7252502441 -0.2534732819
1729.6621093750 0.3482352793 0.0000000000 0.0000000000 12.9247112274 25.1636180878 -0.2615649998
1729.5858154297 0.3574865460 0.0000000000 0.0000000000 12.8751993179 22.8266754150 -0.2695108354
1729.5166015625 0.3666423857 0.0000000000 0.0000000000 12.8197879791 20.5014343262 -0.2771259546
1729.4509277344 0.3756882846 0.0000000000 0.0000000000 12.7593441010 18.4551677704 -0.2844451070
1729.3874511719 0.3846150637 0.0000000000 0.0000000000 12.6971168518 16.6606407166 -0.2915255129
1729.3233642578 0.3934145868 0.0000000000 0.0000000000 12.6356010437 15.0587425232 -0.2983562648
1729.2573242188 0.4020821750 0.0000000000 0.0000000000 12.5764007568 13.7439756393 -0.3049915433
1729.1894531250 0.4106176794 0.0000000000 0.0000000000 12.5197639465 12.6273050308 -0.3114578426
1729.1177978516 0.4190274477 0.0000000000 0.0000000000 12.4656896591 11.4745473862 -0.3177718520
1729.0430908203 0.4273207188 0.0000000000 0.0000000000 12.4150676727 10.3632478714 -0.3239190280
1728.9642333984 0.4355080724 0.0000000000 0.0000000000 12.3678960800 9.5007534027 -0.3299549222
1728.8820800781 0.4435944557 0.0000000000 0.0000000000 12.3251342773 8.7965908051 -0.3358364701
1728.7977294922 0.4515880942 0.0000000000 0.0000000000 12.2857828140 8.1043567657 -0.3415712416
1728.7103271484 0.4595047534 0.0000000000 0.0000000000 12.2509021759 7.4442782402 -0.3470748663
1728.6210937500 0.4673566520 0.0000000000 0.0000000000 12.2213287354 6.8721756935 -0.3524060845
1728.5307617188 0.4751510918 0.0000000000 0.0000000000 12.1966037750 6.4053750038 -0.3575482965
1728.4394531250 0.4828956425 0.0000000000 0.0000000000 12.1756658554 5.9498786926 -0.3624680042
1728.3488769531 0.4906006157 0.0000000000 0.0000000000 12.1586875916 5.5066690445 -0.3671550751
1728.2601318359 0.4982658923 0.0000000000 0.0000000000 12.1446104050 5.0954618454 -0.3716053963
1728.1730957031 0.5059068203 0.0000000000 0.0000000000 12.1330118179 4.7307167053 -0.3758986890
1728.0898437500 0.5135276914 0.0000000000 0.0000000000 12.1234636307 4.4345664978 -0.3800389767
1728.0096435547 0.5211358070 0.0000000000 0.0000000000 12.1155185699 4.1410865784 -0.3840546310
1727.9342041016 0.5287371278 0.0000000000 0.0000000000 12.1100273132 3.8530328274 -0.3879484534
1727.8641357422 0.5363385081 0.0000000000 0.0000000000 12.1072769165 3.6171300411 -0.3917451799
1727.7982177734 0.5439479351 0.0000000000 0.0000000000 12.1069126129 3.4024834633 -0.3954357207
1727.7370605469 0.5515710115 0.0000000000 0.0000000000 12.1077556610 3.2004051208 -0.3990494311
1727.6796875000 0.5592144728 0.0000000000 0.0000000000 12.1097517014 2.9974017143 -0.4025955200
1727.6258544922 0.5668785572 0.0000000000 0.0000000000 12.1120519638 2.8113260269 -0.4060792625
1727.5750732422 0.5745657682 0.0000000000 0.0000000000 12.1142110825 2.6693961620 -0.4094946384
1727.5269775391 0.5822758079 0.0000000000 0.0000000000 12.1167020798 2.5290884972 -0.4128211141
1727.4794921875 0.5900169015 0.0000000000 0.0000000000 12.1195783615 2.3887481689 -0.4160708189
1727.4332275391 0.5977844000 0.0000000000 0.0000000000 12.1221475601 2.2822859287 -0.4192781746
1727.3859863281 0.6055806875 0.0000000000 0.0000000000 12.1249628067 2.1676299572 -0.4224123955
1727.3365478516 0.6134039760 0.0000000000 0.0000000000 12.1276941299 2.0248551369 -0.4254992306
1727.2850341797 0.6212560534 0.0000000000 0.0000000000 12.1308002472 1.9331319332 -0.4285167158
1727.2316894531 0.6291403174 0.0000000000 0.0000000000 12.1346178055 1.8845095634 -0.4314751923
1727.1755371094 0.6370563507 0.0000000000 0.0000000000 12.1390924454 1.7990214825 -0.4343810380
1727.1179199219 0.6450009942 0.0000000000 0.0000000000 12.1446018219 1.7303817272 -0.4372397661
1727.0574951172 0.6529774070 0.0000000000 0.0000000000 12.1504859924 1.7203068733 -0.4400747418
1726.9954833984 0.6609762311 0.0000000000 0.0000000000 12.1558351517 1.6802200079 -0.4428789020
1726.9309082031 0.6689999104 0.0000000000 0.0000000000 12.1613140106 1.5946094990 -0.4456892312
1726.8649902344 0.6770444512 0.0000000000 0.0000000000 12.1664800644 1.5871360302 -0.4484874904
1726.7982177734 0.6851065159 0.0000000000 0.0000000000 12.1715726852 1.5628209114 -0.4512566626
1726.7308349609 0.6931873560 0.0000000000 0.0000000000 12.1758098602 1.5055787563 -0.4539709985
1726.6644287109 0.7012856007 0.0000000000 0.0000000000 12.1789903641 1.4580820799 -0.4566173851
1726.5989990234 0.7093963027 0.0000000000 0.0000000000 12.1813850403 1.4520593882 -0.4591939151
