#         rmsthk      stdthk       rmsvel       stdvel       rmsdiv       stddiv       rmsusurf       stdusurf
-0.0000004149 0.0000522069 -32.4494628906 192.1134796143 0.0000000000 0.0000000000 0.0000000000 0.0000000000
-0.0414615124 0.4710828662 -43.1960716248 184.9157409668 0.0000000000 0.0000000000 0.0000000000 0.0000000000
-0.0816996396 0.9270492196 -48.8507614136 181.1576385498 0.0000000000 0.0000000000 0.0000000000 0.0000000000
-0.1190597937 1.3691755533 -52.1611061096 179.0305328369 0.0000000000 0.0000000000 0.0000000000 0.0000000000
-0.1535842568 1.7939194441 -54.0057373047 177.7349548340 0.0000000000 0.0000000000 0.0000000000 0.0000000000
-0.1845262945 2.2014522552 -54.8226470947 176.8943634033 0.0000000000 0.0000000000 0.0000000000 0.0000000000
-0.2117253244 2.5942909718 -55.2441902161 176.3353424072 0.0000000000 0.0000000000 0.0000000000 0.0000000000
-0.2354180217 2.9739322662 -55.3811492920 175.9814605713 0.0000000000 0.0000000000 0.0000000000 0.0000000000
-0.2556385398 3.3418295383 -55.1941375732 175.7867889404 0.0000000000 0.0000000000 0.0000000000 0.0000000000
-0.2721046805 3.6997773647 -54.9610481262 175.6863098145 0.0000000000 0.0000000000 0.0000000000 0.0000000000
-0.2848086059 4.0496883392 -54.8053169250 175.6315002441 0.0000000000 0.0000000000 0.0000000000 0.0000000000
-0.2938234210 4.3929872513 -54.6559486389 175.6142272949 0.0000000000 0.0000000000 0.0000000000 0.0000000000
-0.2992703021 4.7308630943 -54.4279899597 175.6385345459 0.0000000000 0.0000000000 0.0000000000 0.0000000000
-0.3014049232 5.0644598007 -54.1828918457 175.6786499023 0.0000000000 0.0000000000 0.0000000000 0.0000000000
-0.3004110456 5.3945126534 -54.0287666321 175.7030639648 0.0000000000 0.0000000000 0.0000000000 0.0000000000
-0.2964132726 5.7215442657 -53.9962081909 175.6972656250 0.0000000000 0.0000000000 0.0000000000 0.0000000000
-0.2894907296 6.0460042953 -54.0414695740 175.6705474854 0.0000000000 0.0000000000 0.0000000000 0.0000000000
-0.2797018588 6.3680615425 -54.0957870483 175.6390380859 0.0000000000 0.0000000000 0.0000000000 0.0000000000
-0.2671474516 6.6878480911 -54.1103515625 175.6136016846 0.0000000000 0.0000000000 0.0000000000 0.0000000000
-0.2518983781 7.0053567886 -54.0795173645 175.5944976807 0.0000000000 0.0000000000 0.0000000000 0.0000000000
-0.2339699864 7.3205432892 -54.0126190186 175.5787048340 0.0000000000 0.0000000000 0.0000000000 0.0000000000
-0.2134360075 7.6334357262 -53.9172897339 175.5637817383 0.0000000000 0.0000000000 0.0000000000 0.0000000000
-0.1903488189 7.9440097809 -53.7859306335 175.5517425537 0.0000000000 0.0000000000 0.0000000000 0.0000000000
-0.1647404879 8.2522048950 -53.6191291809 175.5428009033 0.0000000000 0.0000000000 0.0000000000 0.0000000000
-0.1366366297 8.5580062866 -53.4089012146 175.5388183594 0.0000000000 0.0000000000 0.0000000000 0.0000000000
-0.1061450988 8.8614320755 -53.1499404907 175.5407409668 0.0000000000 0.0000000000 0.0000000000 0.0000000000
-0.0733462721 9.1625175476 -52.8403396606 175.5484924316 0.0000000000 0.0000000000 0.0000000000 0.0000000000
-0.0383574627 9.4613561630 -52.4709663391 175.5635833740 0.0000000000 0.0000000000 0.0000000000 0.0000000000
-0.0013412071 9.7580165863 -52.0362358093 175.5867919922 0.0000000000 0.0000000000 0.0000000000 0.0000000000
0.0375386961 10.0525455475 -51.5365982056 175.6178741455 0.0000000000 0.0000000000 0.0000000000 0.0000000000
0.0781588256 10.3450250626 -50.9765396118 175.6557617188 0.0000000000 0.0000000000 0.0000000000 0.0000000000
0.1203570887 10.6355342865 -50.3648414612 175.6990966797 0.0000000000 0.0000000000 0.0000000000 0.0000000000
0.1639648825 10.9240837097 -49.7108802795 175.7465667725 0.0000000000 0.0000000000 0.0000000000 0.0000000000
0.2088359594 11.2107095718 -49.0232543945 175.7968750000 0.0000000000 0.0000000000 0.0000000000 0.0000000000
0.2548365891 11.4954099655 -48.3067779541 175.8497467041 0.0000000000 0.0000000000 0.0000000000 0.0000000000
0.3018555045 11.7781562805 -47.5619659424 175.9051513672 0.0000000000 0.0000000000 0.0000000000 0.0000000000
0.3497727811 12.0589294434 -46.7880744934 175.9632873535 0.0000000000 0.0000000000 0.0000000000 0.0000000000
0.3985060155 12.3376884460 -45.9835624695 176.0251464844 0.0000000000 0.0000000000 0.0000000000 0.0000000000
0.4479966164 12.6143865585 -45.1554756165 176.0897369385 0.0000000000 0.0000000000 0.0000000000 0.0000000000
0.4981972277 12.8889236450 -44.3170127869 176.1548767090 0.0000000000 0.0000000000 0.0000000000 0.0000000000
0.5489627123 13.1612787247 -43.4860382080 176.2186584473 0.0000000000 0.0000000000 0.0000000000 0.0000000000
0.6001811028 13.4313220978 -42.6791915894 176.2795715332 0.0000000000 0.0000000000 0.0000000000 0.0000000000
0.6517480016 13.6988916397 -41.9161071777 176.3347625732 0.0000000000 0.0000000000 0.0000000000 0.0000000000
0.7035229802 13.9638109207 -41.2098197937 176.3826141357 0.0000000000 0.0000000000 0.0000000000 0.0000000000
0.7553062439 14.2258777618 -40.5636558533 176.4232330322 0.0000000000 0.0000000000 0.0000000000 0.0000000000
0.8069610596 14.4848661423 -39.9764404297 176.4570922852 0.0000000000 0.0000000000 0.0000000000 0.0000000000
0.8583302498 14.7405939102 -39.4490051270 176.4842071533 0.0000000000 0.0000000000 0.0000000000 0.0000000000
0.9093017578 14.9928255081 -38.9859466553 176.5041351318 0.0000000000 0.0000000000 0.0000000000 0.0000000000
0.9597943425 15.2413406372 -38.5922698975 176.5160217285 0.0000000000 0.0000000000 0.0000000000 0.0000000000
1.0098237991 15.4859466553 -38.2691001892 176.5196990967 0.0000000000 0.0000000000 0.0000000000 0.0000000000
1.0594072342 15.7264385223 -38.0108718872 176.5162048340 0.0000000000 0.0000000000 0.0000000000 0.0000000000
1.1085118055 15.9626626968 -37.8125114441 176.5062255859 0.0000000000 0.0000000000 0.0000000000 0.0000000000
1.1571352482 16.1944408417 -37.6706809998 176.4902191162 0.0000000000 0.0000000000 0.0000000000 0.0000000000
1.2052962780 16.4215660095 -37.5840454102 176.4685516357 0.0000000000 0.0000000000 0.0000000000 0.0000000000
1.2530282736 16.6438503265 -37.5519256592 176.4410095215 0.0000000000 0.0000000000 0.0000000000 0.0000000000
1.3004363775 16.8611316681 -37.5702209473 176.4079132080 0.0000000000 0.0000000000 0.0000000000 0.0000000000
1.3475749493 17.0732860565 -37.6269798279 176.3706054688 0.0000000000 0.0000000000 0.0000000000 0.0000000000
1.3945088387 17.2802124023 -37.7080345154 176.3309783936 0.0000000000 0.0000000000 0.0000000000 0.0000000000
1.4413325787 17.4818325043 -37.8009872437 176.2905578613 0.0000000000 0.0000000000 0.0000000000 0.0000000000
1.4880653620 17.6781501770 -37.8982963562 176.2497253418 0.0000000000 0.0000000000 0.0000000000 0.0000000000
1.5347700119 17.8692493439 -37.9954986572 176.2089538574 0.0000000000 0.0000000000 0.0000000000 0.0000000000
1.5815085173 18.0552730560 -38.0879440308 176.1686096191 0.0000000000 0.0000000000 0.0000000000 0.0000000000
1.6283613443 18.2365112305 -38.1700935364 176.1293487549 0.0000000000 0.0000000000 0.0000000000 0.0000000000
1.6753821373 18.4133014679 -38.2367858887 176.0920410156 0.0000000000 0.0000000000 0.0000000000 0.0000000000
1.7227202654 18.5859642029 -38.2835655212 176.0569763184 0.0000000000 0.0000000000 0.0000000000 0.0000000000
1.7704211473 18.7547264099 -38.3088836670 176.0244750977 0.0000000000 0.0000000000 0.0000000000 0.0000000000
1.8184145689 18.9199256897 -38.3143882751 175.9945678711 0.0000000000 0.0000000000 0.0000000000 0.0000000000
1.8666985035 19.0819091797 -38.3025665283 175.9665222168 0.0000000000 0.0000000000 0.0000000000 0.0000000000
1.9151433706 19.2410354614 -38.2769088745 175.9400634766 0.0000000000 0.0000000000 0.0000000000 0.0000000000
1.9636555910 19.3975429535 -38.2406425476 175.9145355225 0.0000000000 0.0000000000 0.0000000000 0.0000000000
2.0121288300 19.5516719818 -38.1948204041 175.8901977539 0.0000000000 0.0000000000 0.0000000000 0.0000000000
2.0604915619 19.7036724091 -38.1400718689 175.8671569824 0.0000000000 0.0000000000 0.0000000000 0.0000000000
2.1087718010 19.8536090851 -38.0787086487 175.8452911377 0.0000000000 0.0000000000 0.0000000000 0.0000000000
2.1569330692 20.0018253326 -38.0143051147 175.8238372803 0.0000000000 0.0000000000 0.0000000000 0.0000000000
2.2049655914 20.1484489441 -37.9522132874 175.8025054932 0.0000000000 0.0000000000 0.0000000000 0.0000000000
2.2528872490 20.2936668396 -37.8970603943 175.7805175781 0.0000000000 0.0000000000 0.0000000000 0.0000000000
2.3006496429 20.4376277924 -37.8514442444 175.7577819824 0.0000000000 0.0000000000 0.0000000000 0.0000000000
2.3482797146 20.5804843903 -37.8158187866 175.7343597412 0.0000000000 0.0000000000 0.0000000000 0.0000000000
2.3958091736 20.7224140167 -37.7890090942 175.7100219727 0.0000000000 0.0000000000 0.0000000000 0.0000000000
2.4432768822 20.8635368347 -37.7699737549 175.6850891113 0.0000000000 0.0000000000 0.0000000000 0.0000000000
2.4907436371 21.0039844513 -37.7576560974 175.6595764160 0.0000000000 0.0000000000 0.0000000000 0.0000000000
2.5383062363 21.1437759399 -37.7518157959 175.6332550049 0.0000000000 0.0000000000 0.0000000000 0.0000000000
2.5859849453 21.2829532623 -37.7513580322 175.6061553955 0.0000000000 0.0000000000 0.0000000000 0.0000000000
2.6337714195 21.4215698242 -37.7539024353 175.5786590576 0.0000000000 0.0000000000 0.0000000000 0.0000000000
2.6816906929 21.5596866608 -37.7564582825 175.5506439209 0.0000000000 0.0000000000 0.0000000000 0.0000000000
2.7297110558 21.6973724365 -37.7557640076 175.5226135254 0.0000000000 0.0000000000 0.0000000000 0.0000000000
2.7777862549 21.8345661163 -37.7494392395 175.4944915771 0.0000000000 0.0000000000 0.0000000000 0.0000000000
2.8258881569 21.9712905884 -37.7358398438 175.4660644531 0.0000000000 0.0000000000 0.0000000000 0.0000000000
2.8740155697 22.1075744629 -37.7151679993 175.4373321533 0.0000000000 0.0000000000 0.0000000000 0.0000000000
2.9221231937 22.2434978485 -37.6870269775 175.4082031250 0.0000000000 0.0000000000 0.0000000000 0.0000000000
2.9701471329 22.3790702820 -37.6510467529 175.3787689209 0.0000000000 0.0000000000 0.0000000000 0.0000000000
3.0180361271 22.5142707825 -37.6059303284 175.3495941162 0.0000000000 0.0000000000 0.0000000000 0.0000000000
3.0658609867 22.6491050720 -37.5496520996 175.3206939697 0.0000000000 0.0000000000 0.0000000000 0.0000000000
3.1136894226 22.7834548950 -37.4824028015 175.2925109863 0.0000000000 0.0000000000 0.0000000000 0.0000000000
3.1615729332 22.9173393250 -37.4057312012 175.2646179199 0.0000000000 0.0000000000 0.0000000000 0.0000000000
3.2095139027 23.0506954193 -37.3232955933 175.2365722656 0.0000000000 0.0000000000 0.0000000000 0.0000000000
3.2575664520 23.1834735870 -37.2405128479 175.2078552246 0.0000000000 0.0000000000 0.0000000000 0.0000000000
3.3057982922 23.3156948090 -37.1626319885 175.1778564453 0.0000000000 0.0000000000 0.0000000000 0.0000000000
3.3542149067 23.4473400116 -37.0924873352 175.1463623047 0.0000000000 0.0000000000 0.0000000000 0.0000000000
3.4028468132 23.5783290863 -37.0327568054 175.1132049561 0.0000000000 0.0000000000 0.0000000000 0.0000000000
