#         COST_U        COST_H      COST_D       COST_S       REGU_H       REGU_S          HPO           COSTGLEN 
661.4280395508 0.0000000000 0.0000000000 0.0000000000 353.3223876953 0.0000000000 1.4236742258
627.1367187500 0.0001258396 0.0000000000 0.0000000000 350.5472106934 902.9691162109 1.1532453299
609.6099243164 0.0005060130 0.0000000000 0.0000000000 348.1161804199 2389.0451660156 0.9107007980
599.5076293945 0.0011321350 0.0000000000 0.0000000000 345.8383178711 2231.5739746094 0.7364175916
593.1207275391 0.0019835946 0.0000000000 0.0000000000 343.5435485840 1854.9069824219 0.6064924598
588.8659057617 0.0030386557 0.0000000000 0.0000000000 340.8199462891 1352.2553710938 0.5040172338
586.0087890625 0.0042753206 0.0000000000 0.0000000000 337.6464233398 1139.6436767578 0.4217796922
584.0704956055 0.0056729377 0.0000000000 0.0000000000 334.2859802246 1062.0124511719 0.3550350070
582.7423095703 0.0072152861 0.0000000000 0.0000000000 330.8596191406 975.5843505859 0.3006551564
581.8370971680 0.0088919001 0.0000000000 0.0000000000 327.1568603516 872.2221069336 0.2562556267
581.2214965820 0.0106962714 0.0000000000 0.0000000000 323.0146789551 773.0946655273 0.2199242562
580.8081054688 0.0126243737 0.0000000000 0.0000000000 318.7159423828 676.4302978516 0.1897984296
580.5394897461 0.0146743013 0.0000000000 0.0000000000 313.6695556641 587.5285644531 0.1644686013
580.3703613281 0.0168437045 0.0000000000 0.0000000000 308.4164123535 519.8955078125 0.1430169940
580.2517700195 0.0191292744 0.0000000000 0.0000000000 303.1707153320 474.9077453613 0.1247093678
580.1657104492 0.0215276554 0.0000000000 0.0000000000 297.0152282715 441.3240966797 0.1090724319
580.1040649414 0.0240348931 0.0000000000 0.0000000000 291.0046997070 408.1712951660 0.0955728441
580.0587768555 0.0266470201 0.0000000000 0.0000000000 284.9165039062 369.3114624023 0.0838729814
580.0215454102 0.0293590166 0.0000000000 0.0000000000 278.9241638184 326.9827880859 0.0736464560
579.9894409180 0.0321668312 0.0000000000 0.0000000000 272.9669189453 294.4657287598 0.0646429732
579.9633789062 0.0350664668 0.0000000000 0.0000000000 267.4483642578 273.8035888672 0.0566980317
579.9323730469 0.0380547270 0.0000000000 0.0000000000 262.1314086914 253.1697692871 0.0496362336
579.8956298828 0.0411286429 0.0000000000 0.0000000000 256.9515380859 229.6957092285 0.0433197580
579.8471069336 0.0442853235 0.0000000000 0.0000000000 252.0911102295 206.6399688721 0.0376924910
579.7874145508 0.0475217775 0.0000000000 0.0000000000 247.2765655518 186.2517395020 0.0326996744
579.7131958008 0.0508353822 0.0000000000 0.0000000000 242.8793334961 170.0602874756 0.0282533448
579.6243286133 0.0542244390 0.0000000000 0.0000000000 238.8027954102 155.7162017822 0.0242886711
579.5209960938 0.0576876439 0.0000000000 0.0000000000 235.2194519043 140.4924926758 0.0207070094
579.4091186523 0.0612246096 0.0000000000 0.0000000000 231.0390014648 126.1253356934 0.0174532887
579.2906494141 0.0648346692 0.0000000000 0.0000000000 227.2580718994 114.2503204346 0.0144940484
579.1605834961 0.0685169175 0.0000000000 0.0000000000 223.6214294434 104.3983230591 0.0117894411
579.0184936523 0.0722709820 0.0000000000 0.0000000000 220.4704895020 95.6408767700 0.0093009109
578.8651123047 0.0760967135 0.0000000000 0.0000000000 217.3658294678 87.5006561279 0.0069886260
578.6986083984 0.0799933076 0.0000000000 0.0000000000 215.1845855713 79.7008285522 0.0048351274
578.5184326172 0.0839598551 0.0000000000 0.0000000000 212.9831542969 72.2935104370 0.0028129723
578.3270263672 0.0879957005 0.0000000000 0.0000000000 210.6155395508 65.4934082031 0.0008979545
578.1246337891 0.0921001807 0.0000000000 0.0000000000 208.6568756104 59.2239112854 -0.0009287244
577.9114379883 0.0962731987 0.0000000000 0.0000000000 206.7752532959 54.0703773499 -0.0026834714
577.6871948242 0.1005152315 0.0000000000 0.0000000000 204.8391876221 49.9314308167 -0.0043785740
577.4544677734 0.1048258767 0.0000000000 0.0000000000 203.0455322266 45.6354866028 -0.0060188901
577.2095947266 0.1092049479 0.0000000000 0.0000000000 201.4057769775 41.3877639771 -0.0076103657
576.9516601562 0.1136527658 0.0000000000 0.0000000000 199.8877105713 37.5965385437 -0.0091605242
576.6796264648 0.1181698591 0.0000000000 0.0000000000 198.6838226318 34.1148300171 -0.0106798317
576.3941040039 0.1227563173 0.0000000000 0.0000000000 197.4056243896 31.3041210175 -0.0121766739
576.0957641602 0.1274115443 0.0000000000 0.0000000000 196.1900329590 28.9319648743 -0.0136632007
575.7860107422 0.1321348399 0.0000000000 0.0000000000 195.0181427002 26.4090843201 -0.0151411416
575.4649047852 0.1369261593 0.0000000000 0.0000000000 194.0090637207 24.0839881897 -0.0166088957
575.1309814453 0.1417857111 0.0000000000 0.0000000000 193.1779327393 22.0897636414 -0.0180702284
574.7825317383 0.1467138678 0.0000000000 0.0000000000 192.4601593018 20.2117843628 -0.0195231065
574.4170532227 0.1517100483 0.0000000000 0.0000000000 191.9045410156 18.6361160278 -0.0209648814
574.0350341797 0.1567739546 0.0000000000 0.0000000000 191.7928161621 17.1521167755 -0.0223896969
573.6365356445 0.1619059294 0.0000000000 0.0000000000 191.7854919434 15.5636348724 -0.0237931255
573.2224121094 0.1671051681 0.0000000000 0.0000000000 191.8572082520 14.3009910583 -0.0251775514
572.7929687500 0.1723705381 0.0000000000 0.0000000000 192.0064849854 13.3072414398 -0.0265533160
572.3447875977 0.1777029335 0.0000000000 0.0000000000 192.2246551514 12.2291879654 -0.0279287081
571.8791503906 0.1831020713 0.0000000000 0.0000000000 192.4886322021 11.2355337143 -0.0293019228
571.3959350586 0.1885685027 0.0000000000 0.0000000000 192.7792053223 10.4232482910 -0.0306676533
570.8945922852 0.1941026598 0.0000000000 0.0000000000 193.0826873779 9.6242532730 -0.0320306383
570.3713989258 0.1997054517 0.0000000000 0.0000000000 193.3956604004 8.8593864441 -0.0333923176
569.8275756836 0.2053781003 0.0000000000 0.0000000000 193.7143554688 8.2217655182 -0.0347479433
569.2664184570 0.2111212313 0.0000000000 0.0000000000 194.0330200195 7.6504898071 -0.0361014828
568.6867675781 0.2169340700 0.0000000000 0.0000000000 194.3498840332 7.1247005463 -0.0374617241
568.0853881836 0.2228166461 0.0000000000 0.0000000000 194.6677093506 6.6531453133 -0.0388400480
567.4567260742 0.2287696153 0.0000000000 0.0000000000 194.9784240723 6.1549644470 -0.0402326025
566.8012084961 0.2347939610 0.0000000000 0.0000000000 195.2936248779 5.7090988159 -0.0416532718
566.1171264648 0.2408915907 0.0000000000 0.0000000000 195.6052551270 5.3918538094 -0.0431000181
565.4047241211 0.2470639348 0.0000000000 0.0000000000 195.9193878174 5.0852904320 -0.0445675589
564.6635742188 0.2533171773 0.0000000000 0.0000000000 196.2383880615 4.7606382370 -0.0460548177
563.8919067383 0.2596503794 0.0000000000 0.0000000000 196.5544586182 4.4728159904 -0.0475636199
563.0880126953 0.2660626769 0.0000000000 0.0000000000 196.8661499023 4.2173666954 -0.0490878709
562.2520751953 0.2725559473 0.0000000000 0.0000000000 197.1766510010 3.9875729084 -0.0506558418
561.3761596680 0.2791318893 0.0000000000 0.0000000000 197.5003356934 3.7696728706 -0.0522333458
560.4629516602 0.2857922614 0.0000000000 0.0000000000 197.8339385986 3.5991897583 -0.0538460501
559.5049438477 0.2925377190 0.0000000000 0.0000000000 198.1791687012 3.4637451172 -0.0554844365
558.5029296875 0.2993680835 0.0000000000 0.0000000000 198.5174865723 3.2946205139 -0.0571593344
557.4459838867 0.3062817752 0.0000000000 0.0000000000 198.8537139893 3.1427450180 -0.0588848293
556.3406372070 0.3132722676 0.0000000000 0.0000000000 199.1832580566 2.9977347851 -0.0606845282
555.1685180664 0.3203418255 0.0000000000 0.0000000000 199.5109710693 2.8736951351 -0.0625830740
553.9196166992 0.3274894953 0.0000000000 0.0000000000 199.8360595703 2.8287816048 -0.0646388009
552.5662841797 0.3347176611 0.0000000000 0.0000000000 200.1737670898 2.7599403858 -0.0670224279
551.0602416992 0.3420296311 0.0000000000 0.0000000000 200.5590667725 2.6450853348 -0.0696762651
549.4263305664 0.3494212627 0.0000000000 0.0000000000 200.9445495605 2.5550484657 -0.0713987574
548.0513305664 0.3568954766 0.0000000000 0.0000000000 201.1025543213 2.5192544460 -0.0730851814
547.1754760742 0.3644652069 0.0000000000 0.0000000000 200.8527069092 2.4742588997 -0.0766043216
546.5032348633 0.3721252382 0.0000000000 0.0000000000 200.3704223633 2.4012322426 -0.0785980225
545.6787109375 0.3798488677 0.0000000000 0.0000000000 200.0681915283 2.3149001598 -0.0798381343
544.7687988281 0.3876096308 0.0000000000 0.0000000000 199.9419860840 2.2476229668 -0.0817425027
543.7916259766 0.3954017162 0.0000000000 0.0000000000 199.9470672607 2.2299799919 -0.0842280015
542.7376708984 0.4032285213 0.0000000000 0.0000000000 200.0582275391 2.1755797863 -0.0870564133
541.5557861328 0.4110850990 0.0000000000 0.0000000000 200.2633361816 2.1341814995 -0.0904631987
540.1702880859 0.4189746380 0.0000000000 0.0000000000 200.5778808594 2.1393170357 -0.0946773291
538.5512695312 0.4268995821 0.0000000000 0.0000000000 200.9954528809 2.0945889950 -0.0997235104
536.6685791016 0.4348624349 0.0000000000 0.0000000000 201.5069427490 2.0896039009 -0.1060569659
534.5292358398 0.4428786039 0.0000000000 0.0000000000 202.0571899414 2.1107361317 -0.1133930385
532.2315063477 0.4509602189 0.0000000000 0.0000000000 202.5039367676 2.0528805256 -0.1215571314
529.9711303711 0.4591157138 0.0000000000 0.0000000000 202.6792449951 2.0026893616 -0.1317695081
527.8508300781 0.4673506021 0.0000000000 0.0000000000 202.4712982178 1.9959415197 -0.1441634595
525.4019775391 0.4756624401 0.0000000000 0.0000000000 202.0807342529 2.0085041523 -0.1582661867
522.1492309570 0.4840488434 0.0000000000 0.0000000000 201.7736663818 2.0407090187 -0.1750607193
517.9514160156 0.4925029278 0.0000000000 0.0000000000 201.6440277100 2.0325448513 -0.1942855418
513.1618041992 0.5010334253 0.0000000000 0.0000000000 201.4020538330 2.0367650986 -0.2162663043
508.3238830566 0.5096376538 0.0000000000 0.0000000000 200.6202850342 2.0657446384 -0.2432405949
503.2834777832 0.5183135867 0.0000000000 0.0000000000 199.5599975586 2.0695192814 -0.2762378454
497.6412963867 0.5270482302 0.0000000000 0.0000000000 198.8275451660 2.1529660225 -0.3218636513
491.6050109863 0.5358356237 0.0000000000 0.0000000000 198.2614898682 2.3503303528 -0.3860952854
485.6347045898 0.5446542501 0.0000000000 0.0000000000 197.2882690430 2.3648114204 -0.4764099121
479.1875610352 0.5535033941 0.0000000000 0.0000000000 196.2337799072 2.4378428459 -0.6037573814
471.7452087402 0.5623844862 0.0000000000 0.0000000000 195.5125579834 2.6260793209 -0.7836534977
463.7762756348 0.5712830424 0.0000000000 0.0000000000 195.1059265137 2.7877514362 -1.0395321846
456.2080993652 0.5801903009 0.0000000000 0.0000000000 194.9078979492 3.0387454033 -1.3898830414
451.2048950195 0.5891167521 0.0000000000 0.0000000000 195.1818237305 3.1842498779 -1.8368463516
452.4418640137 0.5980432630 0.0000000000 0.0000000000 196.4224548340 3.4907522202 -2.3318705559
466.1687011719 0.6069144607 0.0000000000 0.0000000000 198.1405029297 3.7716021538 -2.6897349358
498.9281005859 0.6157212853 0.0000000000 0.0000000000 198.9538879395 4.2706851959 -2.3501014709
549.7692871094 0.6245149970 0.0000000000 0.0000000000 197.1136322021 5.4904356003 -0.3349361420
588.7576904297 0.6332923174 0.0000000000 0.0000000000 192.4963684082 7.8729076385 3.9241962433
584.2976684570 0.6420577765 0.0000000000 0.0000000000 186.0233764648 11.9054460526 9.3583927155
547.0491333008 0.6507986188 0.0000000000 0.0000000000 178.5427398682 16.7967510223 14.3646640778
492.1451416016 0.6594555378 0.0000000000 0.0000000000 170.5781402588 21.5586013794 17.6197605133
436.4560546875 0.6680063009 0.0000000000 0.0000000000 163.5905151367 25.4539718628 18.6878566742
391.9895019531 0.6764335632 0.0000000000 0.0000000000 158.1379089355 28.1546878815 17.3218536377
369.0647888184 0.6847010255 0.0000000000 0.0000000000 153.7301025391 29.9739685059 14.3928852081
367.8043823242 0.6927387118 0.0000000000 0.0000000000 149.6221313477 31.0941085815 10.4733581543
383.6793823242 0.7004622221 0.0000000000 0.0000000000 145.7484741211 31.5515441895 6.7410440445
408.6323852539 0.7078016996 0.0000000000 0.0000000000 142.3433380127 31.0694885254 3.8225333691
435.9579772949 0.7147455215 0.0000000000 0.0000000000 138.8353729248 29.6214523315 1.8086556196
460.7211608887 0.7213032842 0.0000000000 0.0000000000 135.1866912842 27.4025421143 0.6051878929
480.1370849609 0.7274970412 0.0000000000 0.0000000000 131.6562957764 24.3846874237 -0.0275476575
494.9764709473 0.7333518267 0.0000000000 0.0000000000 128.0595855713 20.6636714935 -0.3136663139
505.6383056641 0.7388756275 0.0000000000 0.0000000000 124.8285140991 16.8212165833 -0.3968821764
513.2271118164 0.7440953255 0.0000000000 0.0000000000 122.6661148071 13.8214807510 -0.4764470160
517.1617431641 0.7490345240 0.0000000000 0.0000000000 120.6797714233 11.7879161835 -0.6126300097
518.3215942383 0.7537083030 0.0000000000 0.0000000000 119.9131851196 10.6184720993 -0.8172550797
517.1426391602 0.7581314445 0.0000000000 0.0000000000 122.6816711426 10.4035701752 -1.1195389032
514.3954467773 0.7623581886 0.0000000000 0.0000000000 122.9327087402 10.9598665237 -1.5166275501
511.3567199707 0.7664274573 0.0000000000 0.0000000000 121.3957138062 12.0050506592 -1.9004852772
507.5965881348 0.7703606486 0.0000000000 0.0000000000 119.7155838013 13.0879344940 -2.3505940437
503.0073547363 0.7741745114 0.0000000000 0.0000000000 118.1380004883 14.0389976501 -2.9898560047
497.4654541016 0.7779077291 0.0000000000 0.0000000000 116.9249191284 14.8031616211 -3.8152461052
491.9488525391 0.7815840840 0.0000000000 0.0000000000 116.6647720337 15.4570045471 -4.7886781693
485.4636840820 0.7852362990 0.0000000000 0.0000000000 116.9631500244 16.0562496185 -6.1744046211
478.7529296875 0.7888792157 0.0000000000 0.0000000000 118.1807785034 16.4907035828 -8.1440906525
474.5448913574 0.7925300598 0.0000000000 0.0000000000 120.2329940796 16.5901794434 -10.3945093155
475.0918273926 0.7962092757 0.0000000000 0.0000000000 122.7965927124 16.7444992065 -13.2277126312
478.2727966309 0.7999544144 0.0000000000 0.0000000000 125.3277893066 18.3311405182 -17.9588088989
487.0375671387 0.8037610650 0.0000000000 0.0000000000 128.4365844727 22.3364200592 -25.0054664612
510.3537902832 0.8076309562 0.0000000000 0.0000000000 131.0992889404 28.4643630981 -36.0862274170
545.9711914062 0.8115284443 0.0000000000 0.0000000000 133.5571899414 40.4462471008 -52.4164466858
599.6721191406 0.8154391050 0.0000000000 0.0000000000 135.4421386719 61.2554931641 -77.8134155273
672.8677978516 0.8193945885 0.0000000000 0.0000000000 136.6430664062 89.5335159302 -109.3193664551
769.0333862305 0.8234130144 0.0000000000 0.0000000000 138.0130462646 126.3731765747 -144.9900512695
889.8593139648 0.8275063634 0.0000000000 0.0000000000 139.8743133545 175.1647949219 -181.2694549561
1036.2227783203 0.8316636086 0.0000000000 0.0000000000 141.9882507324 237.9912414551 -217.1889495850
1201.6831054688 0.8358998895 0.0000000000 0.0000000000 144.5247039795 319.2768554688 -250.1872558594
1386.1853027344 0.8402342796 0.0000000000 0.0000000000 147.1867675781 417.2621459961 -272.3047180176
1568.7198486328 0.8447354436 0.0000000000 0.0000000000 150.1765441895 529.7707519531 -274.3012390137
1799.6728515625 0.8494181633 0.0000000000 0.0000000000 153.1183166504 649.8818969727 -254.3561096191
1980.2727050781 0.8543838263 0.0000000000 0.0000000000 155.8842163086 775.4120483398 -198.4681091309
1963.3836669922 0.8596713543 0.0000000000 0.0000000000 157.7077026367 919.5333251953 -121.8676300049
1676.5268554688 0.8652803302 0.0000000000 0.0000000000 158.4028320312 1069.9128417969 -58.1063270569
1169.9870605469 0.8712314963 0.0000000000 0.0000000000 158.1477661133 1226.4113769531 -11.3469104767
735.8128662109 0.8775629997 0.0000000000 0.0000000000 157.1565856934 1353.6750488281 19.4298362732
523.0551147461 0.8842525482 0.0000000000 0.0000000000 155.8013610840 1449.7464599609 26.9013748169
489.7703552246 0.8912336826 0.0000000000 0.0000000000 154.4256744385 1517.8052978516 19.9793109894
513.1040649414 0.8983874917 0.0000000000 0.0000000000 151.8863830566 1532.8608398438 13.1252250671
535.2990112305 0.9056290388 0.0000000000 0.0000000000 148.7823944092 1517.3990478516 7.6580443382
552.9093627930 0.9128738642 0.0000000000 0.0000000000 144.7470855713 1466.9506835938 4.0832657814
564.4924926758 0.9201173782 0.0000000000 0.0000000000 140.1118621826 1280.6660156250 2.3635149002
570.2753906250 0.9273701906 0.0000000000 0.0000000000 136.0386962891 1203.5496826172 1.5570759773
573.0313720703 0.9345548153 0.0000000000 0.0000000000 132.9888916016 1222.8804931641 1.1094082594
574.6284179688 0.9416273832 0.0000000000 0.0000000000 128.8082275391 1216.8157958984 0.8388912082
575.6684570312 0.9485545754 0.0000000000 0.0000000000 123.3742141724 1166.4671630859 0.6661514044
576.3133544922 0.9553301930 0.0000000000 0.0000000000 120.0833816528 1071.3403320312 0.5316234827
576.4533691406 0.9619389176 0.0000000000 0.0000000000 119.2720870972 995.7114257812 0.4348776639
576.0299072266 0.9683837295 0.0000000000 0.0000000000 117.5266876221 911.6580810547 0.4004504383
575.0314331055 0.9746683240 0.0000000000 0.0000000000 116.3241882324 834.6391601562 0.4179491401
573.3778076172 0.9808012843 0.0000000000 0.0000000000 115.0910797119 763.7615356445 0.4874119461
571.0821533203 0.9867938757 0.0000000000 0.0000000000 114.1020507812 733.0473022461 0.6158737540
568.5715332031 0.9926547408 0.0000000000 0.0000000000 113.1705398560 702.7216796875 0.7353895903
565.7203369141 0.9983928800 0.0000000000 0.0000000000 112.2364501953 679.9649658203 0.9014861584
562.7401123047 1.0040121078 0.0000000000 0.0000000000 111.3301010132 664.9346923828 1.0693973303
559.9146728516 1.0095185041 0.0000000000 0.0000000000 110.4696731567 650.1478271484 1.1081433296
557.1771850586 1.0149179697 0.0000000000 0.0000000000 109.6747817993 640.1869506836 1.0769242048
554.6693725586 1.0202206373 0.0000000000 0.0000000000 108.8468704224 627.6166992188 0.9942384958
552.4193115234 1.0254336596 0.0000000000 0.0000000000 108.0522766113 600.4739990234 0.7861760855
550.0909423828 1.0305625200 0.0000000000 0.0000000000 107.1405029297 568.4312133789 0.5384164453
547.4039916992 1.0356134176 0.0000000000 0.0000000000 106.1403884888 543.5445556641 0.2668276429
544.0574951172 1.0405952930 0.0000000000 0.0000000000 105.1920776367 527.2968750000 -0.0468609333
541.0247802734 1.0455124378 0.0000000000 0.0000000000 104.3458709717 509.5600891113 -0.4218004942
538.7338867188 1.0503675938 0.0000000000 0.0000000000 103.6667785645 488.2783813477 -0.8195278049
536.4268188477 1.0551681519 0.0000000000 0.0000000000 103.1089096069 470.8561096191 -1.1928153038
534.3397216797 1.0599204302 0.0000000000 0.0000000000 102.6670837402 456.9084472656 -1.4880876541
532.8912353516 1.0646300316 0.0000000000 0.0000000000 102.2857513428 441.7197875977 -1.5801744461
531.8031005859 1.0693036318 0.0000000000 0.0000000000 101.9534530640 425.5420837402 -1.4281338453
530.6210937500 1.0739477873 0.0000000000 0.0000000000 101.6359252930 408.1884765625 -1.0259541273
529.4217529297 1.0785704851 0.0000000000 0.0000000000 101.3765106201 389.8688964844 -0.3838016987
527.9579467773 1.0831778049 0.0000000000 0.0000000000 101.1599426270 372.5393981934 0.4232044220
526.5703125000 1.0877798796 0.0000000000 0.0000000000 100.9483032227 371.1629943848 1.2333734035
525.4943847656 1.0923862457 0.0000000000 0.0000000000 100.6977767944 378.9645385742 1.9436359406
525.0814819336 1.0970056057 0.0000000000 0.0000000000 100.4778823853 366.7825317383 2.4140892029
525.2522583008 1.1016455889 0.0000000000 0.0000000000 100.2301101685 349.4530639648 2.6225903034
525.8489379883 1.1063120365 0.0000000000 0.0000000000 99.9382629395 329.7212524414 2.6105999947
526.8610839844 1.1110097170 0.0000000000 0.0000000000 99.5629806519 309.0283813477 2.4251365662
528.1557006836 1.1157424450 0.0000000000 0.0000000000 99.2874908447 288.2081909180 2.1496193409
529.5215454102 1.1205122471 0.0000000000 0.0000000000 98.8132705688 266.3929443359 1.8284580708
530.8731079102 1.1253197193 0.0000000000 0.0000000000 98.3672332764 244.9983215332 1.4952349663
532.1029052734 1.1301651001 0.0000000000 0.0000000000 97.9173049927 226.3376770020 1.1635019779
533.1453247070 1.1350466013 0.0000000000 0.0000000000 97.5831604004 211.8859863281 0.8238824606
533.9151000977 1.1399651766 0.0000000000 0.0000000000 97.2305526733 200.3627624512 0.4654672146
534.4721679688 1.1449202299 0.0000000000 0.0000000000 96.7061767578 189.6265106201 0.0724499822
534.7702636719 1.1499093771 0.0000000000 0.0000000000 96.3748016357 179.0091400146 -0.3422976136
534.8156738281 1.1549339294 0.0000000000 0.0000000000 96.0506515503 167.4209594727 -0.7944709063
534.6409301758 1.1599924564 0.0000000000 0.0000000000 95.7401580811 156.6261749268 -1.2941241264
534.1959838867 1.1650838852 0.0000000000 0.0000000000 95.4768295288 147.6067504883 -1.8431787491
533.4761352539 1.1702077389 0.0000000000 0.0000000000 95.2428359985 139.0352630615 -2.4425921440
532.5485839844 1.1753637791 0.0000000000 0.0000000000 95.0591049194 129.9179992676 -3.0874121189
531.6229858398 1.1805524826 0.0000000000 0.0000000000 94.8955154419 120.0664672852 -3.6929221153
530.6473388672 1.1857742071 0.0000000000 0.0000000000 94.7421646118 109.0455017090 -4.2323546410
529.8128662109 1.1910288334 0.0000000000 0.0000000000 94.6150054932 98.3957138062 -4.5927286148
529.4209594727 1.1963161230 0.0000000000 0.0000000000 94.5442199707 89.9741973877 -4.6567869186
528.8009033203 1.2016334534 0.0000000000 0.0000000000 94.5778503418 83.0764846802 -4.1648211479
527.2367553711 1.2069807053 0.0000000000 0.0000000000 94.4973297119 82.4189758301 -2.8910908699
524.0467529297 1.2123597860 0.0000000000 0.0000000000 94.5648498535 77.8731994629 -0.8279029131
520.3020629883 1.2177700996 0.0000000000 0.0000000000 94.5196685791 69.0399780273 1.7023959160
517.3632202148 1.2232155800 0.0000000000 0.0000000000 94.4144515991 60.4358978271 4.0509157181
515.5919189453 1.2287003994 0.0000000000 0.0000000000 94.2853088379 53.6609992981 5.5713596344
514.9533691406 1.2342259884 0.0000000000 0.0000000000 94.0642013550 48.6428604126 6.2164640427
515.9593505859 1.2397965193 0.0000000000 0.0000000000 93.7220611572 44.3793945312 5.9334383011
519.3890991211 1.2454173565 0.0000000000 0.0000000000 93.2885208130 40.1067085266 4.9007773399
524.3586425781 1.2510899305 0.0000000000 0.0000000000 92.7524795532 35.8685493469 3.6090159416
528.8261718750 1.2568143606 0.0000000000 0.0000000000 92.2618408203 31.7166748047 2.5484166145
532.6983642578 1.2625843287 0.0000000000 0.0000000000 91.4792785645 27.9775810242 1.7332915068
535.1473999023 1.2683939934 0.0000000000 0.0000000000 90.8214492798 24.3051166534 1.1194815636
536.8343505859 1.2742357254 0.0000000000 0.0000000000 90.0830154419 21.6482639313 0.5438022614
537.9225463867 1.2801009417 0.0000000000 0.0000000000 89.3311386108 20.6709766388 -0.0178509057
538.2468872070 1.2859804630 0.0000000000 0.0000000000 88.7229156494 20.8310089111 -0.5782048106
537.8260498047 1.2918703556 0.0000000000 0.0000000000 88.1768646240 21.2888774872 -1.1436500549
536.4007568359 1.2977724075 0.0000000000 0.0000000000 87.6787567139 21.5025253296 -1.7775573730
534.2081298828 1.3036878109 0.0000000000 0.0000000000 87.3888626099 22.0126800537 -2.4729411602
531.2630004883 1.3096234798 0.0000000000 0.0000000000 87.1204605103 22.4880008698 -3.2112998962
526.9769287109 1.3155835867 0.0000000000 0.0000000000 86.9201812744 22.1247863770 -4.0626125336
520.6842041016 1.3215683699 0.0000000000 0.0000000000 86.7929992676 20.8095531464 -5.1073827744
513.5305175781 1.3275794983 0.0000000000 0.0000000000 86.7367324829 20.2337760925 -6.5105280876
504.9491271973 1.3336163759 0.0000000000 0.0000000000 86.7635116577 20.1699657440 -8.1946783066
496.5345153809 1.3396816254 0.0000000000 0.0000000000 86.8862380981 19.6527137756 -10.6175212860
499.1366271973 1.3457673788 0.0000000000 0.0000000000 87.1181335449 18.7068634033 -13.8500118256
538.3295288086 1.3518596888 0.0000000000 0.0000000000 87.3403244019 17.5599880219 -18.7217788696
661.4750976562 1.3579143286 0.0000000000 0.0000000000 87.6601562500 17.0039043427 -21.9502182007
870.7504882812 1.3638870716 0.0000000000 0.0000000000 88.1414337158 20.8637695312 -13.1735334396
878.9973754883 1.3697676659 0.0000000000 0.0000000000 88.7295074463 37.2521934509 14.6686630249
577.4415893555 1.3756186962 0.0000000000 0.0000000000 89.2923965454 70.8922500610 25.7463111877
508.1936340332 1.3815417290 0.0000000000 0.0000000000 89.4302444458 112.1252899170 7.1666126251
551.7631225586 1.3875697851 0.0000000000 0.0000000000 89.1949615479 139.3775787354 -0.7208675146
561.2984619141 1.3936877251 0.0000000000 0.0000000000 88.9557800293 147.8985290527 -0.5935055017
565.1026611328 1.3998845816 0.0000000000 0.0000000000 88.6820983887 158.0004730225 -0.4289429784
567.6290283203 1.4061551094 0.0000000000 0.0000000000 88.5038223267 164.5789337158 -0.3306981325
569.4346923828 1.4124944210 0.0000000000 0.0000000000 88.3682556152 166.6538696289 -0.2732169628
570.6568603516 1.4188977480 0.0000000000 0.0000000000 88.0549240112 160.4957733154 -0.2374284863
571.6387939453 1.4253585339 0.0000000000 0.0000000000 87.7794265747 147.1088562012 -0.2160127312
572.3638916016 1.4318705797 0.0000000000 0.0000000000 87.6084365845 132.4759826660 -0.2002895474
572.9276733398 1.4384307861 0.0000000000 0.0000000000 87.4089355469 122.4321441650 -0.1900180876
573.3950805664 1.4450360537 0.0000000000 0.0000000000 87.2988967896 117.5868530273 -0.1818760931
573.8145141602 1.4516832829 0.0000000000 0.0000000000 87.1716842651 115.9130096436 -0.1799721420
574.1514892578 1.4583709240 0.0000000000 0.0000000000 87.0393524170 113.7449188232 -0.1822957247
574.4407958984 1.4650957584 0.0000000000 0.0000000000 86.9248733521 111.4160156250 -0.1837261617
574.6763305664 1.4718574286 0.0000000000 0.0000000000 86.8267440796 109.1130981445 -0.1776196659
574.8378906250 1.4786540270 0.0000000000 0.0000000000 86.7251586914 106.9296875000 -0.1632250547
574.9171142578 1.4854823351 0.0000000000 0.0000000000 86.6283569336 104.7583618164 -0.1409192681
574.9257202148 1.4923403263 0.0000000000 0.0000000000 86.5244903564 103.3876647949 -0.1129012853
574.8721313477 1.4992270470 0.0000000000 0.0000000000 86.4136428833 102.0346221924 -0.0802429169
574.7712402344 1.5061420202 0.0000000000 0.0000000000 86.2955093384 100.0231475830 -0.0448063165
574.6166992188 1.5130854845 0.0000000000 0.0000000000 86.1721878052 97.8331375122 -0.0075013191
574.4177246094 1.5200569630 0.0000000000 0.0000000000 86.0447692871 95.5909118652 0.0289749354
574.1785278320 1.5270576477 0.0000000000 0.0000000000 85.9133453369 92.9639587402 0.0617156699
573.9143066406 1.5340875387 0.0000000000 0.0000000000 85.7774658203 90.1209411621 0.0869664475
573.6234741211 1.5411463976 0.0000000000 0.0000000000 85.6392974854 87.8301239014 0.1035937071
573.2985229492 1.5482350588 0.0000000000 0.0000000000 85.4971618652 86.2789916992 0.1126980111
572.9396972656 1.5553534031 0.0000000000 0.0000000000 85.3531036377 85.2303771973 0.1141095161
572.5661010742 1.5625009537 0.0000000000 0.0000000000 85.2062683105 84.7346801758 0.1062216461
572.1899414062 1.5696775913 0.0000000000 0.0000000000 85.0554885864 84.2847900391 0.0885557383
571.8086547852 1.5768830776 0.0000000000 0.0000000000 84.9048156738 83.6634674072 0.0622694194
571.4057006836 1.5841178894 0.0000000000 0.0000000000 84.7569427490 82.9015502930 0.0275176615
570.9977416992 1.5913819075 0.0000000000 0.0000000000 84.6120300293 82.3155517578 -0.0163537413
570.5629882812 1.5986744165 0.0000000000 0.0000000000 84.4720382690 81.8462982178 -0.0691978782
570.1043701172 1.6059962511 0.0000000000 0.0000000000 84.3386764526 81.3005523682 -0.1305793524
569.6461181641 1.6133468151 0.0000000000 0.0000000000 84.2100296021 80.2750167847 -0.1975468546
569.1795654297 1.6207262278 0.0000000000 0.0000000000 84.0888977051 79.1612243652 -0.2665791214
568.6674804688 1.6281338930 0.0000000000 0.0000000000 83.9776458740 78.1280670166 -0.3339687288
568.1173706055 1.6355701685 0.0000000000 0.0000000000 83.8752059937 77.2824172974 -0.3959670067
567.4954223633 1.6430352926 0.0000000000 0.0000000000 83.7818222046 77.1522674561 -0.4498478472
566.7973632812 1.6505299807 0.0000000000 0.0000000000 83.6920471191 77.3915710449 -0.4937659502
566.0087280273 1.6580548286 0.0000000000 0.0000000000 83.6067123413 77.6034927368 -0.5228184462
565.1485595703 1.6656099558 0.0000000000 0.0000000000 83.5204620361 77.3845825195 -0.5398488045
564.2104492188 1.6731951237 0.0000000000 0.0000000000 83.4368515015 76.6729507446 -0.5405533910
563.1486206055 1.6808109283 0.0000000000 0.0000000000 83.3540344238 76.1765136719 -0.5241727829
561.7528076172 1.6884584427 0.0000000000 0.0000000000 83.2744674683 77.3379287720 -0.4945532680
560.0056762695 1.6961382627 0.0000000000 0.0000000000 83.1839141846 77.7798843384 -0.4530544281
558.0159912109 1.7038515806 0.0000000000 0.0000000000 83.0837783813 77.5766143799 -0.4048144817
555.2895507812 1.7116000652 0.0000000000 0.0000000000 82.9823455811 78.0805130005 -0.3539338410
552.2999877930 1.7193772793 0.0000000000 0.0000000000 82.8793106079 77.5626983643 -0.3409442902
548.7420043945 1.7271903753 0.0000000000 0.0000000000 82.7755432129 76.6707763672 -0.3987716734
544.3164672852 1.7350405455 0.0000000000 0.0000000000 82.6716537476 75.3989105225 -0.6012637615
538.1435546875 1.7429283857 0.0000000000 0.0000000000 82.5769424438 74.6339263916 -1.0926641226
530.7304687500 1.7508562803 0.0000000000 0.0000000000 82.4995269775 74.7467651367 -2.4057588577
531.0682373047 1.7588164806 0.0000000000 0.0000000000 82.4670486450 73.8000640869 -4.8564333916
540.7860107422 1.7667833567 0.0000000000 0.0000000000 82.4980697632 70.7384948730 -6.9811544418
543.4607543945 1.7747341394 0.0000000000 0.0000000000 82.5738296509 66.2414627075 -5.7827386856
533.4813842773 1.7826792002 0.0000000000 0.0000000000 82.6166610718 60.9929199219 -1.7752847672
525.1224365234 1.7906445265 0.0000000000 0.0000000000 82.6600494385 55.6218070984 1.7071933746
525.6943359375 1.7986541986 0.0000000000 0.0000000000 82.6909179688 50.8002777100 3.1907482147
529.3096923828 1.8067204952 0.0000000000 0.0000000000 82.6731414795 47.1827468872 3.5451669693
532.3220825195 1.8148411512 0.0000000000 0.0000000000 82.5022125244 44.6570434570 3.5347580910
534.3077392578 1.8230152130 0.0000000000 0.0000000000 82.2379760742 42.6832084656 3.3597555161
535.6113891602 1.8312379122 0.0000000000 0.0000000000 81.9144821167 40.2900657654 3.0441353321
536.6484375000 1.8395028114 0.0000000000 0.0000000000 81.5611572266 37.0616798401 2.6747417450
537.1262207031 1.8478008509 0.0000000000 0.0000000000 81.1652374268 33.6857452393 2.3214247227
536.3889770508 1.8561224937 0.0000000000 0.0000000000 80.6913528442 30.8619308472 2.0074329376
534.2295532227 1.8644580841 0.0000000000 0.0000000000 80.1442031860 28.7848567963 1.6348304749
530.7498168945 1.8727906942 0.0000000000 0.0000000000 79.6015014648 27.8490180969 1.0253602266
527.1585083008 1.8811075687 0.0000000000 0.0000000000 79.0797271729 27.3781795502 -0.2838971615
529.3768920898 1.8893997669 0.0000000000 0.0000000000 78.5982894897 26.4001007080 -2.6478714943
534.0531616211 1.8976482153 0.0000000000 0.0000000000 78.1937255859 25.0002136230 -4.7804698944
535.4704589844 1.9058504105 0.0000000000 0.0000000000 77.8923110962 23.6701965332 -5.5408515930
531.1346435547 1.9140039682 0.0000000000 0.0000000000 77.6984481812 22.6713790894 -4.4602389336
524.6417846680 1.9221184254 0.0000000000 0.0000000000 77.5861434937 21.7492141724 -2.6351375580
519.8006591797 1.9302082062 0.0000000000 0.0000000000 77.5076828003 20.1718750000 -1.0417993069
516.9742431641 1.9382894039 0.0000000000 0.0000000000 77.4267196655 18.4422473907 -0.1008713245
514.2514648438 1.9463698864 0.0000000000 0.0000000000 77.3234786987 17.3317279816 0.3599957228
510.8078613281 1.9544494152 0.0000000000 0.0000000000 77.1998214722 16.4689865112 0.5828984976
506.3596801758 1.9625278711 0.0000000000 0.0000000000 77.0514678955 15.5814552307 0.7805313468
501.5513305664 1.9706062078 0.0000000000 0.0000000000 76.8670654297 14.6675167084 0.9636850357
496.4232482910 1.9786818027 0.0000000000 0.0000000000 76.6482772827 13.7241020203 1.1909759045
491.8027954102 1.9867541790 0.0000000000 0.0000000000 76.3822479248 12.9543094635 1.4657804966
489.8140869141 1.9948240519 0.0000000000 0.0000000000 76.0675811768 12.4838371277 1.3855032921
490.0840148926 2.0028955936 0.0000000000 0.0000000000 75.7167129517 12.0698299408 1.0171962976
491.5760192871 2.0109722614 0.0000000000 0.0000000000 75.3912429810 11.8550205231 0.3749884367
492.9902648926 2.0190551281 0.0000000000 0.0000000000 75.1018676758 11.9273748398 -0.4617009163
493.2342529297 2.0271494389 0.0000000000 0.0000000000 74.8671646118 12.2880678177 -1.5361597538
491.4445190430 2.0352585316 0.0000000000 0.0000000000 74.6946334839 13.2650165558 -3.1285693645
488.5821533203 2.0433778763 0.0000000000 0.0000000000 74.6043090820 14.9823989868 -6.1797552109
495.9530029297 2.0514934063 0.0000000000 0.0000000000 74.6381072998 16.5161361694 -11.3276252747
531.1087646484 2.0595800877 0.0000000000 0.0000000000 74.8358078003 16.8863639832 -17.0332984924
596.1059570312 2.0675942898 0.0000000000 0.0000000000 75.2192916870 16.2141532898 -16.5532493591
603.0172119141 2.0755348206 0.0000000000 0.0000000000 75.8099899292 17.3633575439 -4.3911762238
493.5800476074 2.0834581852 0.0000000000 0.0000000000 76.4202346802 23.1034202576 4.2300806046
511.2417602539 2.0914809704 0.0000000000 0.0000000000 76.9332504272 31.2610378265 -0.2648065090
537.7775268555 2.0996534824 0.0000000000 0.0000000000 77.2844238281 38.5794410706 -1.1125888824
539.6349487305 2.1079621315 0.0000000000 0.0000000000 77.5060501099 44.1198272705 0.4145811200
537.5588989258 2.1163985729 0.0000000000 0.0000000000 77.7018051147 50.7433547974 1.5759260654
534.7138061523 2.1249623299 0.0000000000 0.0000000000 77.7999420166 56.6772308350 2.2176430225
532.9983520508 2.1336479187 0.0000000000 0.0000000000 77.7754898071 60.4619598389 2.3031067848
532.7914428711 2.1424481869 0.0000000000 0.0000000000 77.6661834717 63.1393051147 2.0298392773
534.2346801758 2.1513524055 0.0000000000 0.0000000000 77.5062866211 64.2107315063 1.4464728832
536.4274291992 2.1603472233 0.0000000000 0.0000000000 77.3223876953 63.8252182007 0.8208087683
537.4848022461 2.1694211960 0.0000000000 0.0000000000 77.1285324097 65.0792999268 0.5113780499
537.4166870117 2.1785676479 0.0000000000 0.0000000000 76.9207229614 63.0817031860 0.5684859753
537.5693359375 2.1877815723 0.0000000000 0.0000000000 76.6950759888 61.0724334717 0.7824341059
538.3706665039 2.1970584393 0.0000000000 0.0000000000 76.4540328979 60.1462135315 0.9499504566
539.4239501953 2.2063932419 0.0000000000 0.0000000000 76.1922836304 58.9532585144 1.0190387964
540.2899169922 2.2157790661 0.0000000000 0.0000000000 75.9082260132 57.7283592224 0.9908019304
540.5847167969 2.2252085209 0.0000000000 0.0000000000 75.6103973389 55.7228050232 0.8885865808
540.3717651367 2.2346713543 0.0000000000 0.0000000000 75.3052368164 54.7382659912 0.7234430313
539.8314819336 2.2441587448 0.0000000000 0.0000000000 74.9929885864 53.2634963989 0.4601581097
539.3110961914 2.2536623478 0.0000000000 0.0000000000 74.6865997314 53.0933532715 0.0864766836
539.0993041992 2.2631735802 0.0000000000 0.0000000000 74.3904495239 51.4103622437 -0.3486824036
539.1327514648 2.2726845741 0.0000000000 0.0000000000 74.1147689819 50.3199920654 -0.7518986464
539.2207641602 2.2821884155 0.0000000000 0.0000000000 73.8613891602 49.5186843872 -1.0153839588
539.0436401367 2.2916810513 0.0000000000 0.0000000000 73.6338348389 49.1961364746 -1.0148048401
538.5096435547 2.3011617661 0.0000000000 0.0000000000 73.4287490845 48.9263610840 -0.7725204229
537.9246826172 2.3106319904 0.0000000000 0.0000000000 73.2442016602 48.1718826294 -0.4281489849
537.4605102539 2.3200945854 0.0000000000 0.0000000000 73.0654220581 47.4333915710 -0.1121016145
537.0713500977 2.3295540810 0.0000000000 0.0000000000 72.8851928711 45.4241600037 0.1087008715
536.4874877930 2.3390130997 0.0000000000 0.0000000000 72.7004394531 44.2132644653 0.2125220299
535.7141113281 2.3484735489 0.0000000000 0.0000000000 72.5126266479 43.2962417603 0.1997115016
534.8547363281 2.3579328060 0.0000000000 0.0000000000 72.3242645264 41.4081382751 0.0862206817
534.1185913086 2.3673918247 0.0000000000 0.0000000000 72.1356887817 40.0553894043 -0.1088263988
533.5751953125 2.3768484592 0.0000000000 0.0000000000 71.9522857666 38.9029464722 -0.3147010803
532.9429931641 2.3863029480 0.0000000000 0.0000000000 71.7798309326 37.2658233643 -0.4281570911
532.3295898438 2.3957560062 0.0000000000 0.0000000000 71.6209259033 35.6899299622 -0.4869527817
531.7476806641 2.4052109718 0.0000000000 0.0000000000 71.4763183594 34.7238769531 -0.5546683073
531.1976318359 2.4146721363 0.0000000000 0.0000000000 71.3464660645 33.9130592346 -0.6610023975
530.5321044922 2.4241409302 0.0000000000 0.0000000000 71.2309112549 32.9060668945 -0.8081306219
529.7572631836 2.4336194992 0.0000000000 0.0000000000 71.1312332153 31.8885097504 -0.9921580553
528.9758911133 2.4431095123 0.0000000000 0.0000000000 71.0523529053 30.8735694885 -1.1482654810
528.1284179688 2.4526124001 0.0000000000 0.0000000000 70.9951705933 29.7481193542 -1.2164673805
527.1334228516 2.4621298313 0.0000000000 0.0000000000 70.9585418701 28.4964179993 -1.1534070969
525.9901123047 2.4716646671 0.0000000000 0.0000000000 70.9437255859 27.5709381104 -0.9543005228
524.8045654297 2.4812228680 0.0000000000 0.0000000000 70.9434509277 26.4053382874 -0.6730370522
523.6979370117 2.4908056259 0.0000000000 0.0000000000 70.9472198486 25.1731758118 -0.3589785099
522.6699218750 2.5004169941 0.0000000000 0.0000000000 70.9472885132 24.0985317230 -0.0947037935
521.6597900391 2.5100591183 0.0000000000 0.0000000000 70.9395294189 22.9393901825 0.0891950130
520.8615722656 2.5197329521 0.0000000000 0.0000000000 70.9201431274 21.8684501648 0.2034828663
520.2875976562 2.5294377804 0.0000000000 0.0000000000 70.8871612549 20.9086036682 0.2521692514
519.9051513672 2.5391747952 0.0000000000 0.0000000000 70.8393707275 19.8205852509 0.2327095270
519.5024414062 2.5489435196 0.0000000000 0.0000000000 70.7774887085 18.7469501495 0.1393448114
518.9555664062 2.5587453842 0.0000000000 0.0000000000 70.7053909302 17.8334636688 -0.0146343708
518.3914794922 2.5685794353 0.0000000000 0.0000000000 70.6280212402 16.6981697083 -0.2269965410
517.9409179688 2.5784430504 0.0000000000 0.0000000000 70.5494461060 15.4672222137 -0.4590646029
517.4674072266 2.5883355141 0.0000000000 0.0000000000 70.4760055542 14.4412441254 -0.6863400936
516.8679199219 2.5982565880 0.0000000000 0.0000000000 70.4120788574 13.5498046875 -0.8958017826
516.1345214844 2.6082055569 0.0000000000 0.0000000000 70.3589401245 12.9496231079 -1.0745030642
515.1036376953 2.6181836128 0.0000000000 0.0000000000 70.3189697266 12.4668684006 -1.2373265028
513.8604125977 2.6281900406 0.0000000000 0.0000000000 70.2975616455 11.8551740646 -1.3898231983
512.2784423828 2.6382253170 0.0000000000 0.0000000000 70.2983322144 11.2473640442 -1.5297775269
510.5991516113 2.6482882500 0.0000000000 0.0000000000 70.3183212280 10.6358890533 -1.6062147617
508.6121826172 2.6583793163 0.0000000000 0.0000000000 70.3520965576 10.0786857605 -1.5806277990
506.2518310547 2.6684997082 0.0000000000 0.0000000000 70.3939361572 9.5991725922 -1.4686975479
503.7884216309 2.6786513329 0.0000000000 0.0000000000 70.4464492798 9.1380252838 -1.2630733252
500.8669128418 2.6888391972 0.0000000000 0.0000000000 70.5065460205 8.6520128250 -1.0069717169
497.6220397949 2.6990671158 0.0000000000 0.0000000000 70.5687179565 8.2053308487 -0.7284059525
494.2665100098 2.7093391418 0.0000000000 0.0000000000 70.6244812012 8.0034313202 -0.3861718178
492.2212524414 2.7196588516 0.0000000000 0.0000000000 70.6713485718 7.9669713974 -0.1148614883
491.4175720215 2.7300288677 0.0000000000 0.0000000000 70.7071380615 7.8705849648 0.0334162712
490.1325988770 2.7404546738 0.0000000000 0.0000000000 70.7295227051 7.6979455948 0.0258572102
488.2834472656 2.7509403229 0.0000000000 0.0000000000 70.7403717041 7.5022487640 -0.2228007317
486.7967529297 2.7614915371 0.0000000000 0.0000000000 70.7405319214 7.3847160339 -0.7860305309
486.5305175781 2.7721104622 0.0000000000 0.0000000000 70.7357177734 7.3452501297 -1.5700538158
486.9025573730 2.7827990055 0.0000000000 0.0000000000 70.7349395752 7.2341938019 -2.3838834763
486.9234924316 2.7935569286 0.0000000000 0.0000000000 70.7542724609 6.9128847122 -3.0822386742
485.5812683105 2.8043844700 0.0000000000 0.0000000000 70.8053207397 6.3841094971 -3.4029736519
482.7548828125 2.8152859211 0.0000000000 0.0000000000 70.8915786743 5.8571810722 -3.2799320221
480.2605590820 2.8262627125 0.0000000000 0.0000000000 71.0212020874 5.5351543427 -2.8297901154
479.7771606445 2.8373219967 0.0000000000 0.0000000000 71.1838989258 5.4188446999 -2.3314735889
480.7326965332 2.8484702110 0.0000000000 0.0000000000 71.3602981567 5.3877463341 -1.7670068741
479.6377258301 2.8597164154 0.0000000000 0.0000000000 71.5305633545 5.4722008705 -1.0671150684
477.2798461914 2.8710730076 0.0000000000 0.0000000000 71.6764068604 5.9540786743 -0.3316876888
476.8138732910 2.8825507164 0.0000000000 0.0000000000 71.7870941162 7.3239693642 0.1106700897
477.9847717285 2.8941571712 0.0000000000 0.0000000000 71.8534927368 10.2335052490 0.0539484024
480.3981933594 2.9058918953 0.0000000000 0.0000000000 71.8731994629 14.1903648376 -0.3606898785
481.7685241699 2.9177527428 0.0000000000 0.0000000000 71.8560714722 16.2764110565 -0.9633650780
481.5980529785 2.9297311306 0.0000000000 0.0000000000 71.8193054199 16.8686561584 -1.7279222012
480.1758728027 2.9418151379 0.0000000000 0.0000000000 71.7861709595 17.4608116150 -2.6391861439
478.5527648926 2.9539923668 0.0000000000 0.0000000000 71.7773666382 16.8160896301 -3.7495272160
478.8871765137 2.9662494659 0.0000000000 0.0000000000 71.8203430176 16.0799026489 -5.1269073486
487.0317382812 2.9785718918 0.0000000000 0.0000000000 71.9370422363 15.5089988708 -6.2955646515
498.3351135254 2.9909393787 0.0000000000 0.0000000000 72.1092300415 13.0862255096 -5.4067959785
493.7390747070 3.0033442974 0.0000000000 0.0000000000 72.3068161011 11.2320966721 -1.8588333130
478.9170532227 3.0157957077 0.0000000000 0.0000000000 72.5076522827 10.5587778091 2.3611197472
479.6215820312 3.0283248425 0.0000000000 0.0000000000 72.6350326538 10.7425470352 4.0919370651
493.8532409668 3.0409483910 0.0000000000 0.0000000000 72.6252441406 11.1858501434 3.1947925091
507.6849365234 3.0536682606 0.0000000000 0.0000000000 72.4727249146 12.1018791199 1.8014415503
515.6168212891 3.0664758682 0.0000000000 0.0000000000 72.2204513550 12.4960556030 0.8872259855
517.7483520508 3.0793564320 0.0000000000 0.0000000000 71.9260406494 12.7287063599 0.1936397552
517.1187744141 3.0922966003 0.0000000000 0.0000000000 71.6284103394 12.8169193268 -0.7786960006
513.7363891602 3.1052863598 0.0000000000 0.0000000000 71.3523635864 12.8943967819 -2.4323537350
512.0225219727 3.1183111668 0.0000000000 0.0000000000 71.1409912109 13.0866651535 -5.0963044167
517.4338378906 3.1313531399 0.0000000000 0.0000000000 71.0299606323 12.9397220612 -8.4504032135
525.2872924805 3.1443939209 0.0000000000 0.0000000000 71.0501022339 12.7258481979 -10.1664896011
520.3757934570 3.1574273109 0.0000000000 0.0000000000 71.2015609741 12.2500362396 -7.9226999283
506.4513854980 3.1704638004 0.0000000000 0.0000000000 71.4538040161 11.6881208420 -3.2934844494
497.8540649414 3.1835348606 0.0000000000 0.0000000000 71.7062149048 11.3932209015 0.5766195059
497.0351867676 3.1966722012 0.0000000000 0.0000000000 71.8952331543 11.2329282761 2.6600689888
499.7402954102 3.2098886967 0.0000000000 0.0000000000 71.9653778076 11.0241174698 3.4629006386
502.7877807617 3.2231869698 0.0000000000 0.0000000000 71.8845291138 11.2030143738 3.6084570885
505.8353271484 3.2365612984 0.0000000000 0.0000000000 71.6673736572 11.6757621765 3.3067717552
509.1784667969 3.2500011921 0.0000000000 0.0000000000 71.3488769531 11.4189176559 2.5918903351
513.0105590820 3.2634913921 0.0000000000 0.0000000000 70.9650421143 10.3562812805 1.7447378635
516.5400390625 3.2770183086 0.0000000000 0.0000000000 70.5500488281 9.6735010147 0.9577443600
518.9089355469 3.2905700207 0.0000000000 0.0000000000 70.1204757690 8.9474363327 0.2560982704
519.3810424805 3.3041310310 0.0000000000 0.0000000000 69.6931838989 8.6211233139 -0.4669345617
517.0895385742 3.3176879883 0.0000000000 0.0000000000 69.2849578857 8.6019554138 -1.3716572523
511.4985046387 3.3312256336 0.0000000000 0.0000000000 68.9133834839 8.7509355545 -2.8470537663
503.5527648926 3.3447329998 0.0000000000 0.0000000000 68.6013946533 9.8173093796 -5.3618297577
500.9807739258 3.3581995964 0.0000000000 0.0000000000 68.3912353516 11.4358043671 -10.1054182053
535.0756835938 3.3716001511 0.0000000000 0.0000000000 68.3561630249 12.5478668213 -17.9295406342
570.6182250977 3.3848843575 0.0000000000 0.0000000000 68.5672225952 11.6398410797 -19.2064952850
529.4421997070 3.3980538845 0.0000000000 0.0000000000 69.0181503296 11.9638671875 -9.5479288101
497.2575988770 3.4111781120 0.0000000000 0.0000000000 69.6171035767 15.6529121399 -1.9337222576
509.1145019531 3.4243335724 0.0000000000 0.0000000000 70.2120056152 20.4319858551 1.6897276640
513.9505004883 3.4375455379 0.0000000000 0.0000000000 70.6695556641 25.5261917114 4.8966350555
511.5490112305 3.4508259296 0.0000000000 0.0000000000 70.9324951172 31.2355556488 5.2373161316
519.2916870117 3.4642043114 0.0000000000 0.0000000000 70.9696731567 37.3768806458 4.1710886955
527.9210815430 3.4776787758 0.0000000000 0.0000000000 70.8337249756 43.6178970337 3.1884419918
535.4671020508 3.4912416935 0.0000000000 0.0000000000 70.5740051270 49.0443763733 2.6106944084
541.0940551758 3.5048866272 0.0000000000 0.0000000000 70.2477035522 52.7382507324 2.2692747116
545.3159790039 3.5186026096 0.0000000000 0.0000000000 69.8785552979 55.1936645508 1.9723426104
548.4327392578 3.5323755741 0.0000000000 0.0000000000 69.4693756104 57.7002182007 1.7064201832
550.9511108398 3.5461888313 0.0000000000 0.0000000000 69.0342254639 60.2362403870 1.4522866011
552.9161376953 3.5600256920 0.0000000000 0.0000000000 68.5899276733 62.6612701416 1.2193892002
554.3239135742 3.5738661289 0.0000000000 0.0000000000 68.1397781372 64.8634033203 1.0098364353
555.3017578125 3.5876917839 0.0000000000 0.0000000000 67.6844635010 66.4388122559 0.8143586516
556.0018310547 3.6014821529 0.0000000000 0.0000000000 67.2391662598 67.9379196167 0.6252101064
556.4030761719 3.6152181625 0.0000000000 0.0000000000 66.8153686523 69.7374877930 0.4494915605
556.5540771484 3.6288807392 0.0000000000 0.0000000000 66.4096527100 71.3448028564 0.2843782604
556.4964599609 3.6424543858 0.0000000000 0.0000000000 66.0234146118 72.2362518311 0.1286068857
556.2923583984 3.6559264660 0.0000000000 0.0000000000 65.6619491577 72.8112945557 -0.0221545845
555.8630981445 3.6692852974 0.0000000000 0.0000000000 65.3263626099 73.2829437256 -0.1703753620
555.2841186523 3.6825246811 0.0000000000 0.0000000000 65.0183868408 72.9321517944 -0.3344903588
554.6196899414 3.6956338882 0.0000000000 0.0000000000 64.7368698120 71.7979736328 -0.4820476770
553.7499389648 3.7086179256 0.0000000000 0.0000000000 64.4831848145 70.5136489868 -0.6457084417
552.6141357422 3.7214782238 0.0000000000 0.0000000000 64.2585296631 68.5848007202 -0.8238349557
551.2290039062 3.7342205048 0.0000000000 0.0000000000 64.0632171631 64.8162078857 -1.0258716345
549.3335571289 3.7468519211 0.0000000000 0.0000000000 63.9012603760 60.0407485962 -1.2740083933
546.8579711914 3.7593817711 0.0000000000 0.0000000000 63.7772674561 56.6097335815 -1.6035702229
543.6583862305 3.7718238831 0.0000000000 0.0000000000 63.6917533875 54.2221183777 -2.0840268135
538.9832153320 3.7841947079 0.0000000000 0.0000000000 63.6551666260 50.9672317505 -2.9046845436
534.0745849609 3.7965121269 0.0000000000 0.0000000000 63.6802215576 47.2500877380 -4.1873207092
529.5431518555 3.8087966442 0.0000000000 0.0000000000 63.7829666138 44.9285964966 -5.9489703178
526.0400390625 3.8210740089 0.0000000000 0.0000000000 63.9832649231 44.1533966064 -8.4827585220
528.7460937500 3.8333692551 0.0000000000 0.0000000000 64.3113937378 42.1312561035 -11.6169109344
541.4946289062 3.8457098007 0.0000000000 0.0000000000 64.8077392578 38.3758049011 -14.2090015411
551.6989135742 3.8581261635 0.0000000000 0.0000000000 65.5071105957 35.5063667297 -13.6872386932
548.4509887695 3.8706643581 0.0000000000 0.0000000000 66.3751220703 33.6595611572 -9.1829090118
531.2385253906 3.8833708763 0.0000000000 0.0000000000 67.3597717285 33.2610740662 -2.3295238018
523.2762451172 3.8962948322 0.0000000000 0.0000000000 68.3042755127 35.1082534790 4.0335321426
519.8077392578 3.9094607830 0.0000000000 0.0000000000 69.0375671387 38.0086746216 7.6499104500
517.6936645508 3.9228861332 0.0000000000 0.0000000000 69.4318847656 41.7843856812 8.4330739975
520.1528320312 3.9365804195 0.0000000000 0.0000000000 69.4864730835 45.0632820129 6.9634761810
525.6621093750 3.9505314827 0.0000000000 0.0000000000 69.2367172241 46.8353576660 4.8262948990
531.5540771484 3.9647092819 0.0000000000 0.0000000000 68.7954711914 48.9352493286 3.6260342598
536.6420898438 3.9790751934 0.0000000000 0.0000000000 68.2304687500 48.6712799072 2.8401613235
540.4412231445 3.9935894012 0.0000000000 0.0000000000 67.6163787842 46.3188972473 2.3213825226
543.3517456055 4.0082139969 0.0000000000 0.0000000000 66.9816055298 43.9204826355 1.9360364676
545.5164794922 4.0229110718 0.0000000000 0.0000000000 66.3331604004 40.2915420532 1.6093534231
547.1426391602 4.0376391411 0.0000000000 0.0000000000 65.6772384644 36.5913696289 1.3145884275
548.1692504883 4.0523567200 0.0000000000 0.0000000000 65.0384750366 33.4994812012 1.0508409739
548.8192138672 4.0670204163 0.0000000000 0.0000000000 64.3882522583 30.6788024902 0.7825924158
548.9445190430 4.0815877914 0.0000000000 0.0000000000 63.7631797791 28.4560775757 0.5193501711
548.6812133789 4.0960173607 0.0000000000 0.0000000000 63.1867446899 26.0055046082 0.2429622412
548.0690917969 4.1102700233 0.0000000000 0.0000000000 62.6633720398 24.4497947693 -0.0583241582
547.2085571289 4.1243195534 0.0000000000 0.0000000000 62.1865348816 23.0436325073 -0.3982364535
546.3674926758 4.1381435394 0.0000000000 0.0000000000 61.7749328613 21.8836917877 -0.7979960442
545.4438476562 4.1517276764 0.0000000000 0.0000000000 61.3555870056 20.8751373291 -1.2587810755
544.2122192383 4.1650614738 0.0000000000 0.0000000000 61.0331077576 19.7275218964 -1.7750837803
543.1009521484 4.1781430244 0.0000000000 0.0000000000 60.7789802551 19.1587181091 -2.4007813931
542.0592041016 4.1909775734 0.0000000000 0.0000000000 60.5393829346 18.2659111023 -3.1293904781
540.7564086914 4.2035789490 0.0000000000 0.0000000000 60.3815307617 17.2432422638 -3.8584990501
538.3548583984 4.2159638405 0.0000000000 0.0000000000 60.2910003662 16.1945590973 -4.4519395828
532.5440063477 4.2281522751 0.0000000000 0.0000000000 60.2977294922 15.2975692749 -5.0450849533
522.0752563477 4.2401738167 0.0000000000 0.0000000000 60.3826599121 14.7896347046 -5.9760026932
512.6087036133 4.2520599365 0.0000000000 0.0000000000 60.5620994568 14.4308452606 -8.0071077347
529.4861450195 4.2638459206 0.0000000000 0.0000000000 60.7590446472 13.8629627228 -11.3095359802
545.4909667969 4.2755503654 0.0000000000 0.0000000000 61.0941390991 12.9719476700 -10.4659614563
515.2998657227 4.2872095108 0.0000000000 0.0000000000 61.5077056885 14.0669603348 -3.5867345333
487.8764648438 4.2988924980 0.0000000000 0.0000000000 61.9160842896 17.4783229828 1.6626456976
499.9679870605 4.3106842041 0.0000000000 0.0000000000 62.2547607422 20.2252197266 1.8766641617
513.2455444336 4.3226275444 0.0000000000 0.0000000000 62.5053634644 22.5219268799 0.8125253916
521.9002685547 4.3347339630 0.0000000000 0.0000000000 62.6760253906 24.2874298096 0.1198252439
523.8565063477 4.3469915390 0.0000000000 0.0000000000 62.7410125732 25.0102825165 0.1420246959
523.7135009766 4.3593935966 0.0000000000 0.0000000000 62.7852516174 25.3458480835 0.2718555629
522.9356689453 4.3719434738 0.0000000000 0.0000000000 62.8020668030 25.7333259583 0.2342345715
521.2610473633 4.3846487999 0.0000000000 0.0000000000 62.7754096985 25.6499500275 0.0972974300
520.1713256836 4.3975110054 0.0000000000 0.0000000000 62.6742095947 24.6355018616 -0.1038914323
522.4719848633 4.4105224609 0.0000000000 0.0000000000 62.5504341125 23.2525138855 -0.4956840873
522.1288452148 4.4236698151 0.0000000000 0.0000000000 62.4174079895 21.8333988190 -0.7061475515
519.0634765625 4.4369487762 0.0000000000 0.0000000000 62.2761611938 19.8496608734 -0.6390765905
516.9420166016 4.4503560066 0.0000000000 0.0000000000 62.1365585327 17.9351139069 -0.4983903766
514.8216552734 4.4638834000 0.0000000000 0.0000000000 61.9491844177 16.2920303345 -0.4127715826
510.7781677246 4.4775180817 0.0000000000 0.0000000000 61.7630043030 14.9288415909 -0.5383489132
507.9234924316 4.4912447929 0.0000000000 0.0000000000 61.5838050842 14.0422821045 -1.2151576281
509.4815368652 4.5050439835 0.0000000000 0.0000000000 61.4364624023 13.4600734711 -2.5798933506
512.5090942383 4.5188941956 0.0000000000 0.0000000000 61.3547973633 13.4058341980 -3.8285241127
500.8690185547 4.5327782631 0.0000000000 0.0000000000 61.3729896545 13.5303659439 -3.4333915710
485.0708312988 4.5467000008 0.0000000000 0.0000000000 61.4788932800 12.5635948181 -2.8764772415
483.2681884766 4.5606703758 0.0000000000 0.0000000000 61.6378822327 12.0744533539 -3.5350792408
513.1336669922 4.5746798515 0.0000000000 0.0000000000 61.8405494690 11.5636940002 -4.0698480606
492.7732238770 4.5887098312 0.0000000000 0.0000000000 62.0819015503 11.5390233994 -1.3731379509
491.7904968262 4.6028113365 0.0000000000 0.0000000000 62.3100700378 12.2686328888 0.6920735836
499.7557983398 4.6170225143 0.0000000000 0.0000000000 62.4572067261 12.3192119598 1.7737309933
506.1849975586 4.6313467026 0.0000000000 0.0000000000 62.4978561401 12.5360231400 2.1956360340
510.6638793945 4.6457829475 0.0000000000 0.0000000000 62.4350585938 12.9297657013 2.1938207150
514.0164794922 4.6603264809 0.0000000000 0.0000000000 62.3215217590 13.1169214249 1.9284032583
515.9189453125 4.6749691963 0.0000000000 0.0000000000 62.1203079224 12.9829359055 1.5814552307
516.1089477539 4.6896982193 0.0000000000 0.0000000000 61.8578796387 12.7247762680 1.1669816971
514.9846801758 4.7044982910 0.0000000000 0.0000000000 61.5551795959 12.7072715759 0.5283758640
512.3983154297 4.7193574905 0.0000000000 0.0000000000 61.2393493652 13.0543365479 -0.5701606274
511.8366699219 4.7342534065 0.0000000000 0.0000000000 60.9420547485 13.4338188171 -2.3895180225
515.9764404297 4.7491612434 0.0000000000 0.0000000000 60.6999626160 13.7431879044 -4.4781312943
513.1896362305 4.7640547752 0.0000000000 0.0000000000 60.5246734619 13.7643375397 -5.1784529686
498.1977844238 4.7789258957 0.0000000000 0.0000000000 60.4107856750 13.9879493713 -4.2636256218
484.4094238281 4.7937798500 0.0000000000 0.0000000000 60.3487892151 14.6513118744 -4.2232522964
486.2075805664 4.8086137772 0.0000000000 0.0000000000 60.3914527893 15.5422925949 -6.9543924332
543.6218872070 4.8233995438 0.0000000000 0.0000000000 60.6166152954 16.7844772339 -10.0131282806
507.8912963867 4.8380942345 0.0000000000 0.0000000000 60.9936981201 17.4670238495 -3.2153632641
499.1764831543 4.8528075218 0.0000000000 0.0000000000 61.3982849121 19.4060668945 0.9349647760
505.9997863770 4.8676080704 0.0000000000 0.0000000000 61.7461700439 22.5066928864 2.7066392899
512.8994140625 4.8824872971 0.0000000000 0.0000000000 61.9252281189 25.8004341125 3.4757034779
518.2883911133 4.8974313736 0.0000000000 0.0000000000 61.9460716248 28.5169696808 3.6207537651
522.8170776367 4.9124264717 0.0000000000 0.0000000000 61.8421096802 31.0499057770 3.3901665211
527.2472534180 4.9274630547 0.0000000000 0.0000000000 61.6115417480 33.8563842773 3.0586857796
531.3153686523 4.9425225258 0.0000000000 0.0000000000 61.3055648804 36.1181755066 2.6800587177
534.4826049805 4.9575829506 0.0000000000 0.0000000000 60.9126129150 37.1571731567 2.3722648621
537.0100708008 4.9726152420 0.0000000000 0.0000000000 60.5000190735 37.5349311829 2.1034307480
538.9877319336 4.9875898361 0.0000000000 0.0000000000 59.9913749695 37.2737197876 1.8596286774
540.5715942383 5.0024724007 0.0000000000 0.0000000000 59.4936866760 36.0352935791 1.6317691803
541.8032836914 5.0172286034 0.0000000000 0.0000000000 58.9836502075 35.0681610107 1.4113892317
542.7374267578 5.0318222046 0.0000000000 0.0000000000 58.4276199341 35.2311172485 1.2025336027
543.3980712891 5.0462121964 0.0000000000 0.0000000000 57.8942413330 36.1563720703 1.0073117018
543.7695312500 5.0603642464 0.0000000000 0.0000000000 57.3797912598 37.7843933105 0.8261997104
543.9178466797 5.0742521286 0.0000000000 0.0000000000 56.9059638977 40.6579170227 0.6557366848
543.8261108398 5.0878419876 0.0000000000 0.0000000000 56.4626426697 44.7643013000 0.4980958700
543.5233764648 5.1011104584 0.0000000000 0.0000000000 56.0154190063 48.6601524353 0.3460468054
543.0261840820 5.1140422821 0.0000000000 0.0000000000 55.5845603943 51.2630462646 0.1928965449
542.3652954102 5.1266226768 0.0000000000 0.0000000000 55.1706085205 52.8263053894 0.0109977424
541.4667968750 5.1388463974 0.0000000000 0.0000000000 54.7839508057 53.9247283936 -0.2152992487
540.3723754883 5.1507167816 0.0000000000 0.0000000000 54.4431457520 54.0650482178 -0.5000348687
539.2343139648 5.1622447968 0.0000000000 0.0000000000 54.1508178711 52.0199890137 -0.8354856968
537.7944335938 5.1734509468 0.0000000000 0.0000000000 53.9240074158 48.3039550781 -1.2069554329
535.6568603516 5.1843671799 0.0000000000 0.0000000000 53.7717742920 45.9749755859 -1.6286938190
532.8637084961 5.1950325966 0.0000000000 0.0000000000 53.7013626099 45.4636344910 -2.1066880226
529.2045898438 5.2054910660 0.0000000000 0.0000000000 53.7054977417 43.6575355530 -2.6269643307
524.5496826172 5.2157964706 0.0000000000 0.0000000000 53.7921867371 40.1964836121 -3.2966468334
518.2540283203 5.2260079384 0.0000000000 0.0000000000 53.9833946228 38.4069938660 -4.3804907799
511.7600708008 5.2361865044 0.0000000000 0.0000000000 54.2596206665 38.6998138428 -6.2385368347
510.4306335449 5.2463874817 0.0000000000 0.0000000000 54.6216850281 37.9891242981 -9.4357471466
535.1511230469 5.2566637993 0.0000000000 0.0000000000 55.1365890503 32.9662704468 -13.4489536285
546.0813598633 5.2670607567 0.0000000000 0.0000000000 55.8327064514 28.5751152039 -11.8756895065
508.9109497070 5.2776350975 0.0000000000 0.0000000000 56.6158103943 27.7978401184 -3.8428781033
490.0942687988 5.2884745598 0.0000000000 0.0000000000 57.3180503845 29.2128944397 5.4369392395
503.5494384766 5.2996382713 0.0000000000 0.0000000000 57.8481025696 29.8239402771 9.1357126236
500.5348205566 5.3111414909 0.0000000000 0.0000000000 58.1094665527 31.6500720978 6.1945686340
513.8093872070 5.3229961395 0.0000000000 0.0000000000 58.1576347351 35.1359825134 2.6091849804
528.7509155273 5.3351845741 0.0000000000 0.0000000000 58.0795288086 39.1358337402 1.1411390305
536.8528442383 5.3476829529 0.0000000000 0.0000000000 57.8726768494 41.4349250793 0.9065794945
541.6109619141 5.3604645729 0.0000000000 0.0000000000 57.6074523926 41.1690597534 0.8720585704
545.2395629883 5.3734951019 0.0000000000 0.0000000000 57.2982063293 39.8406753540 0.8221352100
547.9615478516 5.3867406845 0.0000000000 0.0000000000 56.9682083130 39.4275703430 0.7570202351
550.0942993164 5.4001636505 0.0000000000 0.0000000000 56.6228828430 38.5174484253 0.6907912493
551.7954101562 5.4137349129 0.0000000000 0.0000000000 56.2690391541 36.8507766724 0.6256234050
553.1288452148 5.4274210930 0.0000000000 0.0000000000 55.9049911499 35.3460159302 0.5600917935
554.1502685547 5.4411950111 0.0000000000 0.0000000000 55.5332908630 33.9507980347 0.4937016368
554.9157104492 5.4550232887 0.0000000000 0.0000000000 55.1909255981 32.8140449524 0.4272670448
555.4604492188 5.4688777924 0.0000000000 0.0000000000 54.8731269836 32.2725601196 0.3600896597
555.8179931641 5.4827270508 0.0000000000 0.0000000000 54.5746459961 31.5761470795 0.2909508944
556.0409545898 5.4965453148 0.0000000000 0.0000000000 54.2946319580 30.3857421875 0.2216564119
556.1514892578 5.5103073120 0.0000000000 0.0000000000 54.0376586914 28.7625827789 0.1520179212
556.1409301758 5.5239906311 0.0000000000 0.0000000000 53.7848663330 26.5268135071 0.0832349360
555.9921875000 5.5375804901 0.0000000000 0.0000000000 53.5508880615 24.7335948944 0.0155140907
555.7231445312 5.5510644913 0.0000000000 0.0000000000 53.3304634094 22.7206401825 -0.0510608256
555.3480834961 5.5644335747 0.0000000000 0.0000000000 53.1385688782 20.2691974640 -0.1170028895
554.8327026367 5.5776810646 0.0000000000 0.0000000000 52.9798812866 19.0335083008 -0.1858868152
554.1777954102 5.5908093452 0.0000000000 0.0000000000 52.8480682373 17.6628532410 -0.2661997974
553.3960571289 5.6038160324 0.0000000000 0.0000000000 52.7454071045 16.2698879242 -0.3659951389
552.4348754883 5.6167082787 0.0000000000 0.0000000000 52.6729698181 15.1639118195 -0.5097409487
551.3770141602 5.6294975281 0.0000000000 0.0000000000 52.6324691772 14.8716621399 -0.7164731026
550.2734985352 5.6421966553 0.0000000000 0.0000000000 52.6375236511 14.4438905716 -0.9854812622
549.0928955078 5.6548247337 0.0000000000 0.0000000000 52.6976890564 14.1370515823 -1.3113675117
547.7857666016 5.6674056053 0.0000000000 0.0000000000 52.8155364990 14.4484291077 -1.7059700489
546.3713378906 5.6799669266 0.0000000000 0.0000000000 53.0013198853 15.4543294907 -2.1968777180
544.7727050781 5.6925430298 0.0000000000 0.0000000000 53.2720031738 16.8564033508 -2.7469251156
542.9664916992 5.7051768303 0.0000000000 0.0000000000 53.6282615662 17.2993793488 -3.2862367630
540.8663330078 5.7179098129 0.0000000000 0.0000000000 54.0452003479 16.0712223053 -3.7693605423
537.9034423828 5.7307810783 0.0000000000 0.0000000000 54.5654411316 14.6580028534 -4.1041870117
533.8217163086 5.7438306808 0.0000000000 0.0000000000 55.1416206360 13.4778776169 -4.3365130424
528.7844848633 5.7570886612 0.0000000000 0.0000000000 55.7058601379 12.0401258469 -4.6267156601
522.8364257812 5.7705683708 0.0000000000 0.0000000000 56.3956336975 11.2535543442 -5.2688164711
515.2651367188 5.7842917442 0.0000000000 0.0000000000 57.1536750793 10.9351882935 -7.3011665344
527.8616333008 5.7982668877 0.0000000000 0.0000000000 58.0105056763 10.6080169678 -13.8011875153
616.5604858398 5.8124723434 0.0000000000 0.0000000000 59.0522651672 10.0991115570 -16.0498600006
603.4109497070 5.8268795013 0.0000000000 0.0000000000 60.0753974915 11.5719385147 -4.4076542854
630.0791625977 5.8415336609 0.0000000000 0.0000000000 61.0085411072 18.2087535858 8.9983043671
524.9876708984 5.8564796448 0.0000000000 0.0000000000 61.7903900146 35.1470184326 18.4332466125
514.7985229492 5.8717880249 0.0000000000 0.0000000000 62.0515594482 62.6374816895 17.3785762787
525.1710205078 5.8875083923 0.0000000000 0.0000000000 61.7968101501 99.9690093994 13.4724788666
535.5215454102 5.9036393166 0.0000000000 0.0000000000 61.1587219238 133.3429718018 9.6113128662
542.5565795898 5.9200983047 0.0000000000 0.0000000000 60.2553634644 152.9812469482 6.7945294380
547.6046752930 5.9367890358 0.0000000000 0.0000000000 59.1702842712 165.5794677734 4.7640438080
552.1306152344 5.9536085129 0.0000000000 0.0000000000 57.9706764221 164.1434173584 3.2066352367
555.7816772461 5.9704551697 0.0000000000 0.0000000000 56.6877098083 160.1578979492 2.1829919815
558.5573730469 5.9872088432 0.0000000000 0.0000000000 55.3765869141 152.2333374023 1.5343676805
560.6311035156 6.0037536621 0.0000000000 0.0000000000 54.1038627625 144.8546295166 1.1688200235
562.0222167969 6.0199694633 0.0000000000 0.0000000000 53.0306282043 136.3462982178 0.9417782426
562.9765625000 6.0357475281 0.0000000000 0.0000000000 51.9971008301 129.2631530762 0.7862242460
563.5501098633 6.0509862900 0.0000000000 0.0000000000 51.0871200562 122.7773895264 0.6762062907
563.8555297852 6.0655837059 0.0000000000 0.0000000000 50.3534164429 117.4926528931 0.5773333311
563.8814697266 6.0794563293 0.0000000000 0.0000000000 49.6073532104 113.5386810303 0.4911318421
563.6087036133 6.0925278664 0.0000000000 0.0000000000 49.0265769958 109.0393981934 0.4179348946
563.1673583984 6.1047639847 0.0000000000 0.0000000000 48.5936203003 104.9188995361 0.3462544680
562.6529541016 6.1161646843 0.0000000000 0.0000000000 48.1094474792 101.3575286865 0.2690465450
562.0009765625 6.1267552376 0.0000000000 0.0000000000 47.5333595276 99.0307464600 0.1946698576
561.1831665039 6.1366014481 0.0000000000 0.0000000000 47.2215538025 98.3509063721 0.1132137701
560.2715454102 6.1458044052 0.0000000000 0.0000000000 46.8656425476 101.4195251465 0.0184663087
559.2926635742 6.1544628143 0.0000000000 0.0000000000 46.6742935181 107.8729629517 -0.0874439627
558.2653198242 6.1626801491 0.0000000000 0.0000000000 46.5004806519 107.2285079956 -0.2113876492
557.2084960938 6.1705627441 0.0000000000 0.0000000000 46.4073257446 102.6823425293 -0.3461542130
556.1094970703 6.1782021523 0.0000000000 0.0000000000 46.3612670898 99.9834899902 -0.4878396094
554.8822021484 6.1856803894 0.0000000000 0.0000000000 46.2751045227 96.0673904419 -0.6226066351
553.4773559570 6.1930594444 0.0000000000 0.0000000000 46.1793251038 96.5199890137 -0.7395792007
552.0141601562 6.2003898621 0.0000000000 0.0000000000 46.1338691711 97.8780212402 -0.8397554159
550.5403442383 6.2077112198 0.0000000000 0.0000000000 46.1235694885 97.8477630615 -0.9433486462
549.0944213867 6.2150554657 0.0000000000 0.0000000000 46.1470756531 94.7490158081 -1.0688966513
547.7125854492 6.2224411964 0.0000000000 0.0000000000 46.2172470093 90.9852828979 -1.2508585453
546.5241088867 6.2298779488 0.0000000000 0.0000000000 46.1705780029 84.5620346069 -1.4968569279
545.6159667969 6.2373704910 0.0000000000 0.0000000000 46.2036933899 81.3052444458 -1.8094315529
544.4961547852 6.2449092865 0.0000000000 0.0000000000 46.2468681335 74.6154174805 -2.0264525414
542.4793701172 6.2524962425 0.0000000000 0.0000000000 46.3960113525 70.8247833252 -1.9859876633
539.8761596680 6.2601141930 0.0000000000 0.0000000000 46.5882453918 65.9876861572 -1.7280977964
536.8424682617 6.2677412033 0.0000000000 0.0000000000 46.8083648682 63.7040672302 -1.4107525349
533.7429199219 6.2753653526 0.0000000000 0.0000000000 47.0888710022 60.6836624146 -1.1139402390
530.8831787109 6.2829847336 0.0000000000 0.0000000000 47.5822257996 57.2074890137 -0.8554552197
527.7061767578 6.2906131744 0.0000000000 0.0000000000 48.0752296448 54.7819290161 -0.6164221168
523.7147216797 6.2982754707 0.0000000000 0.0000000000 48.4447975159 52.7776985168 -0.4333805442
519.0736694336 6.3059973717 0.0000000000 0.0000000000 48.7616157532 51.6790771484 -0.3894410133
514.9517822266 6.3137993813 0.0000000000 0.0000000000 49.0199851990 50.2187614441 -0.5764359832
511.9105224609 6.3217010498 0.0000000000 0.0000000000 49.3280067444 48.4710807800 -1.0058684349
511.3054199219 6.3297147751 0.0000000000 0.0000000000 49.6980438232 46.7317848206 -1.6639907360
512.5928955078 6.3378496170 0.0000000000 0.0000000000 50.0450363159 44.8996582031 -2.2188389301
513.5848999023 6.3461141586 0.0000000000 0.0000000000 50.3607788086 42.8192138672 -2.1786260605
511.1388244629 6.3545174599 0.0000000000 0.0000000000 50.6083679199 40.3539886475 -1.1846055984
506.2189331055 6.3630709648 0.0000000000 0.0000000000 50.7685203552 38.4601440430 0.3871498108
501.8049621582 6.3717746735 0.0000000000 0.0000000000 50.8418884277 37.0772628784 1.9733057022
500.6484985352 6.3806352615 0.0000000000 0.0000000000 50.8280639648 35.5879173279 3.0460581779
501.3851623535 6.3896465302 0.0000000000 0.0000000000 50.7297325134 34.3250236511 3.5663969517
502.7134399414 6.3987898827 0.0000000000 0.0000000000 50.5398559570 33.8386306763 3.6698722839
503.9506530762 6.4080414772 0.0000000000 0.0000000000 50.2490310669 33.6415100098 3.4742450714
505.1264343262 6.4173707962 0.0000000000 0.0000000000 49.8814582825 33.6708946228 3.1016855240
505.9387817383 6.4267439842 0.0000000000 0.0000000000 49.4796028137 33.2749290466 2.6126194000
505.8839721680 6.4361310005 0.0000000000 0.0000000000 49.0904579163 32.3800010681 2.0185847282
504.5402526855 6.4455008507 0.0000000000 0.0000000000 48.7004432678 27.7901248932 1.2419412136
502.1102905273 6.4548301697 0.0000000000 0.0000000000 48.3069419861 25.0815315247 0.0738700032
499.4349670410 6.4640936852 0.0000000000 0.0000000000 48.0392723083 23.5127696991 -1.7998607159
498.8819885254 6.4732761383 0.0000000000 0.0000000000 47.8798179626 24.2355690002 -4.4153552055
504.5027465820 6.4823861122 0.0000000000 0.0000000000 47.8168678284 22.1392707825 -7.8708500862
513.6619262695 6.4914216995 0.0000000000 0.0000000000 47.9621734619 20.4458980560 -9.1987981796
496.4659118652 6.5004096031 0.0000000000 0.0000000000 48.5661392212 18.0659084320 -5.3329076767
490.9479980469 6.5094146729 0.0000000000 0.0000000000 49.4237976074 17.7795944214 -2.3815541267
490.5468444824 6.5185165405 0.0000000000 0.0000000000 49.9254951477 17.8703422546 -1.0494618416
490.1716308594 6.5277104378 0.0000000000 0.0000000000 50.2699508667 17.9820156097 -0.4676095247
489.2690734863 6.5370025635 0.0000000000 0.0000000000 50.3602142334 18.1042823792 0.1914253235
486.6617431641 6.5463857651 0.0000000000 0.0000000000 50.4887580872 18.3966732025 1.4803476334
480.9046936035 6.5558729172 0.0000000000 0.0000000000 50.7092475891 19.1193084717 3.3819591999
476.8370971680 6.5655007362 0.0000000000 0.0000000000 50.5894279480 19.0769405365 4.6495704651
478.3708801270 6.5752854347 0.0000000000 0.0000000000 50.4696197510 19.0756225586 4.4429626465
484.0092468262 6.5852546692 0.0000000000 0.0000000000 50.2907752991 19.6428184509 3.2453989983
490.7670288086 6.5954160690 0.0000000000 0.0000000000 50.0423431396 18.9258613586 2.1429369450
497.3065185547 6.6057620049 0.0000000000 0.0000000000 49.8013229370 17.0393352509 1.2283899784
501.7477416992 6.6162872314 0.0000000000 0.0000000000 49.6323165894 16.4257411957 0.3828226328
503.8267517090 6.6269884109 0.0000000000 0.0000000000 49.5798683167 15.5306243896 -0.8163844943
506.3725585938 6.6378374100 0.0000000000 0.0000000000 49.5783424377 13.8384418488 -3.1695914268
516.2543945312 6.6488146782 0.0000000000 0.0000000000 49.5957946777 13.0015058517 -5.9867477417
504.0145263672 6.6599025726 0.0000000000 0.0000000000 49.8345031738 12.1632585526 -4.6465158463
492.5459899902 6.6711258888 0.0000000000 0.0000000000 49.9041061401 11.8177261353 -3.5241379738
476.5685119629 6.6825127602 0.0000000000 0.0000000000 49.9750633240 11.5609788895 -3.6840248108
467.4732055664 6.6940383911 0.0000000000 0.0000000000 50.3392753601 11.5525522232 -6.4510641098
526.0072021484 6.7056431770 0.0000000000 0.0000000000 50.2971496582 11.9101867676 -11.5547571182
499.8019714355 6.7172737122 0.0000000000 0.0000000000 50.8608970642 11.6849050522 -6.9084539413
502.3768310547 6.7290673256 0.0000000000 0.0000000000 50.8515396118 13.4618034363 -1.9429171085
494.6558532715 6.7409710884 0.0000000000 0.0000000000 50.7897796631 18.6513557434 1.7778416872
504.7072448730 6.7529163361 0.0000000000 0.0000000000 50.7001647949 25.6963119507 3.0558986664
506.9194030762 6.7648744583 0.0000000000 0.0000000000 50.6040496826 34.4246139526 4.3162169456
508.4964904785 6.7768554688 0.0000000000 0.0000000000 50.5759391785 42.6747131348 4.8819141388
512.5997924805 6.7888822556 0.0000000000 0.0000000000 50.5273933411 48.7332801819 4.7712755203
517.5577392578 6.8009700775 0.0000000000 0.0000000000 50.5203781128 53.6809463501 4.2707037926
522.6783447266 6.8131403923 0.0000000000 0.0000000000 50.4951782227 56.2336235046 3.6423087120
527.3456420898 6.8254117966 0.0000000000 0.0000000000 50.5462226868 58.8452720642 3.0225749016
531.2341308594 6.8377690315 0.0000000000 0.0000000000 50.7803535461 62.3777008057 2.4842975140
534.4835205078 6.8502068520 0.0000000000 0.0000000000 50.6075477600 62.9216613770 1.9887056351
537.2457275391 6.8626971245 0.0000000000 0.0000000000 50.5297889709 60.8045578003 1.5600402355
539.4642333984 6.8752164841 0.0000000000 0.0000000000 50.6511840820 59.0206985474 1.2029526234
541.0567626953 6.8877401352 0.0000000000 0.0000000000 50.7849273682 56.1124916077 0.9213669300
542.0447387695 6.9002509117 0.0000000000 0.0000000000 50.7572059631 54.7192649841 0.7060080171
542.5233154297 6.9127392769 0.0000000000 0.0000000000 50.6620712280 51.8921127319 0.5294823647
542.6345214844 6.9251990318 0.0000000000 0.0000000000 50.6601333618 49.6516761780 0.3689591885
542.5092773438 6.9376249313 0.0000000000 0.0000000000 50.3477783203 48.3007545471 0.1870799065
542.1470336914 6.9500589371 0.0000000000 0.0000000000 50.2585411072 48.5017700195 -0.0201481432
541.6447753906 6.9625425339 0.0000000000 0.0000000000 50.2118339539 46.8945617676 -0.2486936748
540.9888916016 6.9750990868 0.0000000000 0.0000000000 50.1806602478 43.9944190979 -0.4891068041
540.1380615234 6.9877338409 0.0000000000 0.0000000000 50.1709289551 43.1260986328 -0.7400628328
539.0330200195 7.0004596710 0.0000000000 0.0000000000 50.1252250671 41.6706886292 -1.0206574202
537.6813964844 7.0132970810 0.0000000000 0.0000000000 50.1522979736 39.6520881653 -1.3406651020
535.9764404297 7.0262465477 0.0000000000 0.0000000000 50.1570854187 38.9454574585 -1.7392948866
533.8863525391 7.0393018723 0.0000000000 0.0000000000 50.3164138794 39.2781028748 -2.2572669983
531.5023193359 7.0524520874 0.0000000000 0.0000000000 50.5712966919 41.5288276672 -2.9360601902
528.7597656250 7.0656833649 0.0000000000 0.0000000000 50.9408836365 42.0023689270 -3.8559656143
525.2892456055 7.0789775848 0.0000000000 0.0000000000 51.1995315552 42.6677246094 -5.1363806725
521.8612670898 7.0923061371 0.0000000000 0.0000000000 51.3057746887 41.7169876099 -7.0203075409
521.1645507812 7.1056518555 0.0000000000 0.0000000000 51.3234634399 40.9484863281 -10.1381072998
528.3115844727 7.1189699173 0.0000000000 0.0000000000 51.2148208618 38.8350906372 -13.8600282669
544.8797607422 7.1321349144 0.0000000000 0.0000000000 50.8763732910 36.5940132141 -14.8192043304
556.8341064453 7.1450610161 0.0000000000 0.0000000000 50.7213668823 36.2938499451 -7.6810398102
541.2077636719 7.1577105522 0.0000000000 0.0000000000 50.3236999512 41.6629486084 5.4579648972
531.1179199219 7.1701126099 0.0000000000 0.0000000000 50.3835487366 54.1107940674 12.6372470856
497.1179504395 7.1823520660 0.0000000000 0.0000000000 50.6167755127 70.4766616821 14.7574901581
492.7609252930 7.1944456100 0.0000000000 0.0000000000 50.7454948425 89.5649108887 12.6836490631
508.5707702637 7.2064447403 0.0000000000 0.0000000000 50.7996368408 109.2114028931 8.8701629639
525.4304809570 7.2183914185 0.0000000000 0.0000000000 50.3303604126 130.1128845215 5.1608505249
537.1586303711 7.2303109169 0.0000000000 0.0000000000 49.7075424194 142.8249664307 2.6481325626
545.1923828125 7.2422356606 0.0000000000 0.0000000000 48.6905784607 148.0674591064 1.2036318779
550.4847412109 7.2541999817 0.0000000000 0.0000000000 48.1406021118 150.3321228027 0.5777364969
553.3728637695 7.2662563324 0.0000000000 0.0000000000 47.5367851257 151.6139221191 0.3696513474
554.8591308594 7.2783799171 0.0000000000 0.0000000000 47.3644828796 138.3661651611 0.2756320834
555.1367797852 7.2905340195 0.0000000000 0.0000000000 47.3185043335 136.6914367676 0.2259674370
554.4804687500 7.3026819229 0.0000000000 0.0000000000 47.7911529541 127.8060302734 0.1908937246
552.8350219727 7.3148016930 0.0000000000 0.0000000000 48.3826408386 113.6150588989 0.1718642414
550.0454711914 7.3269147873 0.0000000000 0.0000000000 48.8174591064 96.2427902222 0.1512700915
546.3134765625 7.3390703201 0.0000000000 0.0000000000 49.0558815002 80.5755157471 0.0540842563
541.1215209961 7.3513035774 0.0000000000 0.0000000000 49.2704162598 69.0948333740 -0.2581716180
534.3575439453 7.3636360168 0.0000000000 0.0000000000 49.5777435303 57.7882614136 -1.2271187305
528.9913940430 7.3760733604 0.0000000000 0.0000000000 49.6569480896 52.4290008545 -3.7856690884
549.3921508789 7.3886165619 0.0000000000 0.0000000000 49.8643341064 49.9594688416 -9.5494337082
530.7600708008 7.4012551308 0.0000000000 0.0000000000 50.3606605530 46.5313644409 -6.8680944443
513.8058471680 7.4140100479 0.0000000000 0.0000000000 51.0543136597 37.7940826416 -2.7225313187
506.5788269043 7.4268989563 0.0000000000 0.0000000000 51.4646644592 36.3152465820 -1.4807655811
501.6001892090 7.4399123192 0.0000000000 0.0000000000 51.5906219482 34.2903022766 -2.2680959702
505.3135986328 7.4530386925 0.0000000000 0.0000000000 51.4351081848 31.2095890045 -5.4017295837
515.6574707031 7.4662809372 0.0000000000 0.0000000000 51.2166633606 29.0568466187 -8.7511177063
503.0051269531 7.4796519279 0.0000000000 0.0000000000 50.9790000916 29.0742683411 -6.6480932236
535.7000732422 7.4930734634 0.0000000000 0.0000000000 50.8468322754 32.3425407410 -2.2427792549
475.6016235352 7.5064287186 0.0000000000 0.0000000000 50.8287315369 36.2653312683 -0.2737121582
479.9104309082 7.5197930336 0.0000000000 0.0000000000 50.8675651550 42.4516143799 0.8780647516
489.5662536621 7.5331754684 0.0000000000 0.0000000000 50.8428840637 48.0504913330 1.2714974880
496.9041442871 7.5465693474 0.0000000000 0.0000000000 50.8176002502 52.7662620544 1.4802471399
501.5971069336 7.5599699020 0.0000000000 0.0000000000 50.8510704041 56.8802032471 1.5216398239
504.4034423828 7.5733819008 0.0000000000 0.0000000000 50.8085250854 59.7622108459 1.4705967903
505.3507995605 7.5868158340 0.0000000000 0.0000000000 50.6814727783 58.8950576782 1.2630796432
504.8326110840 7.6002941132 0.0000000000 0.0000000000 50.6508331299 57.1092071533 0.7309574485
504.0884399414 7.6138381958 0.0000000000 0.0000000000 50.6712608337 54.5093078613 -0.2979747057
505.1073608398 7.6274561882 0.0000000000 0.0000000000 50.7009429932 50.5043792725 -1.5764514208
506.9184570312 7.6411466599 0.0000000000 0.0000000000 50.7917556763 47.8002090454 -2.6058833599
505.4107666016 7.6548829079 0.0000000000 0.0000000000 50.8510627747 45.1185226440 -2.5265526772
500.3539733887 7.6686282158 0.0000000000 0.0000000000 50.9232482910 42.7202949524 -1.3577229977
496.0463256836 7.6823511124 0.0000000000 0.0000000000 50.9648551941 38.6286735535 0.0206896067
492.8870544434 7.6960163116 0.0000000000 0.0000000000 51.1093635559 35.5112037659 1.0530228615
490.3329772949 7.7096171379 0.0000000000 0.0000000000 51.3013801575 31.6137657166 1.6228297949
488.3511047363 7.7231793404 0.0000000000 0.0000000000 51.5429649353 27.9343719482 1.7102354765
487.4927368164 7.7367439270 0.0000000000 0.0000000000 51.7533683777 24.5184020996 1.4097639322
487.0012817383 7.7503619194 0.0000000000 0.0000000000 51.9829635620 20.5676250458 1.0068662167
485.8838806152 7.7640924454 0.0000000000 0.0000000000 52.2700271606 17.8371753693 0.6907895803
483.9364318848 7.7779974937 0.0000000000 0.0000000000 52.6748008728 15.7347488403 0.4835650325
481.7157897949 7.7920970917 0.0000000000 0.0000000000 52.9030685425 14.5404987335 0.2336798906
479.4014282227 7.8064198494 0.0000000000 0.0000000000 53.0746383667 13.7413005829 -0.0836260319
476.6832885742 7.8209977150 0.0000000000 0.0000000000 53.1999015808 13.5645961761 -0.4512742758
473.6609802246 7.8358449936 0.0000000000 0.0000000000 53.2628555298 14.2430229187 -0.8925287724
471.0155944824 7.8509669304 0.0000000000 0.0000000000 53.2920608521 15.6568546295 -1.5016303062
468.7513122559 7.8663635254 0.0000000000 0.0000000000 53.2457656860 16.8718204498 -2.2813253403
465.6457519531 7.8820352554 0.0000000000 0.0000000000 53.0366668701 18.0038108826 -3.2345757484
462.6814575195 7.8979854584 0.0000000000 0.0000000000 52.6279754639 18.6900691986 -4.3678331375
459.3523254395 7.9141988754 0.0000000000 0.0000000000 52.1953201294 17.4379940033 -5.1906418800
462.3209533691 7.9306397438 0.0000000000 0.0000000000 51.7110633850 15.7239255905 -4.7074594498
461.5866394043 7.9472188950 0.0000000000 0.0000000000 51.1767921448 14.9232006073 -3.5063173771
467.3628540039 7.9638562202 0.0000000000 0.0000000000 50.7769699097 14.7053012848 -0.6840925217
465.2489929199 7.9804339409 0.0000000000 0.0000000000 50.4249267578 14.4445133209 2.2126049995
465.2458496094 7.9967570305 0.0000000000 0.0000000000 50.1970748901 14.4313087463 3.6489918232
468.1968994141 8.0127382278 0.0000000000 0.0000000000 50.0279083252 15.1745605469 3.6307797432
470.8080749512 8.0283813477 0.0000000000 0.0000000000 49.9207878113 16.2277069092 2.7416992188
468.5446777344 8.0437450409 0.0000000000 0.0000000000 49.7782897949 16.6045207977 1.2231614590
479.0683593750 8.0589084625 0.0000000000 0.0000000000 49.5148124695 16.9229488373 -4.7925138474
456.4038391113 8.0739030838 0.0000000000 0.0000000000 49.3820343018 16.8704242706 -5.1006288528
516.7714233398 8.0887870789 0.0000000000 0.0000000000 49.4065666199 18.4617614746 -12.7581777573
505.5565490723 8.1035146713 0.0000000000 0.0000000000 49.4268760681 17.4889945984 -4.6424584389
466.3809814453 8.1180934906 0.0000000000 0.0000000000 49.4005050659 18.1727752686 4.9469261169
478.5592956543 8.1325330734 0.0000000000 0.0000000000 49.3748855591 22.0757312775 8.7433662415
487.0583190918 8.1468715668 0.0000000000 0.0000000000 49.4172935486 26.2119998932 8.9245033264
491.9975585938 8.1611909866 0.0000000000 0.0000000000 49.4704895020 33.0943565369 6.4782214165
504.0297546387 8.1755704880 0.0000000000 0.0000000000 49.6012458801 39.9926910400 3.4988565445
514.7487792969 8.1899404526 0.0000000000 0.0000000000 49.8197517395 41.2983016968 1.8921229839
522.7990722656 8.2043466568 0.0000000000 0.0000000000 49.8388175964 40.7757110596 1.0679857731
528.3081054688 8.2189092636 0.0000000000 0.0000000000 50.2190589905 42.6972274780 0.6261066198
532.2091064453 8.2337226868 0.0000000000 0.0000000000 50.8978271484 45.3919944763 0.3677377701
534.9143066406 8.2489099503 0.0000000000 0.0000000000 51.8385505676 49.9582939148 0.2228073776
536.7293090820 8.2645540237 0.0000000000 0.0000000000 52.5414505005 51.9387855530 0.1351011097
537.7282714844 8.2806243896 0.0000000000 0.0000000000 52.9977455139 52.9965553284 0.0813439712
538.1257934570 8.2970714569 0.0000000000 0.0000000000 53.3904991150 54.0239639282 0.0377773196
538.0209960938 8.3138208389 0.0000000000 0.0000000000 53.6747436523 54.5256385803 -0.0049203336
537.5137329102 8.3308076859 0.0000000000 0.0000000000 53.8076972961 54.5675354004 -0.0529746711
536.6204833984 8.3479709625 0.0000000000 0.0000000000 53.7745323181 54.0780754089 -0.1209545285
535.4829711914 8.3652544022 0.0000000000 0.0000000000 53.6248321533 52.4818344116 -0.2255107611
534.1386108398 8.3826160431 0.0000000000 0.0000000000 53.3874435425 50.2368431091 -0.3730333745
532.6093139648 8.4000301361 0.0000000000 0.0000000000 53.1735725403 49.2721290588 -0.5725870728
530.7371215820 8.4174909592 0.0000000000 0.0000000000 52.8835029602 49.2679328918 -0.8767708540
528.5648803711 8.4349880219 0.0000000000 0.0000000000 52.5033378601 48.5373497009 -1.2901817560
526.0274047852 8.4525203705 0.0000000000 0.0000000000 51.7163314819 47.6079483032 -1.8387532234
522.9987792969 8.4700908661 0.0000000000 0.0000000000 51.4089813232 47.0467338562 -2.6484251022
519.4658203125 8.4877109528 0.0000000000 0.0000000000 50.9189071655 47.8172454834 -4.0532417297
515.6087646484 8.5054121017 0.0000000000 0.0000000000 50.5911445618 50.7522468567 -7.0024833679
516.4012451172 8.5232343674 0.0000000000 0.0000000000 50.8079795837 51.8711967468 -13.4538726807
529.0668334961 8.5413465500 0.0000000000 0.0000000000 50.5808525085 47.6921539307 -20.8545989990
521.4779052734 8.5599718094 0.0000000000 0.0000000000 50.6360702515 42.4966888428 -17.6838397980
722.4283447266 8.5790767670 0.0000000000 0.0000000000 49.7463302612 41.7518615723 8.8299360275
518.0433349609 8.5981397629 0.0000000000 0.0000000000 48.8634681702 53.3883132935 4.8966226578
497.6600646973 8.6167583466 0.0000000000 0.0000000000 48.5016479492 75.3841781616 9.0053339005
501.7438659668 8.6347494125 0.0000000000 0.0000000000 48.5000915527 109.2809219360 7.5742330551
518.6209106445 8.6520948410 0.0000000000 0.0000000000 48.0966796875 139.5507354736 4.1444706917
532.2547607422 8.6687240601 0.0000000000 0.0000000000 47.6289901733 169.2640075684 2.1491210461
541.2668457031 8.6846637726 0.0000000000 0.0000000000 47.6175613403 186.8704071045 1.1805467606
546.5628662109 8.6999721527 0.0000000000 0.0000000000 47.5844116211 204.3575439453 0.8086530566
549.6900634766 8.7147274017 0.0000000000 0.0000000000 47.5832786560 213.6516113281 0.6595134139
551.4697265625 8.7290143967 0.0000000000 0.0000000000 47.6566314697 220.0021057129 0.5877845883
552.2803344727 8.7429275513 0.0000000000 0.0000000000 47.6332283020 218.5258026123 0.5711396337
552.2915039062 8.7565679550 0.0000000000 0.0000000000 47.7643585205 210.8909912109 0.5973713398
551.6026611328 8.7700262070 0.0000000000 0.0000000000 48.0304412842 201.6125030518 0.6700941920
550.2312011719 8.7833862305 0.0000000000 0.0000000000 47.9412307739 190.9854888916 0.8384048939
548.2348022461 8.7967004776 0.0000000000 0.0000000000 48.2437095642 189.4407501221 1.1664329767
545.9777221680 8.8100194931 0.0000000000 0.0000000000 48.6228599548 185.3820037842 1.5441279411
543.8122558594 8.8233737946 0.0000000000 0.0000000000 49.0234336853 180.6929016113 1.9267750978
541.9829101562 8.8367843628 0.0000000000 0.0000000000 48.7394943237 176.3959960938 2.2478256226
540.5966186523 8.8502731323 0.0000000000 0.0000000000 48.3642272949 169.7536621094 2.3596801758
539.7614135742 8.8638591766 0.0000000000 0.0000000000 48.2697143555 161.4618225098 2.3211441040
539.2907714844 8.8775548935 0.0000000000 0.0000000000 48.2639961243 148.5483093262 2.1009073257
539.0523071289 8.8913908005 0.0000000000 0.0000000000 48.3982772827 136.6096649170 1.6827328205
538.8218383789 8.9053878784 0.0000000000 0.0000000000 48.4257812500 122.7456512451 1.2189021111
538.3796997070 8.9195680618 0.0000000000 0.0000000000 48.4576530457 109.8547973633 0.8337526321
537.8867797852 8.9339189529 0.0000000000 0.0000000000 48.6974296570 97.9629669189 0.5260524750
537.0105590820 8.9484863281 0.0000000000 0.0000000000 48.9189033508 88.8201751709 0.2581180334
535.7870483398 8.9632987976 0.0000000000 0.0000000000 49.1353492737 82.6496963501 -0.0840063095
534.5410766602 8.9783945084 0.0000000000 0.0000000000 49.3774261475 77.9577941895 -0.7455757856
534.0343017578 8.9938297272 0.0000000000 0.0000000000 49.5356178284 74.9111328125 -2.0118203163
534.7034912109 9.0096464157 0.0000000000 0.0000000000 49.7450599670 71.8465423584 -3.9551954269
534.4939575195 9.0258665085 0.0000000000 0.0000000000 49.6580162048 69.5979919434 -5.8442373276
538.1451416016 9.0424833298 0.0000000000 0.0000000000 49.3906822205 67.1406173706 -8.4434776306
555.2373046875 9.0595073700 0.0000000000 0.0000000000 49.0015678406 66.7042160034 -11.9469738007
568.7322387695 9.0768976212 0.0000000000 0.0000000000 48.6045989990 67.5446319580 -11.1473226547
563.9528198242 9.0945167542 0.0000000000 0.0000000000 48.3273086548 69.6860351562 -4.5987386703
541.7994995117 9.1121540070 0.0000000000 0.0000000000 48.3710174561 74.3591461182 3.1760601997
525.7058105469 9.1295852661 0.0000000000 0.0000000000 48.7590675354 83.5638732910 5.8404016495
526.1387939453 9.1466121674 0.0000000000 0.0000000000 48.9355010986 90.2871322632 3.4263434410
531.2540283203 9.1631402969 0.0000000000 0.0000000000 48.7077674866 91.6138381958 2.0140113831
534.6489868164 9.1791868210 0.0000000000 0.0000000000 48.2378425598 89.0312652588 1.5131764412
537.0151977539 9.1947879791 0.0000000000 0.0000000000 47.5911750793 85.6652984619 1.2233567238
538.3081054688 9.2099905014 0.0000000000 0.0000000000 47.1673774719 80.2254104614 1.0652781725
538.7710571289 9.2248411179 0.0000000000 0.0000000000 46.8845062256 77.7880859375 0.9957634211
538.6928100586 9.2393836975 0.0000000000 0.0000000000 46.7017288208 80.5637664795 1.0009849072
538.1646728516 9.2536516190 0.0000000000 0.0000000000 46.4383316040 81.5521545410 1.0422012806
537.2656860352 9.2676982880 0.0000000000 0.0000000000 46.2572326660 79.2176055908 1.1181148291
536.2341918945 9.2815551758 0.0000000000 0.0000000000 46.2895927429 73.3989791870 1.1664474010
535.1245117188 9.2952737808 0.0000000000 0.0000000000 46.3570175171 70.0900268555 1.1447653770
533.8807983398 9.3088808060 0.0000000000 0.0000000000 46.3727760315 66.9320373535 1.0856747627
532.5231933594 9.3223972321 0.0000000000 0.0000000000 46.5068473816 62.8857879639 0.9930765629
531.1956787109 9.3358650208 0.0000000000 0.0000000000 46.6470031738 58.9741935730 0.8503159285
529.7885742188 9.3493366241 0.0000000000 0.0000000000 46.7693252563 53.3613586426 0.7360441685
528.3212280273 9.3628377914 0.0000000000 0.0000000000 46.9351463318 46.9604454041 0.7013098598
527.1463012695 9.3763885498 0.0000000000 0.0000000000 47.0617866516 41.6874427795 0.6338253021
526.0841674805 9.3899984360 0.0000000000 0.0000000000 47.2829704285 36.6805648804 0.4529392719
524.8665771484 9.4036941528 0.0000000000 0.0000000000 47.6068763733 29.3296318054 0.1787366867
523.0290527344 9.4174842834 0.0000000000 0.0000000000 47.7739295959 25.1384792328 -0.1839978695
520.6004028320 9.4314022064 0.0000000000 0.0000000000 47.9004936218 21.8004150391 -0.6419546604
518.3751831055 9.4454803467 0.0000000000 0.0000000000 47.9258613586 19.5911731720 -1.3256726265
517.0851440430 9.4597368240 0.0000000000 0.0000000000 47.8773231506 18.4765720367 -2.1768484116
517.4782104492 9.4742250443 0.0000000000 0.0000000000 47.7060546875 17.8335857391 -3.0351366997
519.6243286133 9.4889965057 0.0000000000 0.0000000000 47.5404357910 18.1886901855 -3.5981962681
519.6549682617 9.5040626526 0.0000000000 0.0000000000 47.3350334167 19.0040702820 -3.3314781189
515.2175903320 9.5193853378 0.0000000000 0.0000000000 47.1220054626 19.9199485779 -2.0386095047
507.6126098633 9.5348796844 0.0000000000 0.0000000000 46.9676933289 20.6247768402 -0.2715942860
501.8902893066 9.5504455566 0.0000000000 0.0000000000 46.8784751892 22.3292446136 0.9805120826
498.3482360840 9.5659770966 0.0000000000 0.0000000000 46.8108215332 23.7946701050 1.4597469568
495.8488159180 9.5813951492 0.0000000000 0.0000000000 46.8533287048 23.5525760651 1.3393324614
493.9312744141 9.5966711044 0.0000000000 0.0000000000 46.8699264526 22.4977111816 0.9983173013
491.4715576172 9.6118211746 0.0000000000 0.0000000000 46.8734245300 20.5099334717 0.6270054579
487.1364135742 9.6268854141 0.0000000000 0.0000000000 46.8348388672 18.2753543854 0.3371965289
480.0325622559 9.6418886185 0.0000000000 0.0000000000 46.7511062622 16.4744930267 -0.2416903973
465.2704467773 9.6568346024 0.0000000000 0.0000000000 46.6533737183 15.9725379944 -2.8647103310
508.5978698730 9.6717147827 0.0000000000 0.0000000000 46.6131591797 16.4590682983 -11.0011949539
493.7422485352 9.6865215302 0.0000000000 0.0000000000 46.6274337769 15.1099185944 -6.7919201851
470.9268493652 9.7012710571 0.0000000000 0.0000000000 46.6021652222 15.1669425964 1.7382187843
470.3171081543 9.7159852982 0.0000000000 0.0000000000 46.6006469727 16.8641242981 4.6820931435
477.5052795410 9.7306203842 0.0000000000 0.0000000000 46.6593017578 19.8585472107 4.2045497894
488.1062622070 9.7450571060 0.0000000000 0.0000000000 46.6217956543 22.3781623840 2.6174206734
498.1976928711 9.7592649460 0.0000000000 0.0000000000 46.4008598328 22.1192646027 1.6042554379
505.9858093262 9.7732648849 0.0000000000 0.0000000000 46.2660446167 23.2916717529 1.0029630661
511.2005920410 9.7871208191 0.0000000000 0.0000000000 46.4075546265 28.1670036316 0.5715581179
514.0949707031 9.8008794785 0.0000000000 0.0000000000 46.9110946655 32.1158676147 0.1183903664
515.0473022461 9.8145875931 0.0000000000 0.0000000000 47.0257949829 33.7060890198 -0.3914228082
514.2767944336 9.8283081055 0.0000000000 0.0000000000 47.0213165283 33.7223167419 -0.7801526785
511.3733520508 9.8420772552 0.0000000000 0.0000000000 47.0320434570 32.8123550415 -0.8710446358
507.0081176758 9.8558969498 0.0000000000 0.0000000000 47.1333084106 31.5802764893 -0.9965696335
502.0037536621 9.8697681427 0.0000000000 0.0000000000 46.8828659058 29.9988880157 -1.4528479576
498.4295959473 9.8837127686 0.0000000000 0.0000000000 46.9845428467 28.2248172760 -2.5682129860
497.0879516602 9.8978099823 0.0000000000 0.0000000000 46.5487403870 26.0534858704 -3.9352047443
495.5745849609 9.9121246338 0.0000000000 0.0000000000 46.5016822815 23.6487941742 -4.7677197456
500.5023193359 9.9266815186 0.0000000000 0.0000000000 46.5544471741 20.4450664520 -5.5978937149
495.3907165527 9.9416313171 0.0000000000 0.0000000000 46.3133354187 18.0777587891 -1.9851136208
462.3978881836 9.9569015503 0.0000000000 0.0000000000 46.3181343079 18.7116966248 4.8594837189
460.9099731445 9.9721822739 0.0000000000 0.0000000000 46.0149154663 21.8021507263 4.3517193794
477.0916442871 9.9873371124 0.0000000000 0.0000000000 45.3346633911 25.5737857819 2.5781526566
490.7586059570 10.0022640228 0.0000000000 0.0000000000 45.4737548828 29.2703742981 1.4371831417
495.5245971680 10.0169734955 0.0000000000 0.0000000000 45.7199707031 31.3033790588 0.9037677646
496.4025268555 10.0314826965 0.0000000000 0.0000000000 45.7696990967 32.8022308350 0.0767238736
500.8670043945 10.0458011627 0.0000000000 0.0000000000 45.7987976074 33.6392326355 -1.2403987646
502.1051330566 10.0599699020 0.0000000000 0.0000000000 45.7714996338 33.4325561523 -2.1341032982
500.4514770508 10.0740375519 0.0000000000 0.0000000000 45.7945442200 31.8739204407 -2.0640382767
498.3981018066 10.0880393982 0.0000000000 0.0000000000 45.7636146545 30.3827819824 -1.7846760750
494.8816223145 10.1019763947 0.0000000000 0.0000000000 45.5017967224 29.2636413574 -2.1730115414
492.4259033203 10.1158361435 0.0000000000 0.0000000000 45.1059417725 26.8950195312 -2.7521555424
488.4794616699 10.1296253204 0.0000000000 0.0000000000 44.8543739319 23.5856838226 -2.7823781967
481.4772033691 10.1433382034 0.0000000000 0.0000000000 44.4669990540 20.2918968201 -2.1417341232
477.0230407715 10.1569795609 0.0000000000 0.0000000000 44.7294845581 18.8480606079 -1.6175426245
475.2829589844 10.1705675125 0.0000000000 0.0000000000 44.7490234375 18.8015995026 -1.1193367243
482.3491516113 10.1841125488 0.0000000000 0.0000000000 44.6335563660 17.8550720215 0.1405694485
465.9394226074 10.1976346970 0.0000000000 0.0000000000 44.6039962769 17.3724861145 2.0463387966
461.0744628906 10.2111949921 0.0000000000 0.0000000000 44.6322555542 17.2767486572 1.8550062180
462.5085449219 10.2247190475 0.0000000000 0.0000000000 44.4745864868 15.4725837708 1.5355257988
463.3751831055 10.2381811142 0.0000000000 0.0000000000 44.2099075317 15.9598503113 1.3884381056
462.7343750000 10.2516288757 0.0000000000 0.0000000000 44.6755790710 17.0884075165 0.9758425355
458.4195251465 10.2651224136 0.0000000000 0.0000000000 45.0017242432 18.6551532745 -0.1062785387
468.6425170898 10.2787237167 0.0000000000 0.0000000000 44.9798774719 20.0699119568 -3.1891047955
465.3237915039 10.2924451828 0.0000000000 0.0000000000 45.1327095032 19.4568347931 -2.8610920906
470.7982177734 10.3063106537 0.0000000000 0.0000000000 45.2560653687 17.5473213196 -3.5591425896
466.1371765137 10.3202934265 0.0000000000 0.0000000000 45.1050148010 15.2048749924 -3.2214050293
460.0325622559 10.3343963623 0.0000000000 0.0000000000 44.9100952148 13.4627227783 -2.2260646820
449.5901794434 10.3486328125 0.0000000000 0.0000000000 44.5693740845 12.0726318359 -0.3060032129
446.9859619141 10.3629999161 0.0000000000 0.0000000000 44.7336959839 11.0743141174 0.5739883184
449.0274658203 10.3774986267 0.0000000000 0.0000000000 44.9045639038 11.5526733398 0.7570915222
451.7193603516 10.3920288086 0.0000000000 0.0000000000 44.9057731628 11.9788665771 0.4856008887
452.6227416992 10.4065675735 0.0000000000 0.0000000000 44.8144683838 11.4427995682 -0.0493249893
450.3957824707 10.4211149216 0.0000000000 0.0000000000 44.7035675049 10.6700620651 -0.3554362059
444.1035156250 10.4356708527 0.0000000000 0.0000000000 44.5421714783 9.6551074982 -0.3223009109
436.9888610840 10.4501848221 0.0000000000 0.0000000000 44.3855438232 8.6272830963 -0.4125741720
437.9496765137 10.4646081924 0.0000000000 0.0000000000 44.2429580688 8.0732841492 -1.4780395031
455.7977905273 10.4789505005 0.0000000000 0.0000000000 44.1148948669 8.0516042709 -2.8741431236
446.5374755859 10.4931917191 0.0000000000 0.0000000000 44.1012802124 7.9191694260 -0.1974964142
