#         COST_U        COST_H      COST_D       COST_S       REGU_H       REGU_S          HPO           COSTGLEN 
492.5055541992 0.0000000000 0.0000000000 0.0000000000 178.4052429199 0.0000000000 0.8916080594
484.1617431641 0.0003239466 0.0000000000 0.0000000000 167.5141448975 3716.2653808594 0.5625362396
480.8656311035 0.0012881655 0.0000000000 0.0000000000 162.4747009277 36565.9414062500 0.3862956464
478.6438598633 0.0028681715 0.0000000000 0.0000000000 158.3188323975 28984.6933593750 0.2641233504
476.9614562988 0.0050420132 0.0000000000 0.0000000000 155.5293884277 22454.9160156250 0.1758450866
475.6539916992 0.0077567967 0.0000000000 0.0000000000 153.9665222168 17986.8320312500 0.1116997153
474.5809020996 0.0109750209 0.0000000000 0.0000000000 152.8719482422 17127.3574218750 0.0614018664
473.6683044434 0.0146642085 0.0000000000 0.0000000000 152.7348022461 16148.6250000000 0.0208685677
472.8433227539 0.0188004747 0.0000000000 0.0000000000 153.8476867676 14340.5996093750 -0.0142165152
472.0656738281 0.0233748965 0.0000000000 0.0000000000 155.4116668701 12418.1601562500 -0.0464072376
471.3131103516 0.0283794105 0.0000000000 0.0000000000 157.5885620117 10951.7060546875 -0.0770272464
470.5763244629 0.0338055082 0.0000000000 0.0000000000 158.0585937500 9771.4033203125 -0.1064570621
469.8260192871 0.0396522023 0.0000000000 0.0000000000 158.3753814697 8679.2451171875 -0.1357855499
469.0341796875 0.0459131971 0.0000000000 0.0000000000 158.3452758789 7724.3232421875 -0.1661086529
468.1937561035 0.0525822788 0.0000000000 0.0000000000 157.7643890381 6967.8579101562 -0.1979922354
467.3033447266 0.0596513040 0.0000000000 0.0000000000 157.4644012451 6389.7480468750 -0.2318908423
466.3785095215 0.0671121031 0.0000000000 0.0000000000 157.2774353027 5866.8686523438 -0.2686731219
465.4669799805 0.0749479756 0.0000000000 0.0000000000 157.5471343994 5382.7783203125 -0.3095053136
464.6800537109 0.0831398740 0.0000000000 0.0000000000 157.8535156250 4867.1406250000 -0.3545011580
464.1266479492 0.0916632116 0.0000000000 0.0000000000 158.7840881348 4358.0332031250 -0.4051232040
463.9992980957 0.1004990935 0.0000000000 0.0000000000 159.7448577881 3996.2587890625 -0.4627834558
464.5438232422 0.1096259058 0.0000000000 0.0000000000 160.9797210693 3706.6171875000 -0.5270107388
466.0463562012 0.1190294027 0.0000000000 0.0000000000 162.3433532715 3378.2375488281 -0.5985823870
468.9609069824 0.1287055910 0.0000000000 0.0000000000 163.6435546875 3040.4091796875 -0.6813088059
473.9616088867 0.1386726499 0.0000000000 0.0000000000 164.6293792725 2810.7253417969 -0.7817282677
482.4139404297 0.1489711106 0.0000000000 0.0000000000 165.3766174316 2682.2067871094 -0.9055652618
496.4096069336 0.1596441418 0.0000000000 0.0000000000 166.0475921631 2543.2827148438 -1.0513110161
518.6398315430 0.1707069129 0.0000000000 0.0000000000 167.6327667236 2533.8222656250 -1.2304309607
553.6253051758 0.1821803749 0.0000000000 0.0000000000 169.6764373779 2381.3300781250 -1.4546148777
610.1156616211 0.1941404492 0.0000000000 0.0000000000 171.3461151123 2103.8491210938 -1.7575743198
700.4398193359 0.2066151798 0.0000000000 0.0000000000 173.0735626221 1987.2019042969 -2.1298146248
853.7324829102 0.2196239829 0.0000000000 0.0000000000 174.3621826172 1819.0718994141 -2.5659742355
1103.0411376953 0.2333419025 0.0000000000 0.0000000000 175.0511322021 1625.3764648438 -3.1861958504
1441.4296875000 0.2479345649 0.0000000000 0.0000000000 175.6149139404 1481.9165039062 -3.9408903122
1872.6617431641 0.2635464370 0.0000000000 0.0000000000 176.0759887695 1345.7825927734 -4.8284287453
2394.4360351562 0.2804418206 0.0000000000 0.0000000000 176.5578918457 1210.8859863281 -5.8514394760
3025.0312500000 0.2987456620 0.0000000000 0.0000000000 176.9265899658 1093.0826416016 -7.0509929657
3771.5126953125 0.3185219169 0.0000000000 0.0000000000 177.1392822266 992.9534912109 -8.4440698624
4664.9086914062 0.3397206068 0.0000000000 0.0000000000 177.2648010254 899.2741699219 -10.0190925598
5785.3608398438 0.3623855114 0.0000000000 0.0000000000 177.8390502930 818.2447509766 -11.9208011627
7515.5869140625 0.3868056238 0.0000000000 0.0000000000 178.4652862549 746.6633300781 -14.7445354462
9808.6777343750 0.4134680331 0.0000000000 0.0000000000 179.3283538818 677.9005737305 -17.7913208008
13209.4033203125 0.4423813224 0.0000000000 0.0000000000 180.5010528564 619.4402465820 -21.2654781342
17807.8437500000 0.4729225636 0.0000000000 0.0000000000 181.8814239502 568.8577270508 -25.8086204529
24217.8730468750 0.5049661994 0.0000000000 0.0000000000 183.2378845215 520.0369262695 -30.2252502441
32543.5000000000 0.5375949740 0.0000000000 0.0000000000 184.5468444824 477.8872985840 -32.1533126831
42815.8632812500 0.5673233271 0.0000000000 0.0000000000 185.3084564209 443.0026855469 -27.7823753357
54700.2109375000 0.5913898945 0.0000000000 0.0000000000 185.1741180420 404.4184875488 -15.8154220581
68871.0312500000 0.6112502813 0.0000000000 0.0000000000 184.4280853271 375.0343017578 7.4894828796
79157.9375000000 0.6277042031 0.0000000000 0.0000000000 182.8587493896 347.0354309082 42.7467498779
79006.0937500000 0.6428318620 0.0000000000 0.0000000000 181.1486053467 317.5705566406 77.4143524170
70918.2421875000 0.6565821171 0.0000000000 0.0000000000 179.3081970215 293.3701782227 104.1153106689
59269.8085937500 0.6679785252 0.0000000000 0.0000000000 177.2691497803 268.9581298828 121.2178497314
46377.4609375000 0.6784318089 0.0000000000 0.0000000000 175.2700347900 248.2451477051 127.3194427490
33990.7031250000 0.6887947321 0.0000000000 0.0000000000 172.9730224609 227.4241943359 122.8398437500
23929.2324218750 0.6996867657 0.0000000000 0.0000000000 170.0787811279 209.2099914551 112.0658264160
16485.9785156250 0.7115311027 0.0000000000 0.0000000000 166.1620483398 193.4211120605 99.3487625122
10978.3632812500 0.7246123552 0.0000000000 0.0000000000 161.6314239502 176.1945648193 84.5344848633
7053.0307617188 0.7388948798 0.0000000000 0.0000000000 157.5626678467 160.2588958740 68.8554077148
4579.0688476562 0.7542917728 0.0000000000 0.0000000000 153.7355651855 147.7391204834 55.9864196777
3294.5266113281 0.7708894014 0.0000000000 0.0000000000 150.3345794678 132.5158691406 46.5464172363
2441.1718750000 0.7882884741 0.0000000000 0.0000000000 147.7477264404 126.8528289795 37.9382743835
1806.2783203125 0.8061758280 0.0000000000 0.0000000000 145.4446868896 117.2604751587 30.3037185669
1355.9016113281 0.8243062496 0.0000000000 0.0000000000 143.0137023926 109.2860336304 23.8590888977
1029.6488037109 0.8424554467 0.0000000000 0.0000000000 140.5023651123 99.3937454224 18.3929328918
791.4851074219 0.8604184985 0.0000000000 0.0000000000 137.6514587402 89.8575592041 13.7532949448
651.6065673828 0.8780421615 0.0000000000 0.0000000000 135.0670928955 82.6724166870 10.2268638611
568.8806152344 0.8952207565 0.0000000000 0.0000000000 132.6680755615 75.8412170410 7.6230959892
526.8031005859 0.9118859172 0.0000000000 0.0000000000 130.8924407959 69.3453750610 5.9595689774
505.1601257324 0.9279918075 0.0000000000 0.0000000000 129.4038391113 64.0810623169 4.7948265076
493.4865722656 0.9435176849 0.0000000000 0.0000000000 127.9729690552 59.9535942078 3.9116480350
487.1933898926 0.9584569335 0.0000000000 0.0000000000 127.3179931641 55.1026687622 3.2503416538
483.1742858887 0.9728107452 0.0000000000 0.0000000000 126.9090347290 50.5142173767 2.7006573677
481.0952453613 0.9866068363 0.0000000000 0.0000000000 127.5029678345 46.4129981995 2.2739150524
480.0495910645 0.9998639226 0.0000000000 0.0000000000 127.2740554810 42.4563522339 1.9592206478
479.4105529785 1.0126155615 0.0000000000 0.0000000000 127.2715148926 38.4803237915 1.7208315134
479.0520629883 1.0248911381 0.0000000000 0.0000000000 127.2603378296 34.7759513855 1.5383753777
479.0003967285 1.0367313623 0.0000000000 0.0000000000 127.3137588501 31.6861648560 1.4020431042
479.1732482910 1.0481731892 0.0000000000 0.0000000000 127.4491653442 28.7630691528 1.2941601276
479.3262634277 1.0592490435 0.0000000000 0.0000000000 127.3839035034 26.0510864258 1.1996417046
479.4752197266 1.0699942112 0.0000000000 0.0000000000 127.1660614014 23.6899108887 1.1164991856
479.6109619141 1.0804445744 0.0000000000 0.0000000000 126.9926910400 21.4844913483 1.0418217182
479.7357482910 1.0906392336 0.0000000000 0.0000000000 126.7948074341 19.5352134705 0.9739659429
479.8616943359 1.1006110907 0.0000000000 0.0000000000 126.4815521240 17.6675109863 0.9128540754
479.9929809570 1.1103904247 0.0000000000 0.0000000000 126.1701736450 16.1343650818 0.8582670093
480.1178283691 1.1200057268 0.0000000000 0.0000000000 125.7619323730 14.7341852188 0.8096484542
480.2308654785 1.1294814348 0.0000000000 0.0000000000 125.2932205200 13.4293823242 0.7667397857
480.3350830078 1.1388401985 0.0000000000 0.0000000000 124.6418914795 12.3016815186 0.7293919325
480.4176940918 1.1481045485 0.0000000000 0.0000000000 124.0952987671 11.2966289520 0.6967605352
480.4726867676 1.1572988033 0.0000000000 0.0000000000 123.6345062256 10.4519500732 0.6673448682
480.5000000000 1.1664342880 0.0000000000 0.0000000000 123.1698074341 9.6743335724 0.6406537294
480.5025024414 1.1755293608 0.0000000000 0.0000000000 122.7661590576 8.9624347687 0.6168130040
480.4841308594 1.1845929623 0.0000000000 0.0000000000 122.5062866211 8.3924913406 0.5954850316
480.4466247559 1.1936440468 0.0000000000 0.0000000000 122.2703323364 7.9092121124 0.5757619143
480.3899536133 1.2026951313 0.0000000000 0.0000000000 122.1427917480 7.4228692055 0.5570183396
480.3167724609 1.2117542028 0.0000000000 0.0000000000 122.1442413330 6.8867383003 0.5389813781
480.2298278809 1.2208280563 0.0000000000 0.0000000000 122.2923049927 6.5111751556 0.5215085149
480.1296691895 1.2299245596 0.0000000000 0.0000000000 122.3981399536 6.3282284737 0.5044244528
480.0182189941 1.2390431166 0.0000000000 0.0000000000 122.6242828369 6.3961853981 0.4877203405
479.8979187012 1.2481931448 0.0000000000 0.0000000000 123.0524826050 7.0302376747 0.4714263082
479.7712707520 1.2573802471 0.0000000000 0.0000000000 123.6502380371 6.1880736351 0.4555680752
479.6404418945 1.2666031122 0.0000000000 0.0000000000 124.3326416016 5.8094100952 0.4401801229
479.5074462891 1.2758733034 0.0000000000 0.0000000000 125.1127548218 6.0153536797 0.4252931476
479.3738403320 1.2851918936 0.0000000000 0.0000000000 125.9298553467 5.5418128967 0.4109601974
479.2409973145 1.2945665121 0.0000000000 0.0000000000 126.6191024780 5.6279048920 0.3971996605
479.1101379395 1.3039958477 0.0000000000 0.0000000000 127.2118606567 7.0171151161 0.3840292394
478.9821166992 1.3134827614 0.0000000000 0.0000000000 127.6675949097 9.5945549011 0.3714489341
478.8576354980 1.3230265379 0.0000000000 0.0000000000 127.9462890625 12.4662971497 0.3594723940
478.7369995117 1.3326269388 0.0000000000 0.0000000000 127.9905242920 13.9407243729 0.3481193483
478.6208801270 1.3422846794 0.0000000000 0.0000000000 127.8788681030 14.6363449097 0.3373821378
478.5093383789 1.3520020247 0.0000000000 0.0000000000 127.5927963257 15.5222702026 0.3272432089
478.4030761719 1.3617756367 0.0000000000 0.0000000000 127.0986251831 22.6140518188 0.3176928759
478.3030700684 1.3715945482 0.0000000000 0.0000000000 126.4009170532 24.2784957886 0.3087140024
478.2104492188 1.3814532757 0.0000000000 0.0000000000 125.5635528564 21.9560909271 0.3002713919
478.1266479492 1.3913505077 0.0000000000 0.0000000000 124.6123275757 22.9730949402 0.2923393250
478.0508117676 1.4012857676 0.0000000000 0.0000000000 123.5559387207 17.8906612396 0.2848595679
477.9817810059 1.4112480879 0.0000000000 0.0000000000 122.4071044922 17.1370391846 0.2777739167
477.9183044434 1.4212286472 0.0000000000 0.0000000000 121.2101898193 15.4755544662 0.2710179985
477.8592834473 1.4312225580 0.0000000000 0.0000000000 119.9407730103 15.0869760513 0.2645603418
477.8042907715 1.4412168264 0.0000000000 0.0000000000 118.6535491943 13.6661891937 0.2583669126
477.7529296875 1.4512172937 0.0000000000 0.0000000000 117.3757095337 12.0274982452 0.2524104714
477.7047729492 1.4612146616 0.0000000000 0.0000000000 116.1793518066 10.6826772690 0.2466773242
477.6595153809 1.4712027311 0.0000000000 0.0000000000 114.9420928955 9.8510732651 0.2411575615
477.6171569824 1.4811847210 0.0000000000 0.0000000000 113.8573989868 9.3844203949 0.2358271778
477.5772399902 1.4911527634 0.0000000000 0.0000000000 112.7831268311 7.4429831505 0.2306795716
477.5396118164 1.5011072159 0.0000000000 0.0000000000 111.8000564575 7.1890068054 0.2256985307
477.5041809082 1.5110393763 0.0000000000 0.0000000000 110.8825454712 6.9383935928 0.2208745182
477.4708557129 1.5209540129 0.0000000000 0.0000000000 109.9794616699 6.8559341431 0.2162012011
477.4393615723 1.5308449268 0.0000000000 0.0000000000 109.1576080322 6.9021730423 0.2116836011
477.4097290039 1.5407170057 0.0000000000 0.0000000000 108.4101104736 6.9061594009 0.2073162943
477.3817443848 1.5505636930 0.0000000000 0.0000000000 107.6953506470 5.6659569740 0.2031057924
477.3555603027 1.5603890419 0.0000000000 0.0000000000 107.0857086182 5.4774098396 0.1990509927
477.3312377930 1.5701993704 0.0000000000 0.0000000000 106.3758316040 5.3062801361 0.1951601803
477.3086547852 1.5799876451 0.0000000000 0.0000000000 105.7367782593 4.5060091019 0.1914182901
477.2878417969 1.5897612572 0.0000000000 0.0000000000 105.1368789673 4.6991758347 0.1878264248
477.2687988281 1.5995178223 0.0000000000 0.0000000000 104.5849533081 4.2068190575 0.1843860298
477.2513122559 1.6092551947 0.0000000000 0.0000000000 104.1304016113 4.2040724754 0.1811230034
477.2354736328 1.6189738512 0.0000000000 0.0000000000 103.5342712402 3.9446737766 0.1780297160
477.2208862305 1.6286798716 0.0000000000 0.0000000000 103.0375671387 3.9648873806 0.1750537306
477.2075500488 1.6383751631 0.0000000000 0.0000000000 102.6286849976 3.8447034359 0.1721790880
477.1953735352 1.6480596066 0.0000000000 0.0000000000 102.1265640259 3.7294418812 0.1693835557
477.1842346191 1.6577357054 0.0000000000 0.0000000000 101.4996032715 3.7235145569 0.1666613668
477.1741943359 1.6674036980 0.0000000000 0.0000000000 101.0887527466 3.3850595951 0.1640019715
477.1651306152 1.6770610809 0.0000000000 0.0000000000 100.5382614136 3.3464498520 0.1614052653
477.1569519043 1.6867101192 0.0000000000 0.0000000000 100.0743331909 3.3522515297 0.1588654816
477.1495971680 1.6963523626 0.0000000000 0.0000000000 99.5971603394 3.1222658157 0.1563821584
477.1430053711 1.7059851885 0.0000000000 0.0000000000 99.2044143677 3.1052653790 0.1539536715
477.1373291016 1.7155997753 0.0000000000 0.0000000000 98.8259353638 3.2499923706 0.1515779346
477.1324768066 1.7252124548 0.0000000000 0.0000000000 98.4859008789 3.1851115227 0.1492502689
477.1284179688 1.7348203659 0.0000000000 0.0000000000 98.1294174194 3.2437274456 0.1469648480
477.1250610352 1.7444248199 0.0000000000 0.0000000000 97.7782592773 3.1975135803 0.1447165310
477.1225585938 1.7540276051 0.0000000000 0.0000000000 97.4769134521 3.0593032837 0.1425147951
477.1207275391 1.7636222839 0.0000000000 0.0000000000 97.1493072510 2.9968099594 0.1403418779
477.1195068359 1.7732191086 0.0000000000 0.0000000000 96.8897781372 2.9867224693 0.1382068545
477.1190795898 1.7828146219 0.0000000000 0.0000000000 96.6328811646 2.9968917370 0.1361026913
477.1192626953 1.7924150229 0.0000000000 0.0000000000 96.3677520752 3.1563429832 0.1340335011
477.1201477051 1.8020174503 0.0000000000 0.0000000000 96.0899581909 3.1929759979 0.1319979429
477.1216125488 1.8116230965 0.0000000000 0.0000000000 95.8589248657 3.3666338921 0.1299906075
477.1235961914 1.8212344646 0.0000000000 0.0000000000 95.6294631958 3.7107896805 0.1280229837
477.1260375977 1.8308477402 0.0000000000 0.0000000000 95.3918228149 3.7950844765 0.1260742098
477.1289367676 1.8404573202 0.0000000000 0.0000000000 95.1304397583 3.8234641552 0.1241676509
477.1321716309 1.8500721455 0.0000000000 0.0000000000 94.8656845093 4.1337957382 0.1222900450
477.1359252930 1.8596922159 0.0000000000 0.0000000000 94.6244125366 4.2432560921 0.1204382405
477.1399841309 1.8693166971 0.0000000000 0.0000000000 94.3865585327 3.5992090702 0.1186219305
477.1444396973 1.8789469004 0.0000000000 0.0000000000 94.1619415283 3.4344964027 0.1168319657
477.1490783691 1.8885861635 0.0000000000 0.0000000000 93.9394149780 4.7287340164 0.1150691882
477.1541137695 1.8982384205 0.0000000000 0.0000000000 93.7016830444 5.5802249908 0.1133390814
477.1593017578 1.9079064131 0.0000000000 0.0000000000 93.4458541870 4.2789192200 0.1116295010
477.1647033691 1.9175816774 0.0000000000 0.0000000000 93.2174453735 3.6672539711 0.1099525243
477.1702880859 1.9272689819 0.0000000000 0.0000000000 92.9968948364 4.5231790543 0.1082990468
477.1759643555 1.9369690418 0.0000000000 0.0000000000 92.8035430908 3.8108859062 0.1066702157
477.1818542480 1.9466823339 0.0000000000 0.0000000000 92.5987548828 2.8089032173 0.1050700843
477.1878356934 1.9564070702 0.0000000000 0.0000000000 92.3949813843 3.7169091702 0.1034909338
477.1938781738 1.9661417007 0.0000000000 0.0000000000 92.1856002808 3.7773976326 0.1019431055
477.1998901367 1.9758913517 0.0000000000 0.0000000000 91.9718627930 2.8896179199 0.1004110947
477.2059936523 1.9856469631 0.0000000000 0.0000000000 91.7626724243 3.0596036911 0.0989103019
477.2120666504 1.9954142570 0.0000000000 0.0000000000 91.5493240356 3.0384559631 0.0974333286
477.2180480957 2.0051932335 0.0000000000 0.0000000000 91.3504562378 2.7558619976 0.0959685966
477.2239990234 2.0149857998 0.0000000000 0.0000000000 91.1519622803 3.0239541531 0.0945325792
477.2299194336 2.0247900486 0.0000000000 0.0000000000 90.9481887817 3.2137508392 0.0931110457
477.2358398438 2.0346047878 0.0000000000 0.0000000000 90.7549285889 3.2507474422 0.0917157307
477.2416381836 2.0444328785 0.0000000000 0.0000000000 90.5687026978 3.5925025940 0.0903362036
477.2474365234 2.0542762280 0.0000000000 0.0000000000 90.3782119751 3.6323113441 0.0889773965
477.2531433105 2.0641283989 0.0000000000 0.0000000000 90.1902847290 3.2334351540 0.0876362547
477.2586975098 2.0739946365 0.0000000000 0.0000000000 89.9919281006 3.0622904301 0.0863176957
477.2642211914 2.0838749409 0.0000000000 0.0000000000 89.8125686646 3.0470561981 0.0850132629
477.2695922852 2.0937623978 0.0000000000 0.0000000000 89.6044769287 3.1561858654 0.0837349817
477.2747497559 2.1036636829 0.0000000000 0.0000000000 89.4063491821 3.2258763313 0.0824733227
477.2799072266 2.1135780811 0.0000000000 0.0000000000 89.2250595093 3.1531596184 0.0812297463
477.2848510742 2.1235005856 0.0000000000 0.0000000000 89.0397872925 3.0158164501 0.0800101906
477.2896118164 2.1334373951 0.0000000000 0.0000000000 88.8351058960 2.7141835690 0.0788055062
477.2942199707 2.1433856487 0.0000000000 0.0000000000 88.6655197144 2.6426277161 0.0776241869
477.2987670898 2.1533455849 0.0000000000 0.0000000000 88.5201416016 2.9738643169 0.0764658377
477.3031005859 2.1633200645 0.0000000000 0.0000000000 88.3636016846 3.1942944527 0.0753196999
477.3072509766 2.1733067036 0.0000000000 0.0000000000 88.2085266113 3.5318350792 0.0742014498
477.3112792969 2.1833078861 0.0000000000 0.0000000000 88.0413742065 3.7759695053 0.0730858892
477.3151245117 2.1933212280 0.0000000000 0.0000000000 87.8695373535 3.1837506294 0.0719957948
477.3187561035 2.2033429146 0.0000000000 0.0000000000 87.7152709961 2.8371322155 0.0709119290
477.3222656250 2.2133746147 0.0000000000 0.0000000000 87.5637664795 3.1590845585 0.0698406920
477.3255920410 2.2234125137 0.0000000000 0.0000000000 87.4166488647 3.6623637676 0.0687811598
477.3287048340 2.2334609032 0.0000000000 0.0000000000 87.2817001343 5.3124489784 0.0677273571
477.3317871094 2.2435152531 0.0000000000 0.0000000000 87.1488113403 7.4041299820 0.0666796863
477.3345947266 2.2535803318 0.0000000000 0.0000000000 87.0010070801 6.1523189545 0.0656550005
477.3373413086 2.2636544704 0.0000000000 0.0000000000 86.8597488403 5.6960854530 0.0646185130
477.3398742676 2.2737355232 0.0000000000 0.0000000000 86.7337875366 6.4201459885 0.0636201799
477.3424072266 2.2838170528 0.0000000000 0.0000000000 86.5734252930 6.3122386932 0.0626128167
477.3447570801 2.2939078808 0.0000000000 0.0000000000 86.4155883789 6.0505981445 0.0616317391
477.3469848633 2.3040056229 0.0000000000 0.0000000000 86.2708587646 5.2145905495 0.0606656373
477.3490600586 2.3141126633 0.0000000000 0.0000000000 86.1619415283 4.5902690887 0.0596993864
477.3510131836 2.3242213726 0.0000000000 0.0000000000 86.0218429565 4.9231638908 0.0587619990
477.3528442383 2.3343405724 0.0000000000 0.0000000000 85.9098587036 5.7216148376 0.0578298122
477.3544921875 2.3444705009 0.0000000000 0.0000000000 85.7310714722 5.2441077232 0.0569009110
477.3560180664 2.3546106815 0.0000000000 0.0000000000 85.5820312500 6.6045813560 0.0559937358
477.3574523926 2.3647580147 0.0000000000 0.0000000000 85.4464950562 7.8641290665 0.0550889894
477.3586730957 2.3749139309 0.0000000000 0.0000000000 85.3170394897 5.9961633682 0.0541929528
477.3598327637 2.3850684166 0.0000000000 0.0000000000 85.1960449219 5.8075423241 0.0533160344
477.3609008789 2.3952281475 0.0000000000 0.0000000000 85.0980300903 7.0861372948 0.0524375737
477.3618164062 2.4053931236 0.0000000000 0.0000000000 84.9576950073 6.5599818230 0.0515819937
477.3626708984 2.4155652523 0.0000000000 0.0000000000 84.8224792480 5.4443912506 0.0507341102
477.3634033203 2.4257421494 0.0000000000 0.0000000000 84.6967620850 6.3633799553 0.0498979539
477.3639526367 2.4359233379 0.0000000000 0.0000000000 84.5691986084 5.3975982666 0.0490812212
477.3644104004 2.4460995197 0.0000000000 0.0000000000 84.4377517700 4.8182616234 0.0482765362
477.3648376465 2.4562752247 0.0000000000 0.0000000000 84.3082122803 5.5842499733 0.0474844575
477.3651123047 2.4664516449 0.0000000000 0.0000000000 84.1859741211 5.2460689545 0.0467198938
477.3651733398 2.4766225815 0.0000000000 0.0000000000 84.0599822998 5.2925691605 0.0459677503
477.3650207520 2.4867987633 0.0000000000 0.0000000000 83.9330062866 6.6852817535 0.0452307016
477.3648071289 2.4969794750 0.0000000000 0.0000000000 83.8104248047 8.4332551956 0.0445087254
477.3643493652 2.5071613789 0.0000000000 0.0000000000 83.6915512085 8.7440423965 0.0437907502
477.3638305664 2.5173454285 0.0000000000 0.0000000000 83.5759887695 7.0492835045 0.0430900156
477.3631286621 2.5275352001 0.0000000000 0.0000000000 83.4629592896 7.6067223549 0.0423886739
477.3622741699 2.5377285480 0.0000000000 0.0000000000 83.3493881226 7.8108983040 0.0417074114
477.3613586426 2.5479273796 0.0000000000 0.0000000000 83.2313766479 6.9338855743 0.0410250388
477.3601684570 2.5581271648 0.0000000000 0.0000000000 83.1264648438 6.0054049492 0.0403616354
477.3588562012 2.5683314800 0.0000000000 0.0000000000 83.0334396362 5.7367887497 0.0396962911
477.3575134277 2.5785319805 0.0000000000 0.0000000000 82.9222640991 6.1530528069 0.0390491225
477.3559875488 2.5887367725 0.0000000000 0.0000000000 82.8207244873 6.6810340881 0.0384100117
477.3544616699 2.5989336967 0.0000000000 0.0000000000 82.7200698853 6.7090129852 0.0377741084
477.3526916504 2.6091356277 0.0000000000 0.0000000000 82.5994491577 5.4013886452 0.0371597260
477.3509826660 2.6193394661 0.0000000000 0.0000000000 82.4805221558 4.9158630371 0.0365423672
477.3491210938 2.6295487881 0.0000000000 0.0000000000 82.3667602539 4.7162685394 0.0359353982
477.3471069336 2.6397624016 0.0000000000 0.0000000000 82.2595977783 5.4391503334 0.0353455506
477.3451843262 2.6499719620 0.0000000000 0.0000000000 82.1599349976 5.5687594414 0.0347513482
477.3431701660 2.6601872444 0.0000000000 0.0000000000 82.0655288696 4.0371174812 0.0341756456
477.3410339355 2.6704082489 0.0000000000 0.0000000000 81.9708862305 4.1878752708 0.0336001031
477.3388977051 2.6806337833 0.0000000000 0.0000000000 81.8834228516 5.1282029152 0.0330304466
477.3366088867 2.6908612251 0.0000000000 0.0000000000 81.7966384888 4.5390105247 0.0324841812
477.3343505859 2.7010848522 0.0000000000 0.0000000000 81.7125091553 3.7318012714 0.0319173150
477.3320312500 2.7113103867 0.0000000000 0.0000000000 81.6468505859 4.1046624184 0.0313758701
477.3296203613 2.7215309143 0.0000000000 0.0000000000 81.5430831909 4.3597822189 0.0308346823
477.3272705078 2.7317454815 0.0000000000 0.0000000000 81.4513778687 4.0303640366 0.0303024761
477.3248596191 2.7419645786 0.0000000000 0.0000000000 81.3671646118 4.5159010887 0.0297751203
477.3223876953 2.7521879673 0.0000000000 0.0000000000 81.3056335449 5.0363492966 0.0292567201
477.3199462891 2.7624151707 0.0000000000 0.0000000000 81.2106475830 4.8867883682 0.0287414342
477.3175048828 2.7726352215 0.0000000000 0.0000000000 81.1427841187 4.4865899086 0.0282369927
477.3150329590 2.7828600407 0.0000000000 0.0000000000 81.0967025757 4.0986313820 0.0277342498
477.3126220703 2.7930841446 0.0000000000 0.0000000000 81.0121459961 4.0095262527 0.0272410363
477.3102416992 2.8033127785 0.0000000000 0.0000000000 80.9233932495 4.2644143105 0.0267476961
477.3078613281 2.8135440350 0.0000000000 0.0000000000 80.8519821167 4.3945264816 0.0262700021
477.3055114746 2.8237791061 0.0000000000 0.0000000000 80.7863006592 4.2844610214 0.0257869102
477.3031616211 2.8340182304 0.0000000000 0.0000000000 80.7207489014 4.6469211578 0.0253195390
477.3008422852 2.8442575932 0.0000000000 0.0000000000 80.6582870483 5.4901981354 0.0248506814
477.2986145020 2.8545010090 0.0000000000 0.0000000000 80.5952606201 5.8679995537 0.0243877098
477.2963256836 2.8647484779 0.0000000000 0.0000000000 80.5327453613 5.5620079041 0.0239319578
477.2941284180 2.8749945164 0.0000000000 0.0000000000 80.4680862427 5.8007225990 0.0234763771
477.2918701172 2.8852446079 0.0000000000 0.0000000000 80.4070892334 5.9489622116 0.0230328031
477.2896728516 2.8954999447 0.0000000000 0.0000000000 80.3488769531 4.9087448120 0.0225869417
477.2875671387 2.9057583809 0.0000000000 0.0000000000 80.2905807495 4.3747529984 0.0221477412
477.2854614258 2.9160215855 0.0000000000 0.0000000000 80.2353439331 5.0198469162 0.0217137150
477.2833862305 2.9262883663 0.0000000000 0.0000000000 80.1863174438 5.3639678955 0.0212821737
477.2814025879 2.9365572929 0.0000000000 0.0000000000 80.1538925171 5.4043760300 0.0208486393
477.2794189453 2.9468257427 0.0000000000 0.0000000000 80.0792312622 5.9638695717 0.0204317197
477.2775268555 2.9570918083 0.0000000000 0.0000000000 80.0238723755 6.4080390930 0.0200084560
477.2756958008 2.9673609734 0.0000000000 0.0000000000 79.9758605957 6.9898734093 0.0195942260
477.2738647461 2.9776294231 0.0000000000 0.0000000000 79.9340972900 7.6446857452 0.0191774294
477.2721252441 2.9878954887 0.0000000000 0.0000000000 79.8977432251 7.0802569389 0.0187735558
477.2704467773 2.9981648922 0.0000000000 0.0000000000 79.8662109375 6.8805832863 0.0183656141
477.2688293457 3.0084385872 0.0000000000 0.0000000000 79.8374710083 8.0482320786 0.0179647841
477.2672424316 3.0187153816 0.0000000000 0.0000000000 79.7962417603 8.2410964966 0.0175688379
477.2657165527 3.0289986134 0.0000000000 0.0000000000 79.7473678589 7.1551675797 0.0171754844
477.2642211914 3.0392875671 0.0000000000 0.0000000000 79.7015991211 6.5236282349 0.0167849772
477.2627563477 3.0495820045 0.0000000000 0.0000000000 79.6628189087 6.4970831871 0.0164000094
477.2613830566 3.0598821640 0.0000000000 0.0000000000 79.6365890503 6.2696299553 0.0160193071
477.2599792480 3.0701880455 0.0000000000 0.0000000000 79.6076660156 6.3402194977 0.0156401098
477.2586364746 3.0804975033 0.0000000000 0.0000000000 79.5434722900 7.0790176392 0.0152679607
477.2572937012 3.0908133984 0.0000000000 0.0000000000 79.4899063110 7.3375034332 0.0148952305
477.2560119629 3.1011304855 0.0000000000 0.0000000000 79.4395980835 6.9069623947 0.0145316981
477.2547302246 3.1114518642 0.0000000000 0.0000000000 79.3936767578 6.5998134613 0.0141658857
477.2535400391 3.1217806339 0.0000000000 0.0000000000 79.3500823975 6.3244276047 0.0138082691
477.2524108887 3.1321108341 0.0000000000 0.0000000000 79.3134841919 6.3768849373 0.0134507790
477.2512207031 3.1424467564 0.0000000000 0.0000000000 79.2795333862 6.9839043617 0.0130961537
477.2501220703 3.1527855396 0.0000000000 0.0000000000 79.2658081055 7.9387345314 0.0127504356
477.2489624023 3.1631309986 0.0000000000 0.0000000000 79.2193603516 8.4266576767 0.0123978108
477.2479248047 3.1734814644 0.0000000000 0.0000000000 79.1948089600 8.6312217712 0.0120582432
477.2467956543 3.1838395596 0.0000000000 0.0000000000 79.1793823242 8.6391811371 0.0117154121
477.2456054688 3.1942028999 0.0000000000 0.0000000000 79.1548309326 8.1487274170 0.0113784820
477.2444763184 3.2045671940 0.0000000000 0.0000000000 79.1214294434 8.1542043686 0.0110439062
477.2433471680 3.2149326801 0.0000000000 0.0000000000 79.0902481079 8.8573198318 0.0107114017
477.2421569824 3.2253046036 0.0000000000 0.0000000000 79.0664062500 9.0944528580 0.0103824064
477.2410888672 3.2356855869 0.0000000000 0.0000000000 79.0456314087 8.8756580353 0.0100597180
477.2399597168 3.2460741997 0.0000000000 0.0000000000 79.0257720947 9.2593936920 0.0097309686
477.2388610840 3.2564671040 0.0000000000 0.0000000000 79.0100402832 10.0065202713 0.0094161257
477.2377319336 3.2668702602 0.0000000000 0.0000000000 78.9976043701 10.7792634964 0.0090956800
477.2365722656 3.2772843838 0.0000000000 0.0000000000 78.9857177734 11.3182497025 0.0087848008
477.2354736328 3.2877099514 0.0000000000 0.0000000000 78.9758605957 10.8493890762 0.0084717833
477.2343139648 3.2981355190 0.0000000000 0.0000000000 78.9658050537 10.0815296173 0.0081633292
477.2331848145 3.3085741997 0.0000000000 0.0000000000 78.9558792114 10.4458055496 0.0078558549
477.2319946289 3.3190221786 0.0000000000 0.0000000000 78.9515228271 10.9611835480 0.0075526610
477.2307739258 3.3294818401 0.0000000000 0.0000000000 78.9522705078 10.0806760788 0.0072505288
477.2296142578 3.3399484158 0.0000000000 0.0000000000 78.9590530396 9.2562294006 0.0069506913
477.2284240723 3.3504273891 0.0000000000 0.0000000000 78.9586791992 10.0176029205 0.0066578090
477.2272033691 3.3609156609 0.0000000000 0.0000000000 78.9545211792 11.0324144363 0.0063563809
477.2261047363 3.3714113235 0.0000000000 0.0000000000 78.9449920654 11.7552461624 0.0060673282
477.2248840332 3.3819141388 0.0000000000 0.0000000000 78.9533081055 12.9264545441 0.0057803877
477.2236938477 3.3924298286 0.0000000000 0.0000000000 78.9494018555 12.0571699142 0.0054873601
477.2224426270 3.4029583931 0.0000000000 0.0000000000 78.9951019287 9.1171579361 0.0052060597
477.2211914062 3.4135003090 0.0000000000 0.0000000000 78.9439468384 8.9887466431 0.0049193799
477.2199096680 3.4240555763 0.0000000000 0.0000000000 78.9151687622 10.3464775085 0.0046364814
477.2185363770 3.4346222878 0.0000000000 0.0000000000 78.8732604980 10.3467483521 0.0043574534
477.2171936035 3.4452023506 0.0000000000 0.0000000000 78.8295974731 9.9716959000 0.0040763095
477.2157897949 3.4557960033 0.0000000000 0.0000000000 78.7928390503 8.6927194595 0.0038013533
477.2145080566 3.4664030075 0.0000000000 0.0000000000 78.7602081299 8.3789520264 0.0035259202
477.2130737305 3.4770174026 0.0000000000 0.0000000000 78.7316131592 9.5667734146 0.0032511167
477.2116394043 3.4876456261 0.0000000000 0.0000000000 78.7057037354 9.4561586380 0.0029786453
477.2102050781 3.4982869625 0.0000000000 0.0000000000 78.6831588745 9.4870519638 0.0027065612
477.2087402344 3.5089344978 0.0000000000 0.0000000000 78.6650543213 9.9769086838 0.0024394281
477.2072143555 3.5195953846 0.0000000000 0.0000000000 78.6481781006 9.2971334457 0.0021752082
477.2057495117 3.5302705765 0.0000000000 0.0000000000 78.6267776489 8.9650516510 0.0019075610
477.2041931152 3.5409498215 0.0000000000 0.0000000000 78.6142044067 9.8349189758 0.0016452931
477.2026062012 3.5516452789 0.0000000000 0.0000000000 78.5990600586 10.6361007690 0.0013838112
477.2009582520 3.5623571873 0.0000000000 0.0000000000 78.5838241577 10.6689119339 0.0011191480
477.1993408203 3.5730824471 0.0000000000 0.0000000000 78.5734710693 10.1795034409 0.0008611456
477.1976623535 3.5838241577 0.0000000000 0.0000000000 78.5662689209 9.5610122681 0.0006021485
477.1959838867 3.5945789814 0.0000000000 0.0000000000 78.5536041260 9.5755224228 0.0003409460
477.1942749023 3.6053473949 0.0000000000 0.0000000000 78.5411376953 10.4665679932 0.0000897348
477.1925659180 3.6161339283 0.0000000000 0.0000000000 78.5326690674 11.1808938980 -0.0001716577
477.1908569336 3.6269235611 0.0000000000 0.0000000000 78.5257568359 11.3285665512 -0.0004214197
477.1890563965 3.6377301216 0.0000000000 0.0000000000 78.5333328247 11.7867813110 -0.0006771125
477.1872863770 3.6485455036 0.0000000000 0.0000000000 78.5534820557 12.5797615051 -0.0009308830
477.1854553223 3.6593792439 0.0000000000 0.0000000000 78.5675048828 13.0834960938 -0.0011792853
477.1836242676 3.6702306271 0.0000000000 0.0000000000 78.5729446411 13.2226762772 -0.0014336593
477.1816711426 3.6810994148 0.0000000000 0.0000000000 78.5812988281 13.1300926208 -0.0016775355
477.1797790527 3.6919791698 0.0000000000 0.0000000000 78.6005325317 13.1675434113 -0.0019291043
477.1778564453 3.7028770447 0.0000000000 0.0000000000 78.6237182617 13.4404087067 -0.0021758042
477.1758728027 3.7137923241 0.0000000000 0.0000000000 78.6576538086 13.5557260513 -0.0024199225
477.1738891602 3.7247254848 0.0000000000 0.0000000000 78.6612091064 13.7188262939 -0.0026656128
477.1718444824 3.7356758118 0.0000000000 0.0000000000 78.6773910522 13.9738292694 -0.0029116422
477.1698303223 3.7466313839 0.0000000000 0.0000000000 78.7026214600 13.7493906021 -0.0031515136
477.1676940918 3.7576050758 0.0000000000 0.0000000000 78.7298507690 13.2405376434 -0.0033951215
477.1656799316 3.7685952187 0.0000000000 0.0000000000 78.7499694824 12.8776931763 -0.0036361851
477.1634826660 3.7796013355 0.0000000000 0.0000000000 78.7534942627 12.3284692764 -0.0038779825
477.1613464355 3.7905969620 0.0000000000 0.0000000000 78.7569580078 11.7138299942 -0.0041184761
477.1592102051 3.8016054630 0.0000000000 0.0000000000 78.7640686035 11.7533636093 -0.0043537989
477.1570129395 3.8126311302 0.0000000000 0.0000000000 78.7738342285 11.8620767593 -0.0045943037
477.1547851562 3.8236765862 0.0000000000 0.0000000000 78.7820587158 11.1607275009 -0.0048321635
477.1525878906 3.8347425461 0.0000000000 0.0000000000 78.7910766602 10.5737323761 -0.0050653368
477.1502990723 3.8458278179 0.0000000000 0.0000000000 78.8014450073 10.7039384842 -0.0053016990
477.1479492188 3.8569319248 0.0000000000 0.0000000000 78.8099899292 10.5634918213 -0.0055391565
477.1456298828 3.8680472374 0.0000000000 0.0000000000 78.8127822876 9.8769416809 -0.0057770461
477.1433105469 3.8791794777 0.0000000000 0.0000000000 78.8174819946 9.6971549988 -0.0060109980
477.1409301758 3.8903264999 0.0000000000 0.0000000000 78.8208541870 10.4637460709 -0.0062456913
477.1385192871 3.9014873505 0.0000000000 0.0000000000 78.8310546875 11.2096433640 -0.0064787492
477.1362304688 3.9126625061 0.0000000000 0.0000000000 78.8450317383 11.1188488007 -0.0067137368
477.1337585449 3.9238533974 0.0000000000 0.0000000000 78.8628616333 10.3954172134 -0.0069430470
477.1313476562 3.9350547791 0.0000000000 0.0000000000 78.8768768311 9.8298072815 -0.0071828999
477.1288146973 3.9462707043 0.0000000000 0.0000000000 78.9001617432 10.0514640808 -0.0074074306
477.1263732910 3.9575021267 0.0000000000 0.0000000000 78.9308242798 10.8008642197 -0.0076440051
477.1238403320 3.9687445164 0.0000000000 0.0000000000 78.9667739868 11.4623012543 -0.0078730136
477.1213684082 3.9800038338 0.0000000000 0.0000000000 79.0031661987 12.1645870209 -0.0081053451
477.1188354492 3.9912784100 0.0000000000 0.0000000000 79.0301284790 13.0979938507 -0.0083332732
477.1162109375 4.0025691986 0.0000000000 0.0000000000 79.0409240723 13.6327333450 -0.0085676908
477.1135864258 4.0138754845 0.0000000000 0.0000000000 79.0395812988 13.5588340759 -0.0087924115
477.1110229492 4.0251970291 0.0000000000 0.0000000000 79.0441131592 13.3528041840 -0.0090294853
477.1082763672 4.0365290642 0.0000000000 0.0000000000 79.0591430664 13.0095672607 -0.0092529953
477.1057128906 4.0478768349 0.0000000000 0.0000000000 79.0821228027 12.6468820572 -0.0094905868
477.1029052734 4.0592350960 0.0000000000 0.0000000000 79.1138229370 12.8212242126 -0.0097144879
477.1001892090 4.0706095695 0.0000000000 0.0000000000 79.1542892456 13.6660070419 -0.0099469200
477.0973815918 4.0819897652 0.0000000000 0.0000000000 79.2062072754 14.9891719818 -0.0101761073
477.0945739746 4.0933856964 0.0000000000 0.0000000000 79.2847518921 16.3386116028 -0.0104037449
477.0917358398 4.1047968864 0.0000000000 0.0000000000 79.3116989136 17.0286006927 -0.0106363669
477.0889282227 4.1162228584 0.0000000000 0.0000000000 79.3432159424 16.7454071045 -0.0108630806
477.0860595703 4.1276626587 0.0000000000 0.0000000000 79.3817291260 16.2277126312 -0.0110951588
477.0831298828 4.1391162872 0.0000000000 0.0000000000 79.4180297852 16.8911628723 -0.0113238283
477.0802612305 4.1505794525 0.0000000000 0.0000000000 79.4507522583 19.2286014557 -0.0115545280
477.0773620605 4.1620516777 0.0000000000 0.0000000000 79.4818725586 21.3738822937 -0.0117833205
477.0744628906 4.1735382080 0.0000000000 0.0000000000 79.5123367310 20.7899742126 -0.0120183937
477.0715637207 4.1850233078 0.0000000000 0.0000000000 79.5433578491 19.8708000183 -0.0122417733
477.0686035156 4.1965241432 0.0000000000 0.0000000000 79.5817794800 21.3809127808 -0.0124770924
477.0657348633 4.2080397606 0.0000000000 0.0000000000 79.6022415161 23.8103199005 -0.0127006695
477.0628051758 4.2195644379 0.0000000000 0.0000000000 79.6451721191 26.0979652405 -0.0129352808
477.0598754883 4.2310967445 0.0000000000 0.0000000000 79.7168426514 28.1592330933 -0.0131607354
477.0568542480 4.2426452637 0.0000000000 0.0000000000 79.7100448608 28.8223228455 -0.0133906379
477.0538330078 4.2542085648 0.0000000000 0.0000000000 79.7381744385 28.2410373688 -0.0136203766
477.0508117676 4.2657871246 0.0000000000 0.0000000000 79.7767105103 25.4174385071 -0.0138478950
477.0477294922 4.2773818970 0.0000000000 0.0000000000 79.8053970337 25.5712871552 -0.0140794702
477.0447387695 4.2889814377 0.0000000000 0.0000000000 79.8170852661 26.8915271759 -0.0143103898
477.0415649414 4.3005905151 0.0000000000 0.0000000000 79.8427886963 27.3881492615 -0.0145311803
477.0385742188 4.3122153282 0.0000000000 0.0000000000 79.8534851074 27.9829444885 -0.0147647969
477.0354614258 4.3238558769 0.0000000000 0.0000000000 79.8488464355 27.0162849426 -0.0149820410
477.0324401855 4.3355116844 0.0000000000 0.0000000000 79.8534393311 27.5914058685 -0.0152174979
477.0293884277 4.3471722603 0.0000000000 0.0000000000 79.8751678467 26.8420352936 -0.0154307038
477.0263366699 4.3588480949 0.0000000000 0.0000000000 79.9108428955 26.7595653534 -0.0156692713
477.0233154297 4.3705401421 0.0000000000 0.0000000000 79.9333419800 27.5706329346 -0.0158856921
477.0203552246 4.3822355270 0.0000000000 0.0000000000 79.9767456055 28.2162551880 -0.0161159486
477.0173034668 4.3939366341 0.0000000000 0.0000000000 80.0115814209 28.3000545502 -0.0163297802
477.0143737793 4.4056525230 0.0000000000 0.0000000000 80.0572204590 27.9684848785 -0.0165645927
477.0113525391 4.4173722267 0.0000000000 0.0000000000 80.0539703369 27.6128635406 -0.0167784095
477.0084228516 4.4291028976 0.0000000000 0.0000000000 80.0572204590 27.0463733673 -0.0170063563
477.0054016113 4.4408340454 0.0000000000 0.0000000000 80.0783843994 27.4945297241 -0.0172274821
477.0024414062 4.4525709152 0.0000000000 0.0000000000 80.0992202759 27.6055908203 -0.0174464434
476.9994812012 4.4643230438 0.0000000000 0.0000000000 80.1374816895 26.3574657440 -0.0176743232
476.9964599609 4.4760909081 0.0000000000 0.0000000000 80.1689529419 24.5509281158 -0.0178974867
476.9935302734 4.4878573418 0.0000000000 0.0000000000 80.1984252930 24.2821044922 -0.0181192718
476.9905700684 4.4996390343 0.0000000000 0.0000000000 80.2303314209 24.0364551544 -0.0183373429
476.9876098633 4.5114326477 0.0000000000 0.0000000000 80.2595367432 23.0243949890 -0.0185669810
476.9846801758 4.5232195854 0.0000000000 0.0000000000 80.2887802124 24.7944755554 -0.0187820122
476.9817810059 4.5350232124 0.0000000000 0.0000000000 80.3161163330 27.5789852142 -0.0190066397
476.9788818359 4.5468268394 0.0000000000 0.0000000000 80.3452606201 28.5535831451 -0.0192317180
476.9759216309 4.5586366653 0.0000000000 0.0000000000 80.3757095337 28.9089565277 -0.0194498226
476.9729614258 4.5704650879 0.0000000000 0.0000000000 80.4104843140 32.7070884705 -0.0196718760
476.9699401855 4.5823101997 0.0000000000 0.0000000000 80.4446792603 34.5060462952 -0.0199045651
476.9669189453 4.5941600800 0.0000000000 0.0000000000 80.4764251709 32.4285507202 -0.0201192722
476.9638366699 4.6060233116 0.0000000000 0.0000000000 80.5118408203 32.2548103333 -0.0203461125
476.9608154297 4.6178951263 0.0000000000 0.0000000000 80.5509872437 30.0037097931 -0.0205718949
476.9577636719 4.6297807693 0.0000000000 0.0000000000 80.5921249390 28.6951866150 -0.0207959674
476.9547424316 4.6416807175 0.0000000000 0.0000000000 80.6308135986 28.8948173523 -0.0210271701
476.9517517090 4.6535882950 0.0000000000 0.0000000000 80.6670455933 26.6559333801 -0.0212466717
476.9487915039 4.6655006409 0.0000000000 0.0000000000 80.7136230469 24.3629817963 -0.0214780681
476.9458312988 4.6774139404 0.0000000000 0.0000000000 80.7599487305 24.0105934143 -0.0217016563
476.9429016113 4.6893362999 0.0000000000 0.0000000000 80.8375320435 23.6977367401 -0.0219277926
476.9399414062 4.7012658119 0.0000000000 0.0000000000 80.8422546387 24.4355449677 -0.0221703649
476.9369506836 4.7132034302 0.0000000000 0.0000000000 80.8746566772 26.4734210968 -0.0223869756
476.9339294434 4.7251472473 0.0000000000 0.0000000000 80.9117736816 28.0656433105 -0.0226280130
476.9309387207 4.7371025085 0.0000000000 0.0000000000 80.9529418945 30.3251152039 -0.0228505656
476.9278564453 4.7490677834 0.0000000000 0.0000000000 80.9843215942 32.1412696838 -0.0230860785
476.9248657227 4.7610354424 0.0000000000 0.0000000000 81.0221710205 32.4073600769 -0.0233137459
476.9218750000 4.7730116844 0.0000000000 0.0000000000 81.0641708374 32.4678726196 -0.0235432610
476.9188537598 4.7849855423 0.0000000000 0.0000000000 81.1079101562 33.5635375977 -0.0237772241
476.9157714844 4.7969660759 0.0000000000 0.0000000000 81.1642227173 34.8538131714 -0.0240038969
476.9127197266 4.8089547157 0.0000000000 0.0000000000 81.2328186035 35.9012031555 -0.0242366269
476.9096374512 4.8209495544 0.0000000000 0.0000000000 81.2839889526 37.8977355957 -0.0244645625
476.9066162109 4.8329463005 0.0000000000 0.0000000000 81.3217544556 40.4763450623 -0.0247025043
476.9035339355 4.8449316025 0.0000000000 0.0000000000 81.3649063110 41.8964729309 -0.0249280483
476.9005737305 4.8569130898 0.0000000000 0.0000000000 81.4127349854 42.1895980835 -0.0251637772
476.8974914551 4.8689017296 0.0000000000 0.0000000000 81.4656600952 41.7110137939 -0.0253888369
476.8944396973 4.8808989525 0.0000000000 0.0000000000 81.5064392090 41.5353851318 -0.0256261602
476.8913879395 4.8929038048 0.0000000000 0.0000000000 81.5573196411 40.9933662415 -0.0258551240
476.8883361816 4.9049081802 0.0000000000 0.0000000000 81.6114044189 38.8557510376 -0.0260930136
476.8853454590 4.9169130325 0.0000000000 0.0000000000 81.6584243774 40.6004295349 -0.0263234824
476.8822631836 4.9289278984 0.0000000000 0.0000000000 81.7026977539 44.5171813965 -0.0265582353
476.8792419434 4.9409527779 0.0000000000 0.0000000000 81.7395401001 42.6815872192 -0.0267976522
476.8761596680 4.9529752731 0.0000000000 0.0000000000 81.7773513794 43.9502334595 -0.0270252898
476.8731384277 4.9650082588 0.0000000000 0.0000000000 81.7939453125 43.4154510498 -0.0272731707
476.8700256348 4.9770526886 0.0000000000 0.0000000000 81.8212432861 39.7290802002 -0.0274952874
476.8669738770 4.9891099930 0.0000000000 0.0000000000 81.8576507568 39.9897155762 -0.0277479216
476.8639221191 5.0011773109 0.0000000000 0.0000000000 81.8846588135 39.4183845520 -0.0279672965
476.8608703613 5.0132570267 0.0000000000 0.0000000000 81.9282073975 41.0272178650 -0.0282187164
476.8579101562 5.0253491402 0.0000000000 0.0000000000 81.9430160522 39.9973640442 -0.0284623913
476.8548583984 5.0374503136 0.0000000000 0.0000000000 81.9744796753 37.5687408447 -0.0286952481
476.8518981934 5.0495533943 0.0000000000 0.0000000000 81.9886169434 35.8461761475 -0.0289517045
476.8488769531 5.0616664886 0.0000000000 0.0000000000 82.0046691895 33.4341697693 -0.0291717909
476.8459472656 5.0737781525 0.0000000000 0.0000000000 82.0321655273 32.1940841675 -0.0294368602
476.8429870605 5.0858993530 0.0000000000 0.0000000000 82.0682907104 31.5548572540 -0.0296685025
476.8400573730 5.0980267525 0.0000000000 0.0000000000 82.1163024902 31.1974010468 -0.0299191624
476.8371276855 5.1101589203 0.0000000000 0.0000000000 82.1468124390 30.3867645264 -0.0301702991
476.8341369629 5.1223020554 0.0000000000 0.0000000000 82.1891784668 29.7793502808 -0.0304113701
476.8313293457 5.1344532967 0.0000000000 0.0000000000 82.2391433716 28.8635959625 -0.0306660719
476.8283996582 5.1466112137 0.0000000000 0.0000000000 82.2778015137 27.7068176270 -0.0309145749
476.8256530762 5.1587719917 0.0000000000 0.0000000000 82.3261032104 27.8950462341 -0.0311681330
476.8227539062 5.1709399223 0.0000000000 0.0000000000 82.3698577881 27.3128395081 -0.0314209238
476.8199768066 5.1831078529 0.0000000000 0.0000000000 82.4389190674 25.8692188263 -0.0316762775
476.8171997070 5.1952743530 0.0000000000 0.0000000000 82.4585723877 27.1392478943 -0.0319266133
476.8144836426 5.2074494362 0.0000000000 0.0000000000 82.5146255493 28.4039516449 -0.0321854874
476.8117370605 5.2196331024 0.0000000000 0.0000000000 82.5793380737 28.6113262177 -0.0324394330
476.8090820312 5.2318053246 0.0000000000 0.0000000000 82.6393356323 30.1695919037 -0.0326986238
476.8063659668 5.2439880371 0.0000000000 0.0000000000 82.7045288086 32.4255142212 -0.0329555459
476.8037414551 5.2561826706 0.0000000000 0.0000000000 82.7774734497 34.3844718933 -0.0332125574
476.8011169434 5.2683768272 0.0000000000 0.0000000000 82.8192901611 36.4805335999 -0.0334750563
476.7984924316 5.2805843353 0.0000000000 0.0000000000 82.8738098145 37.5632057190 -0.0337364376
476.7959289551 5.2928009033 0.0000000000 0.0000000000 82.9354782104 37.0083999634 -0.0339960903
476.7933349609 5.3050260544 0.0000000000 0.0000000000 83.0062026978 36.9287033081 -0.0342596248
476.7908020020 5.3172636032 0.0000000000 0.0000000000 83.0874710083 37.4981727600 -0.0345250070
476.7882385254 5.3295159340 0.0000000000 0.0000000000 83.1584167480 37.8268623352 -0.0347878747
476.7857360840 5.3417816162 0.0000000000 0.0000000000 83.2255554199 37.3139572144 -0.0350583792
476.7832031250 5.3540601730 0.0000000000 0.0000000000 83.2973709106 36.4939613342 -0.0353187919
476.7807006836 5.3663544655 0.0000000000 0.0000000000 83.3608093262 36.0051994324 -0.0356005207
476.7781982422 5.3786635399 0.0000000000 0.0000000000 83.4579925537 35.0396080017 -0.0358541831
476.7757263184 5.3909783363 0.0000000000 0.0000000000 83.5283355713 34.4642181396 -0.0361448750
476.7732238770 5.4033098221 0.0000000000 0.0000000000 83.5893402100 34.7033271790 -0.0364003219
476.7708129883 5.4156460762 0.0000000000 0.0000000000 83.6812286377 35.3233222961 -0.0366907939
476.7683410645 5.4279870987 0.0000000000 0.0000000000 83.6775054932 36.5059204102 -0.0369547866
476.7658081055 5.4403438568 0.0000000000 0.0000000000 83.7198715210 38.0281028748 -0.0372383296
476.7633361816 5.4527163506 0.0000000000 0.0000000000 83.7722167969 41.0105743408 -0.0375192314
476.7607727051 5.4651050568 0.0000000000 0.0000000000 83.8420333862 44.7604751587 -0.0377915166
476.7582397461 5.4775099754 0.0000000000 0.0000000000 83.8841171265 47.9915504456 -0.0380880348
476.7557067871 5.4899325371 0.0000000000 0.0000000000 83.9396133423 51.2466049194 -0.0383590534
476.7531433105 5.5023713112 0.0000000000 0.0000000000 83.9962081909 52.4809112549 -0.0386530459
476.7506713867 5.5148253441 0.0000000000 0.0000000000 84.0647583008 54.9871292114 -0.0389362648
476.7481384277 5.5272927284 0.0000000000 0.0000000000 84.1320343018 54.7948074341 -0.0392222926
476.7456054688 5.5397639275 0.0000000000 0.0000000000 84.1765670776 54.7724571228 -0.0395136774
476.7430725098 5.5522518158 0.0000000000 0.0000000000 84.2374725342 54.7380981445 -0.0397979021
476.7405090332 5.5647583008 0.0000000000 0.0000000000 84.2583694458 55.4436454773 -0.0400899909
476.7379455566 5.5772814751 0.0000000000 0.0000000000 84.3238754272 55.5070304871 -0.0403823555
476.7353820801 5.5898227692 0.0000000000 0.0000000000 84.3841934204 53.4116973877 -0.0406707227
476.7328796387 5.6023807526 0.0000000000 0.0000000000 84.4605026245 52.8788719177 -0.0409800857
476.7302551270 5.6149559021 0.0000000000 0.0000000000 84.5343170166 54.5754661560 -0.0412575081
476.7277832031 5.6275482178 0.0000000000 0.0000000000 84.6077804565 51.8602561951 -0.0415773392
476.7252197266 5.6401453018 0.0000000000 0.0000000000 84.6831970215 49.3660354614 -0.0418606624
476.7226562500 5.6527605057 0.0000000000 0.0000000000 84.7648315430 51.8539695740 -0.0421747118
476.7200622559 5.6653900146 0.0000000000 0.0000000000 84.8688430786 55.9609680176 -0.0424775034
476.7175598145 5.6780261993 0.0000000000 0.0000000000 84.9627380371 56.8339385986 -0.0427836068
476.7149963379 5.6906800270 0.0000000000 0.0000000000 85.0341033936 55.6034393311 -0.0430973135
476.7124938965 5.7033476830 0.0000000000 0.0000000000 85.0784835815 51.9139251709 -0.0434010923
476.7100219727 5.7160263062 0.0000000000 0.0000000000 85.1312866211 49.5702705383 -0.0437240675
476.7075805664 5.7287101746 0.0000000000 0.0000000000 85.1914215088 48.8243408203 -0.0440330729
476.7051391602 5.7414126396 0.0000000000 0.0000000000 85.3374557495 49.5891990662 -0.0443454459
476.7027282715 5.7541260719 0.0000000000 0.0000000000 85.4010696411 52.1402664185 -0.0446769595
476.7002868652 5.7668519020 0.0000000000 0.0000000000 85.4945068359 53.3612976074 -0.0449922979
476.6979675293 5.7795901299 0.0000000000 0.0000000000 85.5710296631 52.2436103821 -0.0453215763
476.6956176758 5.7923355103 0.0000000000 0.0000000000 85.6971588135 51.7132339478 -0.0456496626
476.6932983398 5.8050856590 0.0000000000 0.0000000000 85.8001327515 50.6218452454 -0.0459778197
476.6908874512 5.8178586960 0.0000000000 0.0000000000 85.8897628784 48.7993392944 -0.0463161133
476.6885681152 5.8306522369 0.0000000000 0.0000000000 85.9801940918 50.2075004578 -0.0466462784
476.6862487793 5.8434605598 0.0000000000 0.0000000000 86.0709457397 53.2574081421 -0.0469865799
476.6839294434 5.8562898636 0.0000000000 0.0000000000 86.1297073364 53.4248428345 -0.0473258644
476.6816711426 5.8691334724 0.0000000000 0.0000000000 86.2195739746 54.0863494873 -0.0476603918
476.6792602539 5.8819885254 0.0000000000 0.0000000000 86.3063735962 53.4840049744 -0.0480105095
476.6769409180 5.8948588371 0.0000000000 0.0000000000 86.4543304443 51.1700057983 -0.0483511388
476.6746215820 5.9077382088 0.0000000000 0.0000000000 86.4856719971 51.6884307861 -0.0486990064
476.6723327637 5.9206333160 0.0000000000 0.0000000000 86.5516510010 52.8712959290 -0.0490418598
476.6699829102 5.9335289001 0.0000000000 0.0000000000 86.6346664429 53.4456634521 -0.0493899733
476.6677246094 5.9464468956 0.0000000000 0.0000000000 86.7425613403 55.7634735107 -0.0497515835
476.6654663086 5.9593796730 0.0000000000 0.0000000000 86.8695907593 57.8288497925 -0.0500887483
476.6632385254 5.9723362923 0.0000000000 0.0000000000 86.9338150024 58.3912124634 -0.0504701249
476.6610107422 5.9853081703 0.0000000000 0.0000000000 87.0115051270 56.9365196228 -0.0508102477
476.6587219238 5.9983034134 0.0000000000 0.0000000000 87.1009674072 53.3885345459 -0.0511818975
476.6564025879 6.0113210678 0.0000000000 0.0000000000 87.1749649048 51.7416229248 -0.0515504554
476.6541748047 6.0243515968 0.0000000000 0.0000000000 87.2919006348 52.5606536865 -0.0519121736
476.6518859863 6.0374031067 0.0000000000 0.0000000000 87.3265991211 53.3505706787 -0.0522965640
476.6496582031 6.0504746437 0.0000000000 0.0000000000 87.4208221436 55.5905647278 -0.0526756570
476.6474609375 6.0635633469 0.0000000000 0.0000000000 87.5131835938 57.5112609863 -0.0530445240
476.6453247070 6.0766716003 0.0000000000 0.0000000000 87.5980072021 55.3742218018 -0.0534336865
476.6432189941 6.0898041725 0.0000000000 0.0000000000 87.6971817017 52.8539581299 -0.0538100526
476.6410827637 6.1029567719 0.0000000000 0.0000000000 87.7819137573 51.6061935425 -0.0542098619
476.6389465332 6.1161317825 0.0000000000 0.0000000000 87.8635177612 50.6574935913 -0.0545918867
476.6368103027 6.1293258667 0.0000000000 0.0000000000 87.9630508423 51.1924934387 -0.0549919680
476.6347351074 6.1425447464 0.0000000000 0.0000000000 88.0751266479 51.9823493958 -0.0553869978
476.6326599121 6.1557755470 0.0000000000 0.0000000000 88.1874771118 51.3612747192 -0.0557920411
476.6306152344 6.1690311432 0.0000000000 0.0000000000 88.3119201660 51.4082489014 -0.0561845526
476.6285705566 6.1823058128 0.0000000000 0.0000000000 88.4210968018 53.0650138855 -0.0566084646
476.6265869141 6.1955966949 0.0000000000 0.0000000000 88.5287246704 53.4607849121 -0.0569976717
476.6246032715 6.2089152336 0.0000000000 0.0000000000 88.6024932861 55.1556205750 -0.0574297644
476.6226806641 6.2222471237 0.0000000000 0.0000000000 88.7285461426 58.7307167053 -0.0578230172
476.6207275391 6.2356061935 0.0000000000 0.0000000000 88.8518447876 61.2720108032 -0.0582655817
476.6187744141 6.2489876747 0.0000000000 0.0000000000 88.9800262451 62.0525436401 -0.0586700775
476.6168212891 6.2623877525 0.0000000000 0.0000000000 89.1157760620 62.2156829834 -0.0591133311
476.6148681641 6.2758135796 0.0000000000 0.0000000000 89.1903762817 63.1165199280 -0.0595328882
476.6129455566 6.2892522812 0.0000000000 0.0000000000 89.2984085083 66.2787399292 -0.0599800423
476.6109619141 6.3027048111 0.0000000000 0.0000000000 89.4162216187 66.7062149048 -0.0604035631
476.6090393066 6.3161787987 0.0000000000 0.0000000000 89.5419235229 68.5802307129 -0.0608512536
476.6069641113 6.3296761513 0.0000000000 0.0000000000 89.6267623901 72.8481979370 -0.0612757243
476.6049194336 6.3432021141 0.0000000000 0.0000000000 89.7315979004 72.0959930420 -0.0617437065
476.6028442383 6.3567576408 0.0000000000 0.0000000000 89.8237075806 71.8128509521 -0.0621724725
476.6008911133 6.3703355789 0.0000000000 0.0000000000 89.9237747192 72.5558166504 -0.0626390427
476.5989379883 6.3839311600 0.0000000000 0.0000000000 90.0287933350 74.0636672974 -0.0630907416
476.5969543457 6.3975548744 0.0000000000 0.0000000000 90.1456680298 77.6096878052 -0.0635394901
476.5950317383 6.4112067223 0.0000000000 0.0000000000 90.2842864990 78.0124511719 -0.0640111715
476.5931701660 6.4248747826 0.0000000000 0.0000000000 90.4222488403 77.5477676392 -0.0644609556
476.5913391113 6.4385609627 0.0000000000 0.0000000000 90.5233154297 76.5452041626 -0.0649437606
476.5895385742 6.4522743225 0.0000000000 0.0000000000 90.6631164551 77.1876983643 -0.0653899312
476.5877075195 6.4660153389 0.0000000000 0.0000000000 90.7792053223 80.6841201782 -0.0658818856
476.5861206055 6.4797835350 0.0000000000 0.0000000000 90.9087448120 83.4977645874 -0.0663539171
476.5843811035 6.4935731888 0.0000000000 0.0000000000 91.0059585571 83.2247695923 -0.0668203831
476.5829772949 6.5073671341 0.0000000000 0.0000000000 91.1507568359 81.2120513916 -0.0673310608
476.5814514160 6.5211730003 0.0000000000 0.0000000000 91.2517929077 79.7217407227 -0.0677827671
476.5801696777 6.5349974632 0.0000000000 0.0000000000 91.3380737305 77.4110031128 -0.0682993159
476.5787963867 6.5488352776 0.0000000000 0.0000000000 91.4503707886 74.9266204834 -0.0687766969
476.5776977539 6.5626921654 0.0000000000 0.0000000000 91.5800704956 74.8228149414 -0.0692737103
476.5764465332 6.5765695572 0.0000000000 0.0000000000 91.7423782349 74.9879455566 -0.0697922856
476.5753479004 6.5904455185 0.0000000000 0.0000000000 91.8940353394 75.4928817749 -0.0702634528
476.5743103027 6.6043391228 0.0000000000 0.0000000000 92.0042648315 77.4608383179 -0.0708092898
476.5732727051 6.6182465553 0.0000000000 0.0000000000 92.1204986572 77.9538421631 -0.0712959021
476.5722961426 6.6321449280 0.0000000000 0.0000000000 92.2157897949 77.5249404907 -0.0718132183
476.5714416504 6.6460747719 0.0000000000 0.0000000000 92.3287506104 77.7415390015 -0.0723476112
476.5705566406 6.6600327492 0.0000000000 0.0000000000 92.4515762329 78.1172027588 -0.0728432685
476.5697631836 6.6740131378 0.0000000000 0.0000000000 92.5722427368 80.5600967407 -0.0733970702
476.5690307617 6.6880192757 0.0000000000 0.0000000000 92.6993789673 83.6553344727 -0.0738990307
476.5683593750 6.7020535469 0.0000000000 0.0000000000 92.8630599976 82.0177459717 -0.0744398683
476.5679321289 6.7161026001 0.0000000000 0.0000000000 92.9909439087 80.4304046631 -0.0749889016
476.5674438477 6.7301764488 0.0000000000 0.0000000000 93.1023712158 82.6645660400 -0.0754924938
476.5671386719 6.7442650795 0.0000000000 0.0000000000 93.2048568726 83.0649261475 -0.0760725439
476.5668640137 6.7583813667 0.0000000000 0.0000000000 93.3192825317 82.9646301270 -0.0765707567
476.5668029785 6.7725167274 0.0000000000 0.0000000000 93.4300537109 85.1624526978 -0.0771713853
476.5667114258 6.7866725922 0.0000000000 0.0000000000 93.5530700684 87.6769104004 -0.0776778981
476.5669250488 6.8008422852 0.0000000000 0.0000000000 93.6781082153 88.2144165039 -0.0782640874
476.5671081543 6.8150248528 0.0000000000 0.0000000000 93.8034210205 85.7616577148 -0.0788131803
476.5674743652 6.8292202950 0.0000000000 0.0000000000 93.9067764282 84.2200546265 -0.0793793947
476.5680847168 6.8434286118 0.0000000000 0.0000000000 93.9734954834 82.9721984863 -0.0799531490
476.5686950684 6.8576459885 0.0000000000 0.0000000000 94.0628585815 80.5030136108 -0.0805201307
476.5695190430 6.8718619347 0.0000000000 0.0000000000 94.1920089722 82.5153350830 -0.0811107382
476.5704040527 6.8860855103 0.0000000000 0.0000000000 94.2989044189 86.5103683472 -0.0817058533
476.5712280273 6.9003176689 0.0000000000 0.0000000000 94.4368743896 87.2188110352 -0.0822757557
476.5723266602 6.9145650864 0.0000000000 0.0000000000 94.5345458984 84.0155029297 -0.0829146877
476.5733642578 6.9288268089 0.0000000000 0.0000000000 94.6211166382 80.4102020264 -0.0834799409
476.5748291016 6.9431052208 0.0000000000 0.0000000000 94.7011337280 81.0906600952 -0.0841300711
476.5763549805 6.9573993683 0.0000000000 0.0000000000 94.7681579590 81.0472488403 -0.0847211033
476.5780029297 6.9717144966 0.0000000000 0.0000000000 94.8454971313 78.7598037720 -0.0853563994
476.5800781250 6.9860391617 0.0000000000 0.0000000000 94.9409103394 82.0508651733 -0.0859924406
476.5820617676 7.0003833771 0.0000000000 0.0000000000 95.0295410156 87.1462249756 -0.0865904689
476.5846252441 7.0147490501 0.0000000000 0.0000000000 95.1358184814 90.7072677612 -0.0872698277
476.5868835449 7.0291428566 0.0000000000 0.0000000000 95.2639846802 93.2107620239 -0.0879131183
476.5896606445 7.0435686111 0.0000000000 0.0000000000 95.4002761841 94.0729064941 -0.0885615945
476.5924072266 7.0580215454 0.0000000000 0.0000000000 95.5258712769 93.9928665161 -0.0892356932
476.5955810547 7.0724716187 0.0000000000 0.0000000000 95.6319961548 95.4305419922 -0.0898731872
476.5989990234 7.0869345665 0.0000000000 0.0000000000 95.7332153320 96.9074783325 -0.0905894041
476.6025085449 7.1014204025 0.0000000000 0.0000000000 95.8344421387 95.8547973633 -0.0912463367
476.6064758301 7.1158938408 0.0000000000 0.0000000000 95.9586639404 95.3775405884 -0.0919537172
476.6105957031 7.1303877831 0.0000000000 0.0000000000 96.0393142700 97.1875152588 -0.0926556811
476.6151123047 7.1448903084 0.0000000000 0.0000000000 96.1858749390 96.7152175903 -0.0933475494
476.6199035645 7.1594138145 0.0000000000 0.0000000000 96.2921066284 96.3675003052 -0.0940816477
476.6247863770 7.1739554405 0.0000000000 0.0000000000 96.4137954712 99.0768661499 -0.0947939605
476.6298217773 7.1884965897 0.0000000000 0.0000000000 96.5239334106 101.5445556641 -0.0955519751
476.6351623535 7.2030358315 0.0000000000 0.0000000000 96.6421737671 105.6365737915 -0.0962595716
476.6406555176 7.2175951004 0.0000000000 0.0000000000 96.7881469727 108.4339904785 -0.0970287919
476.6461791992 7.2321658134 0.0000000000 0.0000000000 96.9567031860 104.8240051270 -0.0977519602
476.6519470215 7.2467508316 0.0000000000 0.0000000000 97.0616302490 102.1669158936 -0.0985507816
476.6577148438 7.2613592148 0.0000000000 0.0000000000 97.1905212402 102.8209609985 -0.0992850885
476.6637268066 7.2759909630 0.0000000000 0.0000000000 97.3350296021 104.0309753418 -0.1000640541
476.6697387695 7.2906479836 0.0000000000 0.0000000000 97.4591445923 103.5496520996 -0.1008557901
476.6759033203 7.3053283691 0.0000000000 0.0000000000 97.5895309448 102.9601440430 -0.1016034633
476.6822814941 7.3200192451 0.0000000000 0.0000000000 97.7396469116 103.3998870850 -0.1024285853
476.6891479492 7.3347339630 0.0000000000 0.0000000000 97.8893661499 102.4207382202 -0.1032453477
476.6962890625 7.3494510651 0.0000000000 0.0000000000 98.0301055908 99.5498962402 -0.1040238366
476.7037353516 7.3641943932 0.0000000000 0.0000000000 98.1792373657 99.3545379639 -0.1048876196
476.7113952637 7.3789548874 0.0000000000 0.0000000000 98.3505554199 104.4795837402 -0.1056717411
476.7191467285 7.3937349319 0.0000000000 0.0000000000 98.4776611328 111.0538482666 -0.1065453142
476.7273864746 7.4085221291 0.0000000000 0.0000000000 98.6048660278 112.3875885010 -0.1073560417
476.7357482910 7.4233355522 0.0000000000 0.0000000000 98.7513504028 107.0247650146 -0.1082103997
476.7444152832 7.4381675720 0.0000000000 0.0000000000 98.9063262939 99.8599853516 -0.1090772450
476.7532653809 7.4530286789 0.0000000000 0.0000000000 99.0588455200 98.1263427734 -0.1099191904
476.7626953125 7.4679136276 0.0000000000 0.0000000000 99.1946792603 100.7184066772 -0.1108144224
476.7725219727 7.4828205109 0.0000000000 0.0000000000 99.3160476685 103.6499862671 -0.1116957664
476.7828369141 7.4977464676 0.0000000000 0.0000000000 99.4369812012 103.2118682861 -0.1125528142
476.7934875488 7.5126991272 0.0000000000 0.0000000000 99.5715713501 104.4879989624 -0.1134906933
476.8047180176 7.5276699066 0.0000000000 0.0000000000 99.7060394287 103.7536926270 -0.1143500507
476.8162231445 7.5426616669 0.0000000000 0.0000000000 99.8266143799 102.1919937134 -0.1153163537
476.8279724121 7.5576858521 0.0000000000 0.0000000000 99.9468994141 107.1547851562 -0.1162109897
476.8397827148 7.5727362633 0.0000000000 0.0000000000 100.0700378418 111.1231842041 -0.1171485633
476.8518066406 7.5878057480 0.0000000000 0.0000000000 100.1852722168 112.6843109131 -0.1181133240
476.8639831543 7.6029028893 0.0000000000 0.0000000000 100.3003997803 111.4312896729 -0.1190598756
476.8765563965 7.6180343628 0.0000000000 0.0000000000 100.4055862427 112.0540695190 -0.1200478375
476.8894348145 7.6331954002 0.0000000000 0.0000000000 100.5186080933 112.6136474609 -0.1210062429
476.9029235840 7.6483821869 0.0000000000 0.0000000000 100.6424942017 112.8408584595 -0.1220174730
476.9168395996 7.6635994911 0.0000000000 0.0000000000 100.7755355835 116.8734970093 -0.1230147630
476.9311218262 7.6788468361 0.0000000000 0.0000000000 100.9208374023 116.8403930664 -0.1240371540
476.9456481934 7.6941127777 0.0000000000 0.0000000000 101.0690307617 114.5010452271 -0.1250135005
476.9606018066 7.7094230652 0.0000000000 0.0000000000 101.2174072266 111.8052978516 -0.1260659546
476.9761657715 7.7247529030 0.0000000000 0.0000000000 101.3626403809 113.8794708252 -0.1271074414
476.9920959473 7.7401046753 0.0000000000 0.0000000000 101.4874954224 121.2046356201 -0.1281957179
477.0092163086 7.7554659843 0.0000000000 0.0000000000 101.6144104004 126.3695220947 -0.1292366385
477.0267333984 7.7708101273 0.0000000000 0.0000000000 101.7444610596 128.8923339844 -0.1303138137
477.0450744629 7.7861647606 0.0000000000 0.0000000000 101.8804244995 132.9395294189 -0.1314192563
477.0644531250 7.8015241623 0.0000000000 0.0000000000 102.0472106934 134.1950683594 -0.1325081587
477.0849914551 7.8168692589 0.0000000000 0.0000000000 102.1643981934 134.3523712158 -0.1336276382
477.1060485840 7.8322005272 0.0000000000 0.0000000000 102.3058090210 133.9746551514 -0.1347194016
477.1276245117 7.8475170135 0.0000000000 0.0000000000 102.4662551880 132.3656005859 -0.1359109879
477.1497497559 7.8627948761 0.0000000000 0.0000000000 102.6408233643 132.8447570801 -0.1370343864
477.1725158691 7.8780336380 0.0000000000 0.0000000000 102.8186721802 129.0693511963 -0.1382085681
477.1955566406 7.8932709694 0.0000000000 0.0000000000 102.9938507080 122.9393234253 -0.1393844634
477.2189331055 7.9084897041 0.0000000000 0.0000000000 103.1470489502 122.8081665039 -0.1405487359
477.2428894043 7.9237051010 0.0000000000 0.0000000000 103.3165740967 126.7267303467 -0.1418259144
477.2674560547 7.9389328957 0.0000000000 0.0000000000 103.4959945679 128.4933319092 -0.1429490298
477.2919311523 7.9541473389 0.0000000000 0.0000000000 103.6836624146 127.3685455322 -0.1442697644
477.3170776367 7.9693660736 0.0000000000 0.0000000000 103.8697738647 128.0689697266 -0.1454378068
477.3424987793 7.9845967293 0.0000000000 0.0000000000 104.0499267578 129.2281341553 -0.1467387676
477.3681945801 7.9998259544 0.0000000000 0.0000000000 104.2221374512 128.1836090088 -0.1479721814
477.3946533203 8.0150489807 0.0000000000 0.0000000000 104.3892822266 127.5014343262 -0.1492749751
477.4217834473 8.0302743912 0.0000000000 0.0000000000 104.5633773804 124.3726043701 -0.1505527496
477.4500427246 8.0454502106 0.0000000000 0.0000000000 104.7359008789 128.8820953369 -0.1517500430
477.4785156250 8.0605840683 0.0000000000 0.0000000000 104.9093856812 132.8473052979 -0.1531203389
477.5077209473 8.0756950378 0.0000000000 0.0000000000 105.0918960571 131.6403808594 -0.1544601321
477.5376892090 8.0907640457 0.0000000000 0.0000000000 105.2416229248 128.4872283936 -0.1558325142
477.5684814453 8.1058034897 0.0000000000 0.0000000000 105.4020156860 128.7602691650 -0.1571895629
477.6006469727 8.1208314896 0.0000000000 0.0000000000 105.5402297974 132.3196563721 -0.1585178971
477.6335449219 8.1358308792 0.0000000000 0.0000000000 105.6909713745 132.7289733887 -0.1599122733
477.6662597656 8.1508064270 0.0000000000 0.0000000000 105.8376617432 125.4207992554 -0.1613296270
477.7000427246 8.1657419205 0.0000000000 0.0000000000 105.9737625122 117.4666519165 -0.1626647711
477.7348327637 8.1806411743 0.0000000000 0.0000000000 106.1202850342 116.4670944214 -0.1640978158
477.7710571289 8.1955051422 0.0000000000 0.0000000000 106.2595062256 114.8644256592 -0.1655693650
477.8077392578 8.2103528976 0.0000000000 0.0000000000 106.3809204102 118.6647491455 -0.1669108421
477.8457641602 8.2251520157 0.0000000000 0.0000000000 106.5029067993 124.7809219360 -0.1684059054
477.8841247559 8.2399473190 0.0000000000 0.0000000000 106.6407546997 119.7688217163 -0.1698630899
477.9227294922 8.2547626495 0.0000000000 0.0000000000 106.7743835449 121.7597579956 -0.1713529229
477.9617614746 8.2695636749 0.0000000000 0.0000000000 106.8864746094 113.0305252075 -0.1728102863
478.0012817383 8.2843685150 0.0000000000 0.0000000000 107.0092086792 117.1896286011 -0.1743683815
478.0407104492 8.2991838455 0.0000000000 0.0000000000 107.1280899048 116.9648437500 -0.1756515056
478.0812377930 8.3140039444 0.0000000000 0.0000000000 107.2523193359 123.6449050903 -0.1773716509
478.1223449707 8.3288097382 0.0000000000 0.0000000000 107.3733062744 122.6500625610 -0.1788634658
478.1642456055 8.3435897827 0.0000000000 0.0000000000 107.5096664429 126.3797302246 -0.1804538369
478.2061462402 8.3583393097 0.0000000000 0.0000000000 107.6361618042 122.1995849609 -0.1820389628
478.2487182617 8.3730516434 0.0000000000 0.0000000000 107.7479705811 122.4759063721 -0.1835799813
478.2915039062 8.3877248764 0.0000000000 0.0000000000 107.8536605835 121.9559555054 -0.1852699816
478.3352966309 8.4023551941 0.0000000000 0.0000000000 107.9546585083 127.1333160400 -0.1867707372
478.3787536621 8.4169387817 0.0000000000 0.0000000000 108.0502777100 130.1289825439 -0.1885137558
478.4226684570 8.4314842224 0.0000000000 0.0000000000 108.1533279419 124.9178161621 -0.1900961399
478.4659118652 8.4460306168 0.0000000000 0.0000000000 108.2638854980 121.6934280396 -0.1917522401
478.5096740723 8.4605751038 0.0000000000 0.0000000000 108.3520584106 125.9511413574 -0.1934491545
478.5530395508 8.4751234055 0.0000000000 0.0000000000 108.4502258301 128.6338653564 -0.1950906664
478.5963745117 8.4896812439 0.0000000000 0.0000000000 108.5500488281 126.5870513916 -0.1968476772
478.6399536133 8.5042409897 0.0000000000 0.0000000000 108.6518249512 128.2149200439 -0.1986038089
478.6837463379 8.5188255310 0.0000000000 0.0000000000 108.7563171387 129.1265869141 -0.2002585679
478.7286071777 8.5334434509 0.0000000000 0.0000000000 108.8602294922 125.2000198364 -0.2020234317
478.7735900879 8.5480585098 0.0000000000 0.0000000000 108.9486083984 119.6203460693 -0.2038730234
478.8193969727 8.5627155304 0.0000000000 0.0000000000 109.0250701904 111.9094924927 -0.2055816054
478.8664245605 8.5773830414 0.0000000000 0.0000000000 109.0959091187 108.6060867310 -0.2074516118
478.9143066406 8.5920476913 0.0000000000 0.0000000000 109.1732482910 111.2105331421 -0.2091685534
478.9620056152 8.6066789627 0.0000000000 0.0000000000 109.2582702637 114.0788650513 -0.2110789865
479.0099792480 8.6213064194 0.0000000000 0.0000000000 109.3361892700 112.5325164795 -0.2129027545
479.0575866699 8.6358909607 0.0000000000 0.0000000000 109.4143218994 106.8979110718 -0.2148130536
479.1060180664 8.6503753662 0.0000000000 0.0000000000 109.4916534424 104.6793518066 -0.2166881710
479.1552734375 8.6647510529 0.0000000000 0.0000000000 109.5667572021 104.2713088989 -0.2185650170
479.2041931152 8.6790542603 0.0000000000 0.0000000000 109.6382369995 101.5038909912 -0.2205191106
479.2536315918 8.6933021545 0.0000000000 0.0000000000 109.7035064697 99.8904037476 -0.2223856896
479.3032531738 8.7074766159 0.0000000000 0.0000000000 109.7677307129 102.3280258179 -0.2244152576
479.3539428711 8.7215604782 0.0000000000 0.0000000000 109.8213653564 104.7587280273 -0.2262210846
479.4050292969 8.7355957031 0.0000000000 0.0000000000 109.8765029907 104.1598281860 -0.2283701599
479.4573974609 8.7496023178 0.0000000000 0.0000000000 109.9279632568 100.9012680054 -0.2301913202
479.5108642578 8.7635879517 0.0000000000 0.0000000000 109.9698715210 96.1451721191 -0.2323107719
479.5628967285 8.7775526047 0.0000000000 0.0000000000 110.0131988525 92.3776626587 -0.2342640162
479.6146240234 8.7915115356 0.0000000000 0.0000000000 110.0489578247 89.8386993408 -0.2362459153
479.6657409668 8.8054943085 0.0000000000 0.0000000000 110.0836944580 87.6063385010 -0.2383958995
479.7158813477 8.8194904327 0.0000000000 0.0000000000 110.1105880737 86.9833526611 -0.2401330769
479.7649230957 8.8334741592 0.0000000000 0.0000000000 110.1235427856 89.4062728882 -0.2424578667
479.8130187988 8.8474559784 0.0000000000 0.0000000000 110.1372070312 92.0675964355 -0.2444194853
479.8602905273 8.8614168167 0.0000000000 0.0000000000 110.1530075073 91.1237945557 -0.2465929240
479.9084167480 8.8753089905 0.0000000000 0.0000000000 110.1711349487 89.8468322754 -0.2486639023
479.9566040039 8.8891725540 0.0000000000 0.0000000000 110.1957092285 92.7467575073 -0.2507193089
480.0033874512 8.9030208588 0.0000000000 0.0000000000 110.2241287231 97.3970565796 -0.2529032826
480.0504150391 8.9168176651 0.0000000000 0.0000000000 110.2557067871 100.7121582031 -0.2549114227
480.0965881348 8.9305629730 0.0000000000 0.0000000000 110.2863998413 102.5227508545 -0.2571506202
480.1426696777 8.9442291260 0.0000000000 0.0000000000 110.3026123047 104.2533035278 -0.2591977715
480.1884765625 8.9578676224 0.0000000000 0.0000000000 110.3181533813 106.3282012939 -0.2613834739
480.2350769043 8.9714288712 0.0000000000 0.0000000000 110.3367004395 108.6102447510 -0.2636694312
480.2815856934 8.9849205017 0.0000000000 0.0000000000 110.3579254150 111.2679443359 -0.2657201886
480.3266601562 8.9983758926 0.0000000000 0.0000000000 110.3838577271 114.0413894653 -0.2680083215
480.3728637695 9.0117940903 0.0000000000 0.0000000000 110.4175033569 116.4797668457 -0.2701441050
480.4190979004 9.0251436234 0.0000000000 0.0000000000 110.4275283813 119.4931869507 -0.2723792791
480.4638366699 9.0384759903 0.0000000000 0.0000000000 110.4543838501 123.3750305176 -0.2746651173
480.5109558105 9.0517282486 0.0000000000 0.0000000000 110.4837951660 126.3357925415 -0.2768567204
480.5619812012 9.0648708344 0.0000000000 0.0000000000 110.5152435303 128.0129699707 -0.2790311575
480.6123657227 9.0779294968 0.0000000000 0.0000000000 110.5512161255 130.2530517578 -0.2814113498
480.6635742188 9.0909223557 0.0000000000 0.0000000000 110.5664978027 133.3269958496 -0.2833284736
480.7135009766 9.1039171219 0.0000000000 0.0000000000 110.5920181274 136.4615936279 -0.2860927880
480.7652282715 9.1168880463 0.0000000000 0.0000000000 110.6114425659 140.1878051758 -0.2878698707
480.8164978027 9.1298446655 0.0000000000 0.0000000000 110.6401977539 144.7329101562 -0.2901280522
480.8698730469 9.1427221298 0.0000000000 0.0000000000 110.6623916626 148.1160888672 -0.2925595939
480.9226379395 9.1555480957 0.0000000000 0.0000000000 110.6906814575 147.7575683594 -0.2943993211
480.9758605957 9.1683349609 0.0000000000 0.0000000000 110.7141036987 144.3324127197 -0.2971244156
481.0304870605 9.1810045242 0.0000000000 0.0000000000 110.7439880371 141.3959503174 -0.2989267707
481.0853576660 9.1936025620 0.0000000000 0.0000000000 110.7739791870 140.0206146240 -0.3010576963
481.1390075684 9.2061300278 0.0000000000 0.0000000000 110.8181533813 138.3578186035 -0.3036076725
481.1943054199 9.2184982300 0.0000000000 0.0000000000 110.8668289185 137.1401062012 -0.3059321046
481.2497863770 9.2307615280 0.0000000000 0.0000000000 110.9229660034 136.8537139893 -0.3076022565
481.3079223633 9.2429866791 0.0000000000 0.0000000000 110.9952621460 135.5187072754 -0.3103221357
481.3672485352 9.2551698685 0.0000000000 0.0000000000 111.0553665161 134.9311370850 -0.3127636313
481.4285278320 9.2673301697 0.0000000000 0.0000000000 111.1362380981 135.5271148682 -0.3144287467
481.4936523438 9.2793712616 0.0000000000 0.0000000000 111.2105102539 133.7474212646 -0.3171330094
481.5580749512 9.2913703918 0.0000000000 0.0000000000 111.2893981934 131.8526306152 -0.3196049035
481.6266784668 9.3032264709 0.0000000000 0.0000000000 111.3711471558 133.3112945557 -0.3216145635
481.6955871582 9.3149795532 0.0000000000 0.0000000000 111.4548568726 135.4188079834 -0.3240431547
481.7665100098 9.3266115189 0.0000000000 0.0000000000 111.5342864990 136.6404724121 -0.3265717328
481.8402709961 9.3381996155 0.0000000000 0.0000000000 111.6160125732 135.2808837891 -0.3289730549
481.9216003418 9.3496608734 0.0000000000 0.0000000000 111.7034912109 129.9559783936 -0.3312631249
482.0083312988 9.3610153198 0.0000000000 0.0000000000 111.7768707275 125.5133819580 -0.3337909579
482.0973815918 9.3722534180 0.0000000000 0.0000000000 111.8422775269 124.5186767578 -0.3363087177
482.1877136230 9.3834800720 0.0000000000 0.0000000000 111.9108505249 126.2696380615 -0.3386169374
482.2830505371 9.3946142197 0.0000000000 0.0000000000 111.9740371704 129.0942077637 -0.3415072858
482.3843994141 9.4056806564 0.0000000000 0.0000000000 112.0245513916 128.0797424316 -0.3436983824
482.4890136719 9.4166975021 0.0000000000 0.0000000000 112.0910873413 123.8680267334 -0.3460897505
482.5924377441 9.4277095795 0.0000000000 0.0000000000 112.1798629761 120.6276779175 -0.3490045071
482.7023620605 9.4386262894 0.0000000000 0.0000000000 112.2187347412 119.2615814209 -0.3511383533
482.8132934570 9.4495229721 0.0000000000 0.0000000000 112.2680664062 120.5086593628 -0.3537887335
482.9272155762 9.4603643417 0.0000000000 0.0000000000 112.3195037842 124.5511093140 -0.3563823104
483.0503540039 9.4711074829 0.0000000000 0.0000000000 112.3791427612 129.6625061035 -0.3588214517
483.1757812500 9.4818410873 0.0000000000 0.0000000000 112.4480819702 132.3979949951 -0.3613796532
483.3039550781 9.4925966263 0.0000000000 0.0000000000 112.5259094238 132.5992431641 -0.3637841940
483.4371948242 9.5032882690 0.0000000000 0.0000000000 112.5861129761 134.9028930664 -0.3664395809
483.5743713379 9.5138578415 0.0000000000 0.0000000000 112.6747817993 138.3060150146 -0.3689445257
483.7151794434 9.5243177414 0.0000000000 0.0000000000 112.7678527832 140.9863281250 -0.3712754548
483.8617858887 9.5346269608 0.0000000000 0.0000000000 112.8716812134 142.8882751465 -0.3738954365
484.0122375488 9.5447893143 0.0000000000 0.0000000000 112.9855804443 143.0352630615 -0.3759956956
484.1634216309 9.5548496246 0.0000000000 0.0000000000 113.0992813110 142.8850097656 -0.3785040379
484.3182067871 9.5648164749 0.0000000000 0.0000000000 113.1977844238 145.0471191406 -0.3811097443
484.4771728516 9.5746107101 0.0000000000 0.0000000000 113.2915039062 149.6227416992 -0.3833514452
484.6366882324 9.5843877792 0.0000000000 0.0000000000 113.3821258545 153.8283386230 -0.3857282102
484.7985839844 9.5941143036 0.0000000000 0.0000000000 113.4469070435 156.2608337402 -0.3880228996
484.9601135254 9.6038722992 0.0000000000 0.0000000000 113.5069580078 157.8692932129 -0.3906162679
485.1171875000 9.6136102676 0.0000000000 0.0000000000 113.5686721802 159.3325805664 -0.3927219808
485.2720642090 9.6233768463 0.0000000000 0.0000000000 113.6374053955 160.7805633545 -0.3949380517
485.4232482910 9.6330623627 0.0000000000 0.0000000000 113.7239151001 162.4420318604 -0.3970676064
485.5743103027 9.6427106857 0.0000000000 0.0000000000 113.8267440796 165.6053466797 -0.3989478052
485.7206420898 9.6523370743 0.0000000000 0.0000000000 113.9394912720 171.4523315430 -0.4007045925
485.8656005859 9.6619653702 0.0000000000 0.0000000000 114.0792465210 175.8348693848 -0.4026141465
486.0132141113 9.6715097427 0.0000000000 0.0000000000 114.2155914307 174.6522827148 -0.4041336775
486.1546325684 9.6810503006 0.0000000000 0.0000000000 114.3641204834 172.3009643555 -0.4057401419
486.2949218750 9.6905031204 0.0000000000 0.0000000000 114.5084991455 169.1761169434 -0.4069423079
486.4315795898 9.6999282837 0.0000000000 0.0000000000 114.6618957520 169.5276947021 -0.4083635807
486.5637207031 9.7093772888 0.0000000000 0.0000000000 114.8330841064 174.6965332031 -0.4095984101
486.7004699707 9.7188367844 0.0000000000 0.0000000000 115.0150527954 177.6689605713 -0.4110168517
486.8328247070 9.7283306122 0.0000000000 0.0000000000 115.2173233032 178.4902343750 -0.4122031033
486.9663696289 9.7378950119 0.0000000000 0.0000000000 115.4247436523 176.4277038574 -0.4132405519
487.1002502441 9.7475299835 0.0000000000 0.0000000000 115.6311111450 173.3482055664 -0.4146109223
487.2540283203 9.7571277618 0.0000000000 0.0000000000 115.8298187256 174.7226867676 -0.4153836071
487.4110717773 9.7667436600 0.0000000000 0.0000000000 116.0152664185 181.0455322266 -0.4161111116
487.5649719238 9.7763919830 0.0000000000 0.0000000000 116.2158660889 189.3410339355 -0.4172491431
487.7177124023 9.7860593796 0.0000000000 0.0000000000 116.4212646484 196.4706878662 -0.4179150462
487.8683166504 9.7957162857 0.0000000000 0.0000000000 116.6437454224 199.6628875732 -0.4188601673
488.0153198242 9.8054065704 0.0000000000 0.0000000000 116.8508605957 196.2105255127 -0.4193007946
488.1682739258 9.8150863647 0.0000000000 0.0000000000 117.0557708740 189.6577148438 -0.4203797579
488.3242797852 9.8247327805 0.0000000000 0.0000000000 117.2572631836 187.5355072021 -0.4205917418
488.4854125977 9.8342962265 0.0000000000 0.0000000000 117.4627380371 188.8278808594 -0.4211257994
488.6528625488 9.8438091278 0.0000000000 0.0000000000 117.6456832886 188.1009521484 -0.4211879671
488.8197326660 9.8533010483 0.0000000000 0.0000000000 117.8406906128 183.4701080322 -0.4213367701
488.9839172363 9.8627223969 0.0000000000 0.0000000000 118.0373306274 179.1748809814 -0.4218333364
489.1422729492 9.8720617294 0.0000000000 0.0000000000 118.2228622437 180.9468994141 -0.4221374094
489.2988891602 9.8813743591 0.0000000000 0.0000000000 118.3928985596 187.3821411133 -0.4221889675
489.4591979980 9.8906650543 0.0000000000 0.0000000000 118.5593566895 193.9597930908 -0.4221675992
489.5891723633 9.8999757767 0.0000000000 0.0000000000 118.7429199219 198.5023651123 -0.4222190678
489.6985168457 9.9092178345 0.0000000000 0.0000000000 118.9250259399 202.5111083984 -0.4219672680
489.7989501953 9.9184188843 0.0000000000 0.0000000000 119.0912017822 209.0055236816 -0.4213928282
489.8858642578 9.9275960922 0.0000000000 0.0000000000 119.2954864502 218.4448394775 -0.4193533063
489.9633789062 9.9367189407 0.0000000000 0.0000000000 119.4472503662 226.8200378418 -0.4202714562
490.0212097168 9.9456510544 0.0000000000 0.0000000000 119.6513595581 231.6826934814 -0.4206136465
490.0822143555 9.9543895721 0.0000000000 0.0000000000 119.8497848511 235.2650146484 -0.4200040698
490.1331787109 9.9630155563 0.0000000000 0.0000000000 120.0632553101 234.8025207520 -0.4164842367
490.1764221191 9.9716072083 0.0000000000 0.0000000000 120.2916030884 231.3990325928 -0.4156892300
490.2073364258 9.9800949097 0.0000000000 0.0000000000 120.5283966064 229.4427642822 -0.4174519479
490.2256164551 9.9884376526 0.0000000000 0.0000000000 120.7133560181 228.4216461182 -0.4163329005
490.2337951660 9.9966220856 0.0000000000 0.0000000000 120.8770065308 226.3224182129 -0.4172170460
490.2326354980 10.0046730042 0.0000000000 0.0000000000 121.0607528687 223.5142211914 -0.4163220823
490.2280578613 10.0125217438 0.0000000000 0.0000000000 121.2642974854 221.5924072266 -0.4155062139
490.2182312012 10.0202207565 0.0000000000 0.0000000000 121.4717788696 222.4853515625 -0.4145358801
490.2001342773 10.0277280807 0.0000000000 0.0000000000 121.6749496460 226.4025726318 -0.4134705365
490.1875915527 10.0350408554 0.0000000000 0.0000000000 121.8822555542 229.0442199707 -0.4123835564
490.1645202637 10.0421524048 0.0000000000 0.0000000000 122.0662231445 228.0208740234 -0.4107453525
490.1583862305 10.0490627289 0.0000000000 0.0000000000 122.2794876099 225.8845214844 -0.4093312621
490.1447753906 10.0558280945 0.0000000000 0.0000000000 122.5120010376 223.6068572998 -0.4078823924
490.1509704590 10.0624046326 0.0000000000 0.0000000000 122.7316665649 221.4476470947 -0.4070614576
490.1904602051 10.0688533783 0.0000000000 0.0000000000 122.9107513428 218.8878936768 -0.4042935967
490.2268371582 10.0751914978 0.0000000000 0.0000000000 123.0770416260 216.3041229248 -0.4033735991
490.2515258789 10.0813388824 0.0000000000 0.0000000000 123.2942886353 210.9306182861 -0.4016817808
490.2745666504 10.0874118805 0.0000000000 0.0000000000 123.4613571167 207.6276397705 -0.4000115395
490.2926330566 10.0934143066 0.0000000000 0.0000000000 123.5640029907 207.6934509277 -0.3987681270
490.2956848145 10.0992908478 0.0000000000 0.0000000000 123.6485671997 200.1899719238 -0.3969359696
490.2828369141 10.1051654816 0.0000000000 0.0000000000 123.7376708984 188.8691101074 -0.3953414559
490.2678833008 10.1109867096 0.0000000000 0.0000000000 123.8249969482 181.7239990234 -0.3940486908
490.2448120117 10.1166591644 0.0000000000 0.0000000000 123.9609603882 176.6852416992 -0.3919126391
490.2029113770 10.1222181320 0.0000000000 0.0000000000 124.0631713867 172.4140319824 -0.3903049529
490.1512145996 10.1276760101 0.0000000000 0.0000000000 124.1420974731 169.9425964355 -0.3884008527
490.0850524902 10.1330423355 0.0000000000 0.0000000000 124.2075347900 171.0338745117 -0.3867128491
489.9996337891 10.1383676529 0.0000000000 0.0000000000 124.3266754150 171.0985717773 -0.3848496974
489.8997497559 10.1436138153 0.0000000000 0.0000000000 124.5263290405 166.9146270752 -0.3828637898
489.7889404297 10.1488037109 0.0000000000 0.0000000000 124.7249145508 161.8970336914 -0.3807775676
489.6701354980 10.1539916992 0.0000000000 0.0000000000 124.9288024902 161.3239898682 -0.3788330555
489.5427856445 10.1591253281 0.0000000000 0.0000000000 125.1567459106 161.3533935547 -0.3769310117
489.4134521484 10.1641740799 0.0000000000 0.0000000000 125.3920822144 161.1409301758 -0.3748396933
489.2842712402 10.1691751480 0.0000000000 0.0000000000 125.6437988281 163.4274444580 -0.3735541403
489.1627502441 10.1741285324 0.0000000000 0.0000000000 125.8655700684 165.8702392578 -0.3721028864
489.0544738770 10.1790084839 0.0000000000 0.0000000000 125.9793243408 165.5858306885 -0.3696466684
488.9548950195 10.1838006973 0.0000000000 0.0000000000 126.0916671753 166.5005035400 -0.3676833212
488.8515625000 10.1884965897 0.0000000000 0.0000000000 126.2003173828 169.7929382324 -0.3657107651
488.7513427734 10.1930313110 0.0000000000 0.0000000000 126.2937622070 173.2425384521 -0.3633767366
488.6591491699 10.1975479126 0.0000000000 0.0000000000 126.4058380127 174.4832000732 -0.3542854190
488.5688171387 10.2019729614 0.0000000000 0.0000000000 126.5198822021 172.8280181885 -0.3598302305
488.4766540527 10.2063589096 0.0000000000 0.0000000000 126.6194076538 170.6751861572 -0.3573926985
488.3850402832 10.2106399536 0.0000000000 0.0000000000 126.7593612671 171.2468719482 -0.3557192087
488.2968750000 10.2147789001 0.0000000000 0.0000000000 126.8752670288 175.5401611328 -0.3534738421
488.2088317871 10.2188472748 0.0000000000 0.0000000000 126.9838256836 181.1737823486 -0.3515346646
488.1173095703 10.2228412628 0.0000000000 0.0000000000 127.0827865601 185.9126739502 -0.3494059741
488.0275573730 10.2267570496 0.0000000000 0.0000000000 127.1883697510 188.7129669189 -0.3478537202
487.9385070801 10.2305917740 0.0000000000 0.0000000000 127.3090133667 187.4382019043 -0.3398414850
487.8426818848 10.2343482971 0.0000000000 0.0000000000 127.4292297363 181.9708557129 -0.3381357193
487.7289428711 10.2379808426 0.0000000000 0.0000000000 127.5125427246 179.6978454590 -0.3425878286
487.6098937988 10.2415008545 0.0000000000 0.0000000000 127.5994567871 185.1760101318 -0.3411527276
487.4952087402 10.2448425293 0.0000000000 0.0000000000 127.6690216064 193.7695007324 -0.3389105201
487.3791198730 10.2480201721 0.0000000000 0.0000000000 127.7425537109 198.5255737305 -0.3360023201
487.2688598633 10.2511224747 0.0000000000 0.0000000000 127.7813644409 197.9906463623 -0.3352951109
487.1598510742 10.2541894913 0.0000000000 0.0000000000 127.8163604736 195.6406555176 -0.3335430622
487.0523986816 10.2572040558 0.0000000000 0.0000000000 127.8304367065 194.7238464355 -0.3315871060
486.9531860352 10.2601566315 0.0000000000 0.0000000000 127.8471832275 195.0380859375 -0.3304243982
486.8587646484 10.2630100250 0.0000000000 0.0000000000 127.8561325073 195.5620880127 -0.3287658691
486.7771301270 10.2658195496 0.0000000000 0.0000000000 127.8570175171 196.3072967529 -0.3268106580
486.7010192871 10.2686243057 0.0000000000 0.0000000000 127.8968582153 194.7453918457 -0.3257133961
486.6300964355 10.2714319229 0.0000000000 0.0000000000 127.9664001465 188.7606658936 -0.3238996863
486.5587158203 10.2742462158 0.0000000000 0.0000000000 127.9941482544 181.1593322754 -0.3227677941
486.4882507324 10.2770414352 0.0000000000 0.0000000000 128.0290527344 174.6541442871 -0.3212775588
486.4138488770 10.2798204422 0.0000000000 0.0000000000 128.0557250977 168.8793945312 -0.3176209331
486.3431396484 10.2826070786 0.0000000000 0.0000000000 128.0693969727 163.4412841797 -0.3184507489
486.2721557617 10.2854061127 0.0000000000 0.0000000000 128.0863189697 160.1570129395 -0.3169312775
486.2017822266 10.2881708145 0.0000000000 0.0000000000 128.0936126709 160.0572052002 -0.3153694272
486.1322021484 10.2910108566 0.0000000000 0.0000000000 128.1008605957 161.8675537109 -0.3139315248
486.0629272461 10.2938661575 0.0000000000 0.0000000000 128.1071014404 164.0660552979 -0.3123615980
485.9912719727 10.2967338562 0.0000000000 0.0000000000 128.1159973145 166.3643035889 -0.3107416630
485.9227905273 10.2996559143 0.0000000000 0.0000000000 128.1256561279 169.2465667725 -0.3093079329
485.8542785645 10.3026142120 0.0000000000 0.0000000000 128.1361541748 172.3897247314 -0.3078714013
485.7734985352 10.3056287766 0.0000000000 0.0000000000 128.1507263184 175.0690002441 -0.3062413931
485.6910095215 10.3086929321 0.0000000000 0.0000000000 128.1736755371 177.1769256592 -0.3045856059
485.6041870117 10.3117990494 0.0000000000 0.0000000000 128.1940460205 179.1862487793 -0.3029488921
485.5207519531 10.3149175644 0.0000000000 0.0000000000 128.2185668945 181.0281829834 -0.3013418913
485.4399719238 10.3180131912 0.0000000000 0.0000000000 128.2368011475 181.9170532227 -0.2999217510
485.3641662598 10.3211126328 0.0000000000 0.0000000000 128.2358093262 181.5187072754 -0.2979397178
485.2897644043 10.3242387772 0.0000000000 0.0000000000 128.2271881104 180.6397247314 -0.2963755727
485.2174377441 10.3273630142 0.0000000000 0.0000000000 128.2156982422 179.9782714844 -0.2946516871
485.1440734863 10.3304710388 0.0000000000 0.0000000000 128.2050170898 178.5751495361 -0.2931038141
485.0693664551 10.3335886002 0.0000000000 0.0000000000 128.1879577637 175.0202636719 -0.2912400663
485.0001220703 10.3367490768 0.0000000000 0.0000000000 128.1755523682 169.8566589355 -0.2898501158
484.9273681641 10.3399314880 0.0000000000 0.0000000000 128.1686706543 165.3933258057 -0.2882245779
484.8527526855 10.3431196213 0.0000000000 0.0000000000 128.1546783447 163.4533691406 -0.2866838574
484.7772521973 10.3463268280 0.0000000000 0.0000000000 128.1437683105 164.5850524902 -0.2851766944
484.7010803223 10.3495454788 0.0000000000 0.0000000000 128.1227569580 168.5383758545 -0.2836610079
484.6221618652 10.3527965546 0.0000000000 0.0000000000 128.0946197510 174.3390045166 -0.2821637690
484.5437622070 10.3560838699 0.0000000000 0.0000000000 128.0660552979 180.3169860840 -0.2794376314
484.4623413086 10.3593502045 0.0000000000 0.0000000000 128.0279693604 184.2973937988 -0.2782784700
484.3819274902 10.3625659943 0.0000000000 0.0000000000 127.9811706543 184.5905914307 -0.2778753042
484.3005065918 10.3657655716 0.0000000000 0.0000000000 127.9442367554 181.6874847412 -0.2765511572
484.2170410156 10.3689289093 0.0000000000 0.0000000000 127.9167022705 178.3716735840 -0.2751923800
484.1299438477 10.3720207214 0.0000000000 0.0000000000 127.8847503662 177.2558441162 -0.2738303542
484.0401611328 10.3750505447 0.0000000000 0.0000000000 127.8504867554 178.3676757812 -0.2725440264
483.9385070801 10.3780479431 0.0000000000 0.0000000000 127.8290252686 179.8079223633 -0.2711258233
483.8378295898 10.3810176849 0.0000000000 0.0000000000 127.8133697510 179.7041778564 -0.2690027952
483.7364807129 10.3839416504 0.0000000000 0.0000000000 127.7909698486 177.1719360352 -0.2684166729
483.6371154785 10.3868293762 0.0000000000 0.0000000000 127.7624969482 172.8900909424 -0.2670965195
483.5363159180 10.3896980286 0.0000000000 0.0000000000 127.7306976318 168.8402099609 -0.2658285797
483.4378356934 10.3925533295 0.0000000000 0.0000000000 127.7077865601 167.1234741211 -0.2644917667
483.3418579102 10.3953619003 0.0000000000 0.0000000000 127.6720809937 168.4334106445 -0.2633317709
483.2465515137 10.3981065750 0.0000000000 0.0000000000 127.6358184814 171.5549774170 -0.2619615197
483.1517333984 10.4008417130 0.0000000000 0.0000000000 127.6032333374 174.6237640381 -0.2607850432
483.0606079102 10.4035520554 0.0000000000 0.0000000000 127.5628662109 176.8019104004 -0.2595305145
482.9736328125 10.4062166214 0.0000000000 0.0000000000 127.5190429688 178.5359802246 -0.2583563924
482.8928833008 10.4088449478 0.0000000000 0.0000000000 127.4808349609 180.9411315918 -0.2554732561
482.8189086914 10.4114274979 0.0000000000 0.0000000000 127.4441528320 184.6625366211 -0.2497018278
482.7554016113 10.4140033722 0.0000000000 0.0000000000 127.3997268677 188.8202667236 -0.2551238537
482.6936035156 10.4165964127 0.0000000000 0.0000000000 127.3540802002 191.8647460938 -0.2544219196
482.6316223145 10.4192476273 0.0000000000 0.0000000000 127.3170318604 192.6618499756 -0.2535753548
482.5694274902 10.4219388962 0.0000000000 0.0000000000 127.2874526978 191.8530883789 -0.2527011037
482.5058593750 10.4246721268 0.0000000000 0.0000000000 127.2655334473 192.5809936523 -0.2517414987
482.4436950684 10.4274463654 0.0000000000 0.0000000000 127.2431411743 197.4250183105 -0.2508639395
482.3825683594 10.4302091599 0.0000000000 0.0000000000 127.2160720825 205.3611145020 -0.2499619573
482.3230590820 10.4330234528 0.0000000000 0.0000000000 127.1901473999 213.3449707031 -0.2491258681
482.2647399902 10.4358663559 0.0000000000 0.0000000000 127.1555404663 219.7012939453 -0.2483004928
482.2085266113 10.4387378693 0.0000000000 0.0000000000 127.1210479736 224.6297912598 -0.2470880151
482.1562194824 10.4416351318 0.0000000000 0.0000000000 127.0911483765 228.3325500488 -0.2468413562
482.1054382324 10.4445829391 0.0000000000 0.0000000000 127.0566864014 230.5006103516 -0.2461117655
482.0559082031 10.4475336075 0.0000000000 0.0000000000 127.0224609375 231.2274780273 -0.2455090582
482.0052185059 10.4504842758 0.0000000000 0.0000000000 126.9880294800 231.3254852295 -0.2447717935
481.9562988281 10.4534482956 0.0000000000 0.0000000000 126.9607391357 231.5110168457 -0.2442209274
481.9097900391 10.4564399719 0.0000000000 0.0000000000 126.9333267212 231.4052886963 -0.2434612811
481.8647766113 10.4594593048 0.0000000000 0.0000000000 126.9043426514 229.6144409180 -0.2429427058
481.8201599121 10.4624710083 0.0000000000 0.0000000000 126.8774185181 224.9267578125 -0.2422466278
481.7775268555 10.4654531479 0.0000000000 0.0000000000 126.8490524292 218.3280029297 -0.2419346273
481.7364196777 10.4683866501 0.0000000000 0.0000000000 126.8193588257 212.4592590332 -0.2410589308
481.6953430176 10.4713058472 0.0000000000 0.0000000000 126.7918014526 208.0575103760 -0.2405275106
481.6546936035 10.4742012024 0.0000000000 0.0000000000 126.7583160400 203.7788848877 -0.2398805618
481.6155090332 10.4771194458 0.0000000000 0.0000000000 126.7197494507 199.3651428223 -0.2393570691
481.5768127441 10.4800853729 0.0000000000 0.0000000000 126.6833572388 196.1898345947 -0.2388224751
481.5381469727 10.4831056595 0.0000000000 0.0000000000 126.6455230713 194.9597778320 -0.2383439988
481.4997558594 10.4861459732 0.0000000000 0.0000000000 126.6067657471 195.0938110352 -0.2378117591
481.4607849121 10.4891777039 0.0000000000 0.0000000000 126.5635070801 195.3772888184 -0.2373387069
481.4220581055 10.4922456741 0.0000000000 0.0000000000 126.5209884644 194.4660644531 -0.2340401709
481.3855590820 10.4953413010 0.0000000000 0.0000000000 126.4860687256 192.1550598145 -0.2364550233
481.3499145508 10.4984397888 0.0000000000 0.0000000000 126.4461746216 189.8342895508 -0.2358288169
481.3129272461 10.5015506744 0.0000000000 0.0000000000 126.4202346802 188.6702270508 -0.2339327633
481.2767028809 10.5046663284 0.0000000000 0.0000000000 126.3799667358 188.1713867188 -0.2353358269
481.2406616211 10.5078239441 0.0000000000 0.0000000000 126.3395690918 187.3211364746 -0.2350535989
481.2051391602 10.5110168457 0.0000000000 0.0000000000 126.2970199585 186.3866882324 -0.2347301692
481.1707153320 10.5142402649 0.0000000000 0.0000000000 126.2545776367 186.2196502686 -0.2344104499
481.1369018555 10.5174531937 0.0000000000 0.0000000000 126.2112960815 186.6519012451 -0.2341806442
481.1038513184 10.5206432343 0.0000000000 0.0000000000 126.1670532227 187.0329284668 -0.2339035422
481.0708312988 10.5238227844 0.0000000000 0.0000000000 126.1224822998 187.4748229980 -0.2336738259
481.0376281738 10.5270042419 0.0000000000 0.0000000000 126.0780334473 188.3132629395 -0.2334268391
481.0050048828 10.5302257538 0.0000000000 0.0000000000 126.0224380493 188.9897308350 -0.2333015501
480.9737854004 10.5334215164 0.0000000000 0.0000000000 125.9706802368 188.3383331299 -0.2330123782
480.9437255859 10.5366249084 0.0000000000 0.0000000000 125.9187927246 185.9803466797 -0.2327255905
480.9132690430 10.5398511887 0.0000000000 0.0000000000 125.8668975830 183.1405639648 -0.2326830328
480.8852844238 10.5431108475 0.0000000000 0.0000000000 125.8119659424 181.3003234863 -0.2323570848
480.8571777344 10.5464076996 0.0000000000 0.0000000000 125.7574768066 179.9817810059 -0.2322195172
480.8284606934 10.5497694016 0.0000000000 0.0000000000 125.7053985596 177.5339355469 -0.2320018113
480.7990722656 10.5532236099 0.0000000000 0.0000000000 125.6561279297 173.7886505127 -0.2319033146
480.7700805664 10.5567531586 0.0000000000 0.0000000000 125.6076049805 170.4167175293 -0.2317116857
480.7405395508 10.5603580475 0.0000000000 0.0000000000 125.5613784790 169.2091369629 -0.2316202968
480.7110595703 10.5640382767 0.0000000000 0.0000000000 125.5218658447 170.6424713135 -0.2314519882
480.6826477051 10.5677661896 0.0000000000 0.0000000000 125.4867935181 173.8908996582 -0.2313702255
480.6538696289 10.5715150833 0.0000000000 0.0000000000 125.4520492554 177.8077239990 -0.2312390953
480.6256713867 10.5752925873 0.0000000000 0.0000000000 125.4141311646 181.7870330811 -0.2310974151
480.5960388184 10.5790977478 0.0000000000 0.0000000000 125.3828582764 185.7728576660 -0.2309809178
480.5672607422 10.5829086304 0.0000000000 0.0000000000 125.3514404297 190.0414276123 -0.2308836579
480.5391540527 10.5867357254 0.0000000000 0.0000000000 125.3249969482 195.2537689209 -0.2308128774
480.5112609863 10.5905780792 0.0000000000 0.0000000000 125.2963333130 201.7028198242 -0.2307081074
480.4831237793 10.5944185257 0.0000000000 0.0000000000 125.2723083496 208.4438018799 -0.2306313217
480.4563293457 10.5982456207 0.0000000000 0.0000000000 125.2473297119 214.0232238770 -0.2305563092
480.4298400879 10.6020536423 0.0000000000 0.0000000000 125.2227859497 217.8901214600 -0.2305386364
