#         rmsthk      stdthk       rmsvel       stdvel       rmsdiv       stddiv       rmsusurf       stdusurf
-0.0000059650 0.0001889145 -18.3221931458 78.2332077026 0.0000000000 0.0000000000 0.0000000000 0.0000000000
-0.0188237038 0.4927464128 -20.6397895813 77.0984878540 0.0000000000 0.0000000000 0.0000000000 0.0000000000
-0.0282130595 0.9883970618 -21.3657684326 76.6919403076 0.0000000000 0.0000000000 0.0000000000 0.0000000000
-0.0320621766 1.4834421873 -21.7801399231 76.4238128662 0.0000000000 0.0000000000 0.0000000000 0.0000000000
-0.0317950323 1.9706742764 -21.9492855072 76.2715606689 0.0000000000 0.0000000000 0.0000000000 0.0000000000
-0.0293869525 2.4476273060 -21.8687095642 76.2045822144 0.0000000000 0.0000000000 0.0000000000 0.0000000000
-0.0252319258 2.9142260551 -21.5738830566 76.1982955933 0.0000000000 0.0000000000 0.0000000000 0.0000000000
-0.0193439778 3.3712747097 -21.2840099335 76.1931610107 0.0000000000 0.0000000000 0.0000000000 0.0000000000
-0.0121439891 3.8199884892 -20.9751358032 76.1869964600 0.0000000000 0.0000000000 0.0000000000 0.0000000000
-0.0039599249 4.2620863914 -20.6698627472 76.1720275879 0.0000000000 0.0000000000 0.0000000000 0.0000000000
0.0050515309 4.6987290382 -20.4019317627 76.1385421753 0.0000000000 0.0000000000 0.0000000000 0.0000000000
0.0147812655 5.1310548782 -20.1590766907 76.0922546387 0.0000000000 0.0000000000 0.0000000000 0.0000000000
0.0251849014 5.5596742630 -19.8937435150 76.0448379517 0.0000000000 0.0000000000 0.0000000000 0.0000000000
0.0361239351 5.9850387573 -19.5613994598 76.0042343140 0.0000000000 0.0000000000 0.0000000000 0.0000000000
0.0474256426 6.4076552391 -19.1569881439 75.9674682617 0.0000000000 0.0000000000 0.0000000000 0.0000000000
0.0588793084 6.8276724815 -18.6777286530 75.9323577881 0.0000000000 0.0000000000 0.0000000000 0.0000000000
0.0703302324 7.2450613976 -18.1123161316 75.9009399414 0.0000000000 0.0000000000 0.0000000000 0.0000000000
0.0814908892 7.6593642235 -17.4361133575 75.8770446777 0.0000000000 0.0000000000 0.0000000000 0.0000000000
0.0922116414 8.0700130463 -16.6108093262 75.8678436279 0.0000000000 0.0000000000 0.0000000000 0.0000000000
0.1024105623 8.4764680862 -15.5884284973 75.8810195923 0.0000000000 0.0000000000 0.0000000000 0.0000000000
0.1122612804 8.8783073425 -14.3561964035 75.9252853394 0.0000000000 0.0000000000 0.0000000000 0.0000000000
0.1219429970 9.2754869461 -12.9350919724 75.9958724976 0.0000000000 0.0000000000 0.0000000000 0.0000000000
0.1317687333 9.6679906845 -11.3399887085 76.0873260498 0.0000000000 0.0000000000 0.0000000000 0.0000000000
0.1420820355 10.0559158325 -9.6425933838 76.1895980835 0.0000000000 0.0000000000 0.0000000000 0.0000000000
0.1533086598 10.4394636154 -7.9259490967 76.2934265137 0.0000000000 0.0000000000 0.0000000000 0.0000000000
0.1658812463 10.8191051483 -6.2683100700 76.3904571533 0.0000000000 0.0000000000 0.0000000000 0.0000000000
0.1803308576 11.1952743530 -4.7497029305 76.4712295532 0.0000000000 0.0000000000 0.0000000000 0.0000000000
0.1971692890 11.5683660507 -3.4449572563 76.5288772583 0.0000000000 0.0000000000 0.0000000000 0.0000000000
0.2166021615 11.9388608932 -2.3899037838 76.5611419678 0.0000000000 0.0000000000 0.0000000000 0.0000000000
0.2387378514 12.3071336746 -1.6005228758 76.5674743652 0.0000000000 0.0000000000 0.0000000000 0.0000000000
0.2635918260 12.6732168198 -1.0783700943 76.5487899780 0.0000000000 0.0000000000 0.0000000000 0.0000000000
0.2909885943 13.0371246338 -0.8093610406 76.5078506470 0.0000000000 0.0000000000 0.0000000000 0.0000000000
0.3206508458 13.3988065720 -0.7701671124 76.4479827881 0.0000000000 0.0000000000 0.0000000000 0.0000000000
0.3522506058 13.7582101822 -0.9312180281 76.3722152710 0.0000000000 0.0000000000 0.0000000000 0.0000000000
0.3852746487 14.1151971817 -1.2369322777 76.2877883911 0.0000000000 0.0000000000 0.0000000000 0.0000000000
0.4191955328 14.4696893692 -1.6330238581 76.2016906738 0.0000000000 0.0000000000 0.0000000000 0.0000000000
0.4534552991 14.8216600418 -2.0669388771 76.1199493408 0.0000000000 0.0000000000 0.0000000000 0.0000000000
0.4876217544 15.1711025238 -2.4974257946 76.0465393066 0.0000000000 0.0000000000 0.0000000000 0.0000000000
0.5214182734 15.5180892944 -2.8903000355 75.9846801758 0.0000000000 0.0000000000 0.0000000000 0.0000000000
0.5544932485 15.8628158569 -3.2235279083 75.9351806641 0.0000000000 0.0000000000 0.0000000000 0.0000000000
0.5867063403 16.2053852081 -3.4867439270 75.8970794678 0.0000000000 0.0000000000 0.0000000000 0.0000000000
0.6179257631 16.5458946228 -3.6689052582 75.8700408936 0.0000000000 0.0000000000 0.0000000000 0.0000000000
0.6480571032 16.8844585419 -3.7642865181 75.8534011841 0.0000000000 0.0000000000 0.0000000000 0.0000000000
0.6771183610 17.2211208344 -3.7714128494 75.8460540771 0.0000000000 0.0000000000 0.0000000000 0.0000000000
0.7051758766 17.5558357239 -3.6926136017 75.8470611572 0.0000000000 0.0000000000 0.0000000000 0.0000000000
0.7323381901 17.8885707855 -3.5314676762 75.8554763794 0.0000000000 0.0000000000 0.0000000000 0.0000000000
0.7587135434 18.2192363739 -3.2920570374 75.8711395264 0.0000000000 0.0000000000 0.0000000000 0.0000000000
0.7844112515 18.5476398468 -2.9800708294 75.8936157227 0.0000000000 0.0000000000 0.0000000000 0.0000000000
0.8095864654 18.8734912872 -2.6071031094 75.9226760864 0.0000000000 0.0000000000 0.0000000000 0.0000000000
0.8344025016 19.1964454651 -2.1877715588 75.9576263428 0.0000000000 0.0000000000 0.0000000000 0.0000000000
0.8590527177 19.5161056519 -1.7430239916 75.9961624146 0.0000000000 0.0000000000 0.0000000000 0.0000000000
0.8837680221 19.8319454193 -1.3022699356 76.0340042114 0.0000000000 0.0000000000 0.0000000000 0.0000000000
0.9087563157 20.1435413361 -0.9009618163 76.0662841797 0.0000000000 0.0000000000 0.0000000000 0.0000000000
0.9341491461 20.4505920410 -0.5720862150 76.0882568359 0.0000000000 0.0000000000 0.0000000000 0.0000000000
0.9600450397 20.7528800964 -0.3454222381 76.0951461792 0.0000000000 0.0000000000 0.0000000000 0.0000000000
0.9864488840 21.0504322052 -0.2336759716 76.0850372314 0.0000000000 0.0000000000 0.0000000000 0.0000000000
1.0132836103 21.3434848785 -0.2331907749 76.0585403442 0.0000000000 0.0000000000 0.0000000000 0.0000000000
1.0404949188 21.6322441101 -0.3228972256 76.0189285278 0.0000000000 0.0000000000 0.0000000000 0.0000000000
1.0679361820 21.9170970917 -0.4698066711 75.9703674316 0.0000000000 0.0000000000 0.0000000000 0.0000000000
1.0953994989 22.1984825134 -0.6346498728 75.9175262451 0.0000000000 0.0000000000 0.0000000000 0.0000000000
1.1227313280 22.4767074585 -0.7774255872 75.8647308350 0.0000000000 0.0000000000 0.0000000000 0.0000000000
1.1497496367 22.7521228790 -0.8631224036 75.8147735596 0.0000000000 0.0000000000 0.0000000000 0.0000000000
1.1763241291 23.0249824524 -0.8674339652 75.7693557739 0.0000000000 0.0000000000 0.0000000000 0.0000000000
1.2024358511 23.2953968048 -0.7783939242 75.7285308838 0.0000000000 0.0000000000 0.0000000000 0.0000000000
1.2279909849 23.5635643005 -0.5967466235 75.6929092407 0.0000000000 0.0000000000 0.0000000000 0.0000000000
1.2529684305 23.8296127319 -0.3367927372 75.6619644165 0.0000000000 0.0000000000 0.0000000000 0.0000000000
1.2774022818 24.0935630798 -0.0213495251 75.6363830566 0.0000000000 0.0000000000 0.0000000000 0.0000000000
1.3013355732 24.3553676605 0.3090030849 75.6151962280 0.0000000000 0.0000000000 0.0000000000 0.0000000000
1.3247678280 24.6150932312 0.5969974995 75.5933685303 0.0000000000 0.0000000000 0.0000000000 0.0000000000
1.3476905823 24.8728046417 0.7785359025 75.5631179810 0.0000000000 0.0000000000 0.0000000000 0.0000000000
1.3700979948 25.1284923553 0.8062831759 75.5136947632 0.0000000000 0.0000000000 0.0000000000 0.0000000000
1.3918718100 25.3822517395 0.6614644527 75.4384765625 0.0000000000 0.0000000000 0.0000000000 0.0000000000
1.4128723145 25.6341075897 0.3798009455 75.3414688110 0.0000000000 0.0000000000 0.0000000000 0.0000000000
1.4329222441 25.8840618134 0.0428550728 75.2353057861 0.0000000000 0.0000000000 0.0000000000 0.0000000000
1.4518402815 26.1321334839 -0.2596541941 75.1344909668 0.0000000000 0.0000000000 0.0000000000 0.0000000000
1.4694561958 26.3783988953 -0.4531958401 75.0492248535 0.0000000000 0.0000000000 0.0000000000 0.0000000000
1.4856852293 26.6228504181 -0.4986142516 74.9854278564 0.0000000000 0.0000000000 0.0000000000 0.0000000000
1.5005226135 26.8654727936 -0.3926831484 74.9446640015 0.0000000000 0.0000000000 0.0000000000 0.0000000000
1.5140265226 27.1063499451 -0.1684343070 74.9251708984 0.0000000000 0.0000000000 0.0000000000 0.0000000000
1.5262213945 27.3456172943 0.0962607339 74.9156265259 0.0000000000 0.0000000000 0.0000000000 0.0000000000
1.5371994972 27.5833644867 0.2963300347 74.8950195312 0.0000000000 0.0000000000 0.0000000000 0.0000000000
1.5469901562 27.8197441101 0.3528333306 74.8445053101 0.0000000000 0.0000000000 0.0000000000 0.0000000000
1.5556558371 28.0548744202 0.2853457928 74.7674865723 0.0000000000 0.0000000000 0.0000000000 0.0000000000
1.5633363724 28.2888717651 0.1923910379 74.6869583130 0.0000000000 0.0000000000 0.0000000000 0.0000000000
1.5700306892 28.5218544006 0.1844086647 74.6237106323 0.0000000000 0.0000000000 0.0000000000 0.0000000000
1.5757926702 28.7538337708 0.3220795393 74.5882034302 0.0000000000 0.0000000000 0.0000000000 0.0000000000
1.5807379484 28.9848251343 0.5900006294 74.5782241821 0.0000000000 0.0000000000 0.0000000000 0.0000000000
1.5848981142 29.2148227692 0.9141644835 74.5831069946 0.0000000000 0.0000000000 0.0000000000 0.0000000000
1.5884097815 29.4438610077 1.1768617630 74.5832977295 0.0000000000 0.0000000000 0.0000000000 0.0000000000
1.5914607048 29.6720142365 1.2890501022 74.5598678589 0.0000000000 0.0000000000 0.0000000000 0.0000000000
1.5942350626 29.8992996216 1.2538329363 74.5128707886 0.0000000000 0.0000000000 0.0000000000 0.0000000000
1.5968149900 30.1258029938 1.1574099064 74.4587326050 0.0000000000 0.0000000000 0.0000000000 0.0000000000
1.5992302895 30.3514041901 1.1036844254 74.4164428711 0.0000000000 0.0000000000 0.0000000000 0.0000000000
1.6014578342 30.5759754181 1.1586685181 74.3971252441 0.0000000000 0.0000000000 0.0000000000 0.0000000000
1.6035302877 30.7994956970 1.3147369623 74.4000244141 0.0000000000 0.0000000000 0.0000000000 0.0000000000
1.6054453850 31.0220870972 1.4885970354 74.4115371704 0.0000000000 0.0000000000 0.0000000000 0.0000000000
1.6071561575 31.2438621521 1.5691362619 74.4069213867 0.0000000000 0.0000000000 0.0000000000 0.0000000000
1.6086813211 31.4648113251 1.5159462690 74.3730010986 0.0000000000 0.0000000000 0.0000000000 0.0000000000
1.6101062298 31.6850070953 1.3922284842 74.3222656250 0.0000000000 0.0000000000 0.0000000000 0.0000000000
1.6113702059 31.9044075012 1.3221764565 74.2818832397 0.0000000000 0.0000000000 0.0000000000 0.0000000000
1.6123696566 32.1230201721 1.3831230402 74.2694168091 0.0000000000 0.0000000000 0.0000000000 0.0000000000
1.6130423546 32.3408813477 1.5688425303 74.2845687866 0.0000000000 0.0000000000 0.0000000000 0.0000000000
1.6133661270 32.5579986572 1.7904827595 74.3096389771 0.0000000000 0.0000000000 0.0000000000 0.0000000000
1.6133292913 32.7743263245 1.9285398722 74.3157196045 0.0000000000 0.0000000000 0.0000000000 0.0000000000
1.6128679514 32.9898414612 1.9773209095 74.3022994995 0.0000000000 0.0000000000 0.0000000000 0.0000000000
1.6119484901 33.2045555115 2.0033528805 74.2877883911 0.0000000000 0.0000000000 0.0000000000 0.0000000000
1.6106016636 33.4184379578 2.1031615734 74.2988052368 0.0000000000 0.0000000000 0.0000000000 0.0000000000
1.6088547707 33.6314964294 2.3011505604 74.3448562622 0.0000000000 0.0000000000 0.0000000000 0.0000000000
1.6067057848 33.8437538147 2.5465762615 74.4164352417 0.0000000000 0.0000000000 0.0000000000 0.0000000000
1.6041846275 34.0551109314 2.7223782539 74.4811859131 0.0000000000 0.0000000000 0.0000000000 0.0000000000
1.6013034582 34.2655601501 2.7574605942 74.5164184570 0.0000000000 0.0000000000 0.0000000000 0.0000000000
1.5980511904 34.4750366211 2.6863818169 74.5262985229 0.0000000000 0.0000000000 0.0000000000 0.0000000000
1.5944275856 34.6834907532 2.6238484383 74.5380020142 0.0000000000 0.0000000000 0.0000000000 0.0000000000
1.5904467106 34.8909454346 2.6528124809 74.5739212036 0.0000000000 0.0000000000 0.0000000000 0.0000000000
1.5860564709 35.0974731445 2.7869465351 74.6406173706 0.0000000000 0.0000000000 0.0000000000 0.0000000000
1.5812734365 35.3031349182 2.9573581219 74.7181396484 0.0000000000 0.0000000000 0.0000000000 0.0000000000
1.5760387182 35.5079765320 3.0589358807 74.7769012451 0.0000000000 0.0000000000 0.0000000000 0.0000000000
1.5701369047 35.7120094299 3.0778608322 74.8100357056 0.0000000000 0.0000000000 0.0000000000 0.0000000000
1.5634530783 35.9153022766 3.0945811272 74.8400878906 0.0000000000 0.0000000000 0.0000000000 0.0000000000
1.5559237003 36.1179962158 3.2070004940 74.8967437744 0.0000000000 0.0000000000 0.0000000000 0.0000000000
1.5476474762 36.3201293945 3.4185097218 74.9810180664 0.0000000000 0.0000000000 0.0000000000 0.0000000000
1.5387556553 36.5216751099 3.5997505188 75.0538864136 0.0000000000 0.0000000000 0.0000000000 0.0000000000
1.5293557644 36.7226524353 3.6347959042 75.0810394287 0.0000000000 0.0000000000 0.0000000000 0.0000000000
1.5194461346 36.9230422974 3.5696086884 75.0768966675 0.0000000000 0.0000000000 0.0000000000 0.0000000000
1.5089899302 37.1227874756 3.5573418140 75.0881042480 0.0000000000 0.0000000000 0.0000000000 0.0000000000
1.4979113340 37.3220062256 3.6572511196 75.1325988770 0.0000000000 0.0000000000 0.0000000000 0.0000000000
1.4861016273 37.5208168030 3.7797486782 75.1833496094 0.0000000000 0.0000000000 0.0000000000 0.0000000000
1.4734231234 37.7193565369 3.8125059605 75.2055664062 0.0000000000 0.0000000000 0.0000000000 0.0000000000
1.4598019123 37.9177207947 3.7747678757 75.2054595947 0.0000000000 0.0000000000 0.0000000000 0.0000000000
1.4451636076 38.1160163879 3.7914712429 75.2231979370 0.0000000000 0.0000000000 0.0000000000 0.0000000000
1.4295606613 38.3142585754 3.8950734138 75.2699737549 0.0000000000 0.0000000000 0.0000000000 0.0000000000
1.4130629301 38.5124969482 3.9960172176 75.3190917969 0.0000000000 0.0000000000 0.0000000000 0.0000000000
1.3957700729 38.7107276917 4.0220637321 75.3454818726 0.0000000000 0.0000000000 0.0000000000 0.0000000000
1.3778256178 38.9090538025 4.0257797241 75.3676681519 0.0000000000 0.0000000000 0.0000000000 0.0000000000
1.3593975306 39.1074600220 4.1052150726 75.4151458740 0.0000000000 0.0000000000 0.0000000000 0.0000000000
1.3406951427 39.3059692383 4.2650232315 75.4890518188 0.0000000000 0.0000000000 0.0000000000 0.0000000000
1.3218929768 39.5046577454 4.3852758408 75.5468521118 0.0000000000 0.0000000000 0.0000000000 0.0000000000
1.3032100201 39.7035446167 4.4030246735 75.5681381226 0.0000000000 0.0000000000 0.0000000000 0.0000000000
1.2847955227 39.9026184082 4.4252676964 75.5884246826 0.0000000000 0.0000000000 0.0000000000 0.0000000000
1.2667715549 40.1018218994 4.5416154861 75.6375274658 0.0000000000 0.0000000000 0.0000000000 0.0000000000
1.2492334843 40.3010940552 4.6758880615 75.6948165894 0.0000000000 0.0000000000 0.0000000000 0.0000000000
1.2323328257 40.5003509521 4.7055940628 75.7200622559 0.0000000000 0.0000000000 0.0000000000 0.0000000000
1.2161558867 40.6994285583 4.6983084679 75.7354583740 0.0000000000 0.0000000000 0.0000000000 0.0000000000
1.2007693052 40.8982887268 4.7563004494 75.7717361450 0.0000000000 0.0000000000 0.0000000000 0.0000000000
1.1862336397 41.0968322754 4.8658075333 75.8243026733 0.0000000000 0.0000000000 0.0000000000 0.0000000000
1.1724640131 41.2950553894 4.8919472694 75.8489990234 0.0000000000 0.0000000000 0.0000000000 0.0000000000
1.1594645977 41.4928169250 4.8634781837 75.8547058105 0.0000000000 0.0000000000 0.0000000000 0.0000000000
1.1472699642 41.6899528503 4.9022250175 75.8822250366 0.0000000000 0.0000000000 0.0000000000 0.0000000000
1.1359634399 41.8865280151 4.9897818565 75.9234848022 0.0000000000 0.0000000000 0.0000000000 0.0000000000
1.1255502701 42.0825309753 5.0202369690 75.9447021484 0.0000000000 0.0000000000 0.0000000000 0.0000000000
1.1159621477 42.2779006958 4.9977412224 75.9475402832 0.0000000000 0.0000000000 0.0000000000 0.0000000000
1.1071884632 42.4725189209 5.0229959488 75.9644088745 0.0000000000 0.0000000000 0.0000000000 0.0000000000
1.0991996527 42.6662902832 5.0891466141 75.9919586182 0.0000000000 0.0000000000 0.0000000000 0.0000000000
1.0918407440 42.8592834473 5.1288585663 76.0072937012 0.0000000000 0.0000000000 0.0000000000 0.0000000000
1.0849307775 43.0515365601 5.1291756630 76.0078811646 0.0000000000 0.0000000000 0.0000000000 0.0000000000
1.0783289671 43.2429733276 5.1617431641 76.0159378052 0.0000000000 0.0000000000 0.0000000000 0.0000000000
1.0719484091 43.4335212708 5.2565774918 76.0419464111 0.0000000000 0.0000000000 0.0000000000 0.0000000000
1.0657334328 43.6231575012 5.3032097816 76.0518264771 0.0000000000 0.0000000000 0.0000000000 0.0000000000
1.0595782995 43.8118667603 5.2924704552 76.0450134277 0.0000000000 0.0000000000 0.0000000000 0.0000000000
1.0533154011 43.9995803833 5.3276605606 76.0556411743 0.0000000000 0.0000000000 0.0000000000 0.0000000000
1.0468362570 44.1862487793 5.4407725334 76.0916900635 0.0000000000 0.0000000000 0.0000000000 0.0000000000
1.0399801731 44.3719482422 5.4764523506 76.1020202637 0.0000000000 0.0000000000 0.0000000000 0.0000000000
1.0326905251 44.5566520691 5.4241781235 76.0838775635 0.0000000000 0.0000000000 0.0000000000 0.0000000000
1.0247485638 44.7403335571 5.4517741203 76.0932235718 0.0000000000 0.0000000000 0.0000000000 0.0000000000
1.0160074234 44.9230041504 5.5396523476 76.1233444214 0.0000000000 0.0000000000 0.0000000000 0.0000000000
1.0063936710 45.1047019958 5.5499720573 76.1295623779 0.0000000000 0.0000000000 0.0000000000 0.0000000000
0.9958685637 45.2854042053 5.5238413811 76.1250915527 0.0000000000 0.0000000000 0.0000000000 0.0000000000
0.9844910502 45.4651641846 5.5601696968 76.1406173706 0.0000000000 0.0000000000 0.0000000000 0.0000000000
0.9723324180 45.6440010071 5.6302075386 76.1673126221 0.0000000000 0.0000000000 0.0000000000 0.0000000000
0.9595875740 45.8219528198 5.6221389771 76.1702041626 0.0000000000 0.0000000000 0.0000000000 0.0000000000
0.9463857412 45.9990806580 5.6082487106 76.1735763550 0.0000000000 0.0000000000 0.0000000000 0.0000000000
0.9328128695 46.1754188538 5.6821908951 76.2060089111 0.0000000000 0.0000000000 0.0000000000 0.0000000000
0.9190391898 46.3510284424 5.7420034409 76.2355194092 0.0000000000 0.0000000000 0.0000000000 0.0000000000
0.9051917791 46.5259246826 5.7395148277 76.2437820435 0.0000000000 0.0000000000 0.0000000000 0.0000000000
0.8913064599 46.7000503540 5.7757306099 76.2637557983 0.0000000000 0.0000000000 0.0000000000 0.0000000000
0.8774375319 46.8733444214 5.8370642662 76.2911071777 0.0000000000 0.0000000000 0.0000000000 0.0000000000
0.8636165857 47.0457878113 5.8778038025 76.3142623901 0.0000000000 0.0000000000 0.0000000000 0.0000000000
0.8496825099 47.2173919678 5.9054789543 76.3348464966 0.0000000000 0.0000000000 0.0000000000 0.0000000000
0.8355594277 47.3881874084 5.9535651207 76.3622131348 0.0000000000 0.0000000000 0.0000000000 0.0000000000
0.8211360574 47.5581665039 5.9885597229 76.3861770630 0.0000000000 0.0000000000 0.0000000000 0.0000000000
0.8063389063 47.7273559570 5.9675116539 76.3948974609 0.0000000000 0.0000000000 0.0000000000 0.0000000000
0.7911206484 47.8957061768 5.9891142845 76.4198684692 0.0000000000 0.0000000000 0.0000000000 0.0000000000
0.7754417658 48.0632896423 6.0267724991 76.4525909424 0.0000000000 0.0000000000 0.0000000000 0.0000000000
0.7592195272 48.2301330566 6.0179886818 76.4709625244 0.0000000000 0.0000000000 0.0000000000 0.0000000000
0.7424963117 48.3961868286 6.0026936531 76.4864959717 0.0000000000 0.0000000000 0.0000000000 0.0000000000
0.7251217961 48.5614051819 6.0175409317 76.5106201172 0.0000000000 0.0000000000 0.0000000000 0.0000000000
0.7070717812 48.7257041931 6.0368165970 76.5364151001 0.0000000000 0.0000000000 0.0000000000 0.0000000000
0.6882477999 48.8891487122 6.0087780952 76.5464935303 0.0000000000 0.0000000000 0.0000000000 0.0000000000
0.6685665250 49.0517654419 6.0460758209 76.5738983154 0.0000000000 0.0000000000 0.0000000000 0.0000000000
0.6480411291 49.2135238647 6.0652470589 76.5937805176 0.0000000000 0.0000000000 0.0000000000 0.0000000000
0.6266566515 49.3744354248 6.0696849823 76.6083068848 0.0000000000 0.0000000000 0.0000000000 0.0000000000
0.6044004560 49.5345382690 6.0858535767 76.6270980835 0.0000000000 0.0000000000 0.0000000000 0.0000000000
0.5812585354 49.6938056946 6.1314306259 76.6541671753 0.0000000000 0.0000000000 0.0000000000 0.0000000000
0.5572195053 49.8522758484 6.1618652344 76.6764678955 0.0000000000 0.0000000000 0.0000000000 0.0000000000
0.5323771834 50.0099105835 6.1404256821 76.6832427979 0.0000000000 0.0000000000 0.0000000000 0.0000000000
0.5066856146 50.1668395996 6.1990475655 76.7166976929 0.0000000000 0.0000000000 0.0000000000 0.0000000000
0.4802263379 50.3230743408 6.2337141037 76.7433929443 0.0000000000 0.0000000000 0.0000000000 0.0000000000
0.4529838264 50.4786453247 6.2256965637 76.7600631714 0.0000000000 0.0000000000 0.0000000000 0.0000000000
0.4250324667 50.6335029602 6.2589859962 76.7883911133 0.0000000000 0.0000000000 0.0000000000 0.0000000000
0.3963811398 50.7876281738 6.2837433815 76.8142242432 0.0000000000 0.0000000000 0.0000000000 0.0000000000
0.3670649529 50.9409828186 6.2858905792 76.8344573975 0.0000000000 0.0000000000 0.0000000000 0.0000000000
0.3371667862 51.0934906006 6.2754020691 76.8533477783 0.0000000000 0.0000000000 0.0000000000 0.0000000000
0.3066475987 51.2452278137 6.3388185501 76.8936233521 0.0000000000 0.0000000000 0.0000000000 0.0000000000
0.2754975259 51.3961906433 6.2963624001 76.9035415649 0.0000000000 0.0000000000 0.0000000000 0.0000000000
0.2437417060 51.5462722778 6.3062028885 76.9287796021 0.0000000000 0.0000000000 0.0000000000 0.0000000000
0.2112772763 51.6955223083 6.3391261101 76.9612655640 0.0000000000 0.0000000000 0.0000000000 0.0000000000
0.1780741066 51.8439331055 6.3314280510 76.9834060669 0.0000000000 0.0000000000 0.0000000000 0.0000000000
0.1440889984 51.9915809631 6.3558635712 77.0135116577 0.0000000000 0.0000000000 0.0000000000 0.0000000000
0.1093116775 52.1384315491 6.3778100014 77.0419845581 0.0000000000 0.0000000000 0.0000000000 0.0000000000
0.0738420710 52.2844505310 6.3507552147 77.0557556152 0.0000000000 0.0000000000 0.0000000000 0.0000000000
0.0377219506 52.4295883179 6.3981571198 77.0924224854 0.0000000000 0.0000000000 0.0000000000 0.0000000000
0.0009274178 52.5738410950 6.4231095314 77.1225814819 0.0000000000 0.0000000000 0.0000000000 0.0000000000
-0.0364720896 52.7172622681 6.4047327042 77.1401138306 0.0000000000 0.0000000000 0.0000000000 0.0000000000
-0.0744725615 52.8598632812 6.4107666016 77.1635971069 0.0000000000 0.0000000000 0.0000000000 0.0000000000
-0.1129163131 53.0015907288 6.4699316025 77.2038345337 0.0000000000 0.0000000000 0.0000000000 0.0000000000
-0.1517701000 53.1424217224 6.4636416435 77.2254104614 0.0000000000 0.0000000000 0.0000000000 0.0000000000
-0.1909848005 53.2823791504 6.4821658134 77.2536773682 0.0000000000 0.0000000000 0.0000000000 0.0000000000
-0.2305182964 53.4215774536 6.5144562721 77.2841949463 0.0000000000 0.0000000000 0.0000000000 0.0000000000
-0.2702745795 53.5600090027 6.5267806053 77.3102264404 0.0000000000 0.0000000000 0.0000000000 0.0000000000
-0.3101952970 53.6975631714 6.5268101692 77.3328475952 0.0000000000 0.0000000000 0.0000000000 0.0000000000
-0.3501829505 53.8343353271 6.6083517075 77.3775482178 0.0000000000 0.0000000000 0.0000000000 0.0000000000
-0.3901164830 53.9703903198 6.6048045158 77.3968734741 0.0000000000 0.0000000000 0.0000000000 0.0000000000
-0.4299528301 54.1057281494 6.5960636139 77.4154052734 0.0000000000 0.0000000000 0.0000000000 0.0000000000
-0.4696522057 54.2403564453 6.6793913841 77.4576721191 0.0000000000 0.0000000000 0.0000000000 0.0000000000
-0.5092103481 54.3742065430 6.6849427223 77.4783096313 0.0000000000 0.0000000000 0.0000000000 0.0000000000
-0.5486184359 54.5073242188 6.6702542305 77.4911422729 0.0000000000 0.0000000000 0.0000000000 0.0000000000
-0.5878930092 54.6397056580 6.7409095764 77.5263137817 0.0000000000 0.0000000000 0.0000000000 0.0000000000
-0.6270424128 54.7713279724 6.7341666222 77.5385513306 0.0000000000 0.0000000000 0.0000000000 0.0000000000
-0.6660776138 54.9020805359 6.7257633209 77.5510864258 0.0000000000 0.0000000000 0.0000000000 0.0000000000
-0.7049629688 55.0319404602 6.7648510933 77.5774536133 0.0000000000 0.0000000000 0.0000000000 0.0000000000
-0.7437670231 55.1609840393 6.7705621719 77.5965347290 0.0000000000 0.0000000000 0.0000000000 0.0000000000
-0.7825419307 55.2891387939 6.7563786507 77.6086578369 0.0000000000 0.0000000000 0.0000000000 0.0000000000
-0.8213583231 55.4163780212 6.7856311798 77.6329574585 0.0000000000 0.0000000000 0.0000000000 0.0000000000
-0.8602792025 55.5426521301 6.7758202553 77.6471405029 0.0000000000 0.0000000000 0.0000000000 0.0000000000
-0.8993247151 55.6679687500 6.8002467155 77.6723632812 0.0000000000 0.0000000000 0.0000000000 0.0000000000
-0.9384318590 55.7923583984 6.8291668892 77.6978073120 0.0000000000 0.0000000000 0.0000000000 0.0000000000
-0.9776147604 55.9158248901 6.8217439651 77.7147064209 0.0000000000 0.0000000000 0.0000000000 0.0000000000
-1.0169206858 56.0383758545 6.8382449150 77.7375106812 0.0000000000 0.0000000000 0.0000000000 0.0000000000
-1.0563945770 56.1601028442 6.8967871666 77.7731246948 0.0000000000 0.0000000000 0.0000000000 0.0000000000
-1.0960533619 56.2809295654 6.8729300499 77.7879867554 0.0000000000 0.0000000000 0.0000000000 0.0000000000
-1.1359862089 56.4009170532 6.9130086899 77.8197860718 0.0000000000 0.0000000000 0.0000000000 0.0000000000
-1.1762533188 56.5200653076 6.9134674072 77.8405151367 0.0000000000 0.0000000000 0.0000000000 0.0000000000
-1.2169468403 56.6383895874 6.8892912865 77.8573074341 0.0000000000 0.0000000000 0.0000000000 0.0000000000
-1.2581466436 56.7558708191 6.9356431961 77.8928298950 0.0000000000 0.0000000000 0.0000000000 0.0000000000
-1.2999603748 56.8726310730 6.9284281731 77.9134674072 0.0000000000 0.0000000000 0.0000000000 0.0000000000
-1.3424893618 56.9887275696 6.8714680672 77.9191360474 0.0000000000 0.0000000000 0.0000000000 0.0000000000
-1.3857892752 57.1042098999 6.9189305305 77.9531097412 0.0000000000 0.0000000000 0.0000000000 0.0000000000
-1.4298385382 57.2190666199 6.9203405380 77.9738006592 0.0000000000 0.0000000000 0.0000000000 0.0000000000
-1.4745901823 57.3333587646 6.8934273720 77.9841384888 0.0000000000 0.0000000000 0.0000000000 0.0000000000
-1.5200068951 57.4470901489 6.9134273529 78.0063171387 0.0000000000 0.0000000000 0.0000000000 0.0000000000
-1.5660188198 57.5602226257 6.9070024490 78.0238265991 0.0000000000 0.0000000000 0.0000000000 0.0000000000
-1.6125016212 57.6727218628 6.9118723869 78.0455474854 0.0000000000 0.0000000000 0.0000000000 0.0000000000
-1.6594285965 57.7847023010 6.9657382965 78.0794601440 0.0000000000 0.0000000000 0.0000000000 0.0000000000
-1.7067126036 57.8961753845 6.9101071358 78.0839385986 0.0000000000 0.0000000000 0.0000000000 0.0000000000
-1.7542879581 58.0071487427 6.9072856903 78.1053161621 0.0000000000 0.0000000000 0.0000000000 0.0000000000
-1.8021658659 58.1176033020 6.9475731850 78.1389007568 0.0000000000 0.0000000000 0.0000000000 0.0000000000
-1.8503198624 58.2274894714 6.9335441589 78.1590728760 0.0000000000 0.0000000000 0.0000000000 0.0000000000
-1.8986790180 58.3368988037 6.9087395668 78.1747665405 0.0000000000 0.0000000000 0.0000000000 0.0000000000
-1.9472208023 58.4458312988 6.9338655472 78.2034912109 0.0000000000 0.0000000000 0.0000000000 0.0000000000
-1.9959348440 58.5543441772 6.8924098015 78.2154083252 0.0000000000 0.0000000000 0.0000000000 0.0000000000
-2.0447432995 58.6624603271 6.9208850861 78.2447128296 0.0000000000 0.0000000000 0.0000000000 0.0000000000
-2.0936045647 58.7702026367 6.9084777832 78.2618331909 0.0000000000 0.0000000000 0.0000000000 0.0000000000
-2.1425108910 58.8775520325 6.8860473633 78.2751083374 0.0000000000 0.0000000000 0.0000000000 0.0000000000
-2.1913952827 58.9845008850 6.9037561417 78.2986526489 0.0000000000 0.0000000000 0.0000000000 0.0000000000
-2.2401731014 59.0910224915 6.8997778893 78.3143463135 0.0000000000 0.0000000000 0.0000000000 0.0000000000
-2.2888784409 59.1971549988 6.8614087105 78.3164749146 0.0000000000 0.0000000000 0.0000000000 0.0000000000
-2.3375020027 59.3029136658 6.8625245094 78.3293762207 0.0000000000 0.0000000000 0.0000000000 0.0000000000
-2.3859708309 59.4082374573 6.8457584381 78.3364486694 0.0000000000 0.0000000000 0.0000000000 0.0000000000
-2.4342668056 59.5132369995 6.8484120369 78.3463363647 0.0000000000 0.0000000000 0.0000000000 0.0000000000
-2.4823050499 59.6178131104 6.7847695351 78.3369216919 0.0000000000 0.0000000000 0.0000000000 0.0000000000
-2.5300335884 59.7218818665 6.8152980804 78.3523788452 0.0000000000 0.0000000000 0.0000000000 0.0000000000
-2.5774219036 59.8254699707 6.7834663391 78.3514709473 0.0000000000 0.0000000000 0.0000000000 0.0000000000
-2.6243646145 59.9285583496 6.7573823929 78.3509368896 0.0000000000 0.0000000000 0.0000000000 0.0000000000
-2.6707854271 60.0311355591 6.7802505493 78.3649215698 0.0000000000 0.0000000000 0.0000000000 0.0000000000
-2.7166936398 60.1332054138 6.7302289009 78.3593444824 0.0000000000 0.0000000000 0.0000000000 0.0000000000
-2.7620561123 60.2348098755 6.7642078400 78.3756256104 0.0000000000 0.0000000000 0.0000000000 0.0000000000
-2.8067915440 60.3358840942 6.7002477646 78.3665771484 0.0000000000 0.0000000000 0.0000000000 0.0000000000
-2.8509814739 60.4365348816 6.7347149849 78.3849029541 0.0000000000 0.0000000000 0.0000000000 0.0000000000
-2.8946416378 60.5367927551 6.7123608589 78.3867950439 0.0000000000 0.0000000000 0.0000000000 0.0000000000
-2.9378151894 60.6366271973 6.6649146080 78.3834533691 0.0000000000 0.0000000000 0.0000000000 0.0000000000
-2.9805474281 60.7360801697 6.6921019554 78.3992080688 0.0000000000 0.0000000000 0.0000000000 0.0000000000
-3.0228943825 60.8352508545 6.6462092400 78.3962097168 0.0000000000 0.0000000000 0.0000000000 0.0000000000
-3.0648305416 60.9340591431 6.6352901459 78.4015884399 0.0000000000 0.0000000000 0.0000000000 0.0000000000
-3.1064083576 61.0326385498 6.6370792389 78.4093704224 0.0000000000 0.0000000000 0.0000000000 0.0000000000
-3.1476786137 61.1309661865 6.6128263474 78.4107589722 0.0000000000 0.0000000000 0.0000000000 0.0000000000
-3.1886799335 61.2289772034 6.6245160103 78.4185333252 0.0000000000 0.0000000000 0.0000000000 0.0000000000
-3.2293665409 61.3267173767 6.5879878998 78.4145431519 0.0000000000 0.0000000000 0.0000000000 0.0000000000
-3.2697649002 61.4242401123 6.5886507034 78.4185256958 0.0000000000 0.0000000000 0.0000000000 0.0000000000
-3.3097941875 61.5215187073 6.6277523041 78.4324340820 0.0000000000 0.0000000000 0.0000000000 0.0000000000
-3.3494694233 61.6184616089 6.5509214401 78.4154129028 0.0000000000 0.0000000000 0.0000000000 0.0000000000
-3.3888001442 61.7150039673 6.6152715683 78.4359436035 0.0000000000 0.0000000000 0.0000000000 0.0000000000
-3.4277727604 61.8111610413 6.5831675529 78.4320144653 0.0000000000 0.0000000000 0.0000000000 0.0000000000
-3.4663403034 61.9069442749 6.5636758804 78.4319152832 0.0000000000 0.0000000000 0.0000000000 0.0000000000
-3.5045132637 62.0024261475 6.5987424850 78.4477767944 0.0000000000 0.0000000000 0.0000000000 0.0000000000
-3.5424296856 62.0976219177 6.5616650581 78.4451522827 0.0000000000 0.0000000000 0.0000000000 0.0000000000
-3.5801043510 62.1924819946 6.5641632080 78.4519348145 0.0000000000 0.0000000000 0.0000000000 0.0000000000
-3.6175806522 62.2869644165 6.5593819618 78.4570770264 0.0000000000 0.0000000000 0.0000000000 0.0000000000
-3.6548879147 62.3810653687 6.5479946136 78.4613342285 0.0000000000 0.0000000000 0.0000000000 0.0000000000
-3.6920759678 62.4748115540 6.5530524254 78.4671630859 0.0000000000 0.0000000000 0.0000000000 0.0000000000
-3.7291510105 62.5681877136 6.5409960747 78.4703369141 0.0000000000 0.0000000000 0.0000000000 0.0000000000
-3.7661478519 62.6611900330 6.5017280579 78.4663162231 0.0000000000 0.0000000000 0.0000000000 0.0000000000
-3.8030903339 62.7537879944 6.5870585442 78.4922485352 0.0000000000 0.0000000000 0.0000000000 0.0000000000
-3.8399844170 62.8460350037 6.4290881157 78.4558258057 0.0000000000 0.0000000000 0.0000000000 0.0000000000
-3.8768119812 62.9378509521 6.6153807640 78.5045547485 0.0000000000 0.0000000000 0.0000000000 0.0000000000
-3.9136872292 63.0293083191 6.3878688812 78.4500122070 0.0000000000 0.0000000000 0.0000000000 0.0000000000
-3.9505784512 63.1203384399 6.6039299965 78.5024795532 0.0000000000 0.0000000000 0.0000000000 0.0000000000
-3.9875874519 63.2110443115 6.3607106209 78.4432449341 0.0000000000 0.0000000000 0.0000000000 0.0000000000
-4.0246424675 63.3013534546 6.5468821526 78.4890518188 0.0000000000 0.0000000000 0.0000000000 0.0000000000
-4.0617938042 63.3913192749 6.3994336128 78.4547119141 0.0000000000 0.0000000000 0.0000000000 0.0000000000
-4.0989890099 63.4809646606 6.4422173500 78.4647293091 0.0000000000 0.0000000000 0.0000000000 0.0000000000
-4.1362380981 63.5703048706 6.4409408569 78.4672012329 0.0000000000 0.0000000000 0.0000000000 0.0000000000
-4.1735305786 63.6593475342 6.3628702164 78.4500350952 0.0000000000 0.0000000000 0.0000000000 0.0000000000
-4.2108483315 63.7481193542 6.5083980560 78.4871139526 0.0000000000 0.0000000000 0.0000000000 0.0000000000
-4.2482442856 63.8366317749 6.2475152016 78.4239883423 0.0000000000 0.0000000000 0.0000000000 0.0000000000
-4.2856721878 63.9248161316 6.5669012070 78.5032958984 0.0000000000 0.0000000000 0.0000000000 0.0000000000
-4.3231773376 64.0127182007 6.2064590454 78.4128036499 0.0000000000 0.0000000000 0.0000000000 0.0000000000
-4.3607234955 64.1002655029 6.5446352959 78.4923782349 0.0000000000 0.0000000000 0.0000000000 0.0000000000
-4.3983449936 64.1875762939 6.2063193321 78.4055938721 0.0000000000 0.0000000000 0.0000000000 0.0000000000
-4.4360113144 64.2745971680 6.4997706413 78.4725799561 0.0000000000 0.0000000000 0.0000000000 0.0000000000
-4.4738216400 64.3614273071 6.2400050163 78.4024047852 0.0000000000 0.0000000000 0.0000000000 0.0000000000
-4.5116181374 64.4479751587 6.3856921196 78.4321365356 0.0000000000 0.0000000000 0.0000000000 0.0000000000
-4.5494103432 64.5342941284 6.2992639542 78.4078826904 0.0000000000 0.0000000000 0.0000000000 0.0000000000
-4.5871953964 64.6203613281 6.2718563080 78.3951416016 0.0000000000 0.0000000000 0.0000000000 0.0000000000
-4.6249632835 64.7061233521 6.3667507172 78.4145889282 0.0000000000 0.0000000000 0.0000000000 0.0000000000
-4.6627936363 64.7916488647 6.1658453941 78.3608398438 0.0000000000 0.0000000000 0.0000000000 0.0000000000
-4.7006092072 64.8768157959 6.4500584602 78.4266586304 0.0000000000 0.0000000000 0.0000000000 0.0000000000
-4.7385144234 64.9617691040 6.0962176323 78.3365020752 0.0000000000 0.0000000000 0.0000000000 0.0000000000
-4.7764120102 65.0463790894 6.4674572945 78.4212799072 0.0000000000 0.0000000000 0.0000000000 0.0000000000
-4.8144068718 65.1307373047 6.0611996651 78.3199005127 0.0000000000 0.0000000000 0.0000000000 0.0000000000
-4.8524079323 65.2148132324 6.4638242722 78.4118957520 0.0000000000 0.0000000000 0.0000000000 0.0000000000
-4.8904366493 65.2986297607 6.0736799240 78.3146209717 0.0000000000 0.0000000000 0.0000000000 0.0000000000
-4.9283289909 65.3820266724 6.3599700928 78.3786621094 0.0000000000 0.0000000000 0.0000000000 0.0000000000
-4.9661989212 65.4651489258 6.1468338966 78.3255233765 0.0000000000 0.0000000000 0.0000000000 0.0000000000
-5.0039472580 65.5479965210 6.2368354797 78.3418731689 0.0000000000 0.0000000000 0.0000000000 0.0000000000
-5.0415949821 65.6305923462 6.2243032455 78.3359527588 0.0000000000 0.0000000000 0.0000000000 0.0000000000
-5.0791115761 65.7128677368 6.1342978477 78.3105163574 0.0000000000 0.0000000000 0.0000000000 0.0000000000
-5.1164298058 65.7948455811 6.3107204437 78.3482971191 0.0000000000 0.0000000000 0.0000000000 0.0000000000
-5.1536231041 65.8764495850 6.0639657974 78.2855224609 0.0000000000 0.0000000000 0.0000000000 0.0000000000
-5.1905598640 65.9577331543 6.3425302505 78.3460998535 0.0000000000 0.0000000000 0.0000000000 0.0000000000
-5.2273640633 66.0387039185 6.0394654274 78.2715377808 0.0000000000 0.0000000000 0.0000000000 0.0000000000
-5.2638931274 66.1193466187 6.3235831261 78.3342895508 0.0000000000 0.0000000000 0.0000000000 0.0000000000
-5.3002557755 66.1997375488 6.0276732445 78.2643966675 0.0000000000 0.0000000000 0.0000000000 0.0000000000
-5.3363590240 66.2798233032 6.2610321045 78.3162536621 0.0000000000 0.0000000000 0.0000000000 0.0000000000
-5.3722343445 66.3596801758 6.0214486122 78.2610855103 0.0000000000 0.0000000000 0.0000000000 0.0000000000
-5.4078435898 66.4392471313 6.2080101967 78.3011169434 0.0000000000 0.0000000000 0.0000000000 0.0000000000
-5.4432506561 66.5185546875 6.0269651413 78.2566833496 0.0000000000 0.0000000000 0.0000000000 0.0000000000
-5.4784326553 66.5976028442 6.1580886841 78.2827682495 0.0000000000 0.0000000000 0.0000000000 0.0000000000
-5.5134081841 66.6763992310 6.0656156540 78.2551727295 0.0000000000 0.0000000000 0.0000000000 0.0000000000
-5.5481090546 66.7549438477 6.0958642960 78.2572174072 0.0000000000 0.0000000000 0.0000000000 0.0000000000
-5.5825428963 66.8332443237 6.1265516281 78.2581634521 0.0000000000 0.0000000000 0.0000000000 0.0000000000
-5.6167507172 66.9112854004 6.0364484787 78.2323684692 0.0000000000 0.0000000000 0.0000000000 0.0000000000
-5.6506853104 66.9890594482 6.1610293388 78.2568359375 0.0000000000 0.0000000000 0.0000000000 0.0000000000
-5.6843509674 67.0665054321 5.9782419205 78.2122879028 0.0000000000 0.0000000000 0.0000000000 0.0000000000
-5.7177081108 67.1436386108 6.1753115654 78.2537994385 0.0000000000 0.0000000000 0.0000000000 0.0000000000
-5.7508559227 67.2204208374 5.8949203491 78.1884231567 0.0000000000 0.0000000000 0.0000000000 0.0000000000
-5.7837443352 67.2968292236 6.1776070595 78.2509765625 0.0000000000 0.0000000000 0.0000000000 0.0000000000
-5.8165426254 67.3729705811 5.8658070564 78.1772842407 0.0000000000 0.0000000000 0.0000000000 0.0000000000
-5.8490948677 67.4487991333 6.1579499245 78.2420959473 0.0000000000 0.0000000000 0.0000000000 0.0000000000
-5.8815369606 67.5243530273 5.8751182556 78.1744308472 0.0000000000 0.0000000000 0.0000000000 0.0000000000
-5.9137816429 67.5996170044 6.1375460625 78.2315292358 0.0000000000 0.0000000000 0.0000000000 0.0000000000
-5.9459772110 67.6746826172 5.8882622719 78.1706695557 0.0000000000 0.0000000000 0.0000000000 0.0000000000
-5.9779720306 67.7495498657 6.0961956978 78.2169952393 0.0000000000 0.0000000000 0.0000000000 0.0000000000
-6.0098385811 67.8242263794 5.9427580833 78.1788558960 0.0000000000 0.0000000000 0.0000000000 0.0000000000
-6.0415515900 67.8987503052 5.9952397346 78.1886444092 0.0000000000 0.0000000000 0.0000000000 0.0000000000
-6.0731468201 67.9731369019 6.0099878311 78.1920394897 0.0000000000 0.0000000000 0.0000000000 0.0000000000
-6.1046371460 68.0473480225 5.8883981705 78.1623153687 0.0000000000 0.0000000000 0.0000000000 0.0000000000
-6.1359148026 68.1213684082 6.0417280197 78.1979904175 0.0000000000 0.0000000000 0.0000000000 0.0000000000
-6.1670260429 68.1951828003 5.7974638939 78.1403045654 0.0000000000 0.0000000000 0.0000000000 0.0000000000
-6.1978697777 68.2687149048 6.0883874893 78.2094955444 0.0000000000 0.0000000000 0.0000000000 0.0000000000
-6.2285642624 68.3421020508 5.7378268242 78.1250762939 0.0000000000 0.0000000000 0.0000000000 0.0000000000
-6.2589893341 68.4152603149 6.0715498924 78.2036437988 0.0000000000 0.0000000000 0.0000000000 0.0000000000
-6.2892646790 68.4882278442 5.7669215202 78.1309051514 0.0000000000 0.0000000000 0.0000000000 0.0000000000
-6.3193440437 68.5609817505 6.0024776459 78.1859664917 0.0000000000 0.0000000000 0.0000000000 0.0000000000
-6.3493323326 68.6336212158 5.8448724747 78.1475830078 0.0000000000 0.0000000000 0.0000000000 0.0000000000
-6.3791108131 68.7059860229 5.8992271423 78.1610565186 0.0000000000 0.0000000000 0.0000000000 0.0000000000
-6.4087114334 68.7781372070 5.9039463997 78.1605911255 0.0000000000 0.0000000000 0.0000000000 0.0000000000
-6.4381551743 68.8501052856 5.8268842697 78.1421890259 0.0000000000 0.0000000000 0.0000000000 0.0000000000
-6.4674553871 68.9219131470 5.9280004501 78.1638870239 0.0000000000 0.0000000000 0.0000000000 0.0000000000
-6.4967241287 68.9935607910 5.7612643242 78.1228027344 0.0000000000 0.0000000000 0.0000000000 0.0000000000
-6.5259075165 69.0650634766 5.9428033829 78.1607131958 0.0000000000 0.0000000000 0.0000000000 0.0000000000
-6.5551443100 69.1364517212 5.6958737373 78.1006622314 0.0000000000 0.0000000000 0.0000000000 0.0000000000
-6.5843405724 69.2076187134 5.9975671768 78.1662597656 0.0000000000 0.0000000000 0.0000000000 0.0000000000
-6.6136846542 69.2786407471 5.6064429283 78.0748901367 0.0000000000 0.0000000000 0.0000000000 0.0000000000
-6.6429915428 69.3494110107 6.1226229668 78.1908874512 0.0000000000 0.0000000000 0.0000000000 0.0000000000
-6.6724715233 69.4199905396 5.4499082565 78.0376205444 0.0000000000 0.0000000000 0.0000000000 0.0000000000
-6.7018790245 69.4903564453 6.2913408279 78.2311401367 0.0000000000 0.0000000000 0.0000000000 0.0000000000
-6.7315149307 69.5606155396 5.2915110588 78.0020675659 0.0000000000 0.0000000000 0.0000000000 0.0000000000
-6.7609858513 69.6304855347 6.3553605080 78.2484207153 0.0000000000 0.0000000000 0.0000000000 0.0000000000
-6.7906446457 69.7003021240 5.3234472275 78.0123291016 0.0000000000 0.0000000000 0.0000000000 0.0000000000
-6.8201928139 69.7698669434 6.1680407524 78.2053146362 0.0000000000 0.0000000000 0.0000000000 0.0000000000
-6.8498315811 69.8392715454 5.5956497192 78.0749282837 0.0000000000 0.0000000000 0.0000000000 0.0000000000
-6.8793978691 69.9084167480 5.8188180923 78.1273117065 0.0000000000 0.0000000000 0.0000000000 0.0000000000
-6.9089517593 69.9774093628 5.9166293144 78.1503982544 0.0000000000 0.0000000000 0.0000000000 0.0000000000
-6.9385437965 70.0463027954 5.4885144234 78.0567855835 0.0000000000 0.0000000000 0.0000000000 0.0000000000
-6.9679832458 70.1149826050 6.1165404320 78.2009735107 0.0000000000 0.0000000000 0.0000000000 0.0000000000
-6.9974999428 70.1835784912 5.3516707420 78.0309066772 0.0000000000 0.0000000000 0.0000000000 0.0000000000
-7.0267906189 70.2519073486 6.1123180389 78.2041549683 0.0000000000 0.0000000000 0.0000000000 0.0000000000
-7.0561766624 70.3200759888 5.4457626343 78.0543136597 0.0000000000 0.0000000000 0.0000000000 0.0000000000
-7.0853877068 70.3880081177 5.8975071907 78.1565399170 0.0000000000 0.0000000000 0.0000000000 0.0000000000
-7.1146616936 70.4558029175 5.6967849731 78.1104431152 0.0000000000 0.0000000000 0.0000000000 0.0000000000
-7.1439552307 70.5234451294 5.6216964722 78.0948257446 0.0000000000 0.0000000000 0.0000000000 0.0000000000
-7.1732559204 70.5908966064 5.9212603569 78.1624374390 0.0000000000 0.0000000000 0.0000000000 0.0000000000
-7.2027249336 70.6581039429 5.4411454201 78.0566940308 0.0000000000 0.0000000000 0.0000000000 0.0000000000
-7.2321510315 70.7249984741 5.9486012459 78.1715316772 0.0000000000 0.0000000000 0.0000000000 0.0000000000
-7.2618050575 70.7916412354 5.4599680901 78.0645980835 0.0000000000 0.0000000000 0.0000000000 0.0000000000
-7.2914204597 70.8580245972 5.8089885712 78.1438446045 0.0000000000 0.0000000000 0.0000000000 0.0000000000
-7.3211960793 70.9242172241 5.6357994080 78.1076736450 0.0000000000 0.0000000000 0.0000000000 0.0000000000
-7.3510012627 70.9902191162 5.5916795731 78.0994186401 0.0000000000 0.0000000000 0.0000000000 0.0000000000
-7.3807539940 71.0560379028 5.8239006996 78.1529083252 0.0000000000 0.0000000000 0.0000000000 0.0000000000
-7.4104781151 71.1217575073 5.4442911148 78.0668640137 0.0000000000 0.0000000000 0.0000000000 0.0000000000
-7.4399666786 71.1872406006 5.8761844635 78.1670913696 0.0000000000 0.0000000000 0.0000000000 0.0000000000
-7.4693942070 71.2526931763 5.4721546173 78.0757217407 0.0000000000 0.0000000000 0.0000000000 0.0000000000
-7.4985990524 71.3179931641 5.7541680336 78.1402435303 0.0000000000 0.0000000000 0.0000000000 0.0000000000
-7.5277013779 71.3831939697 5.5865836143 78.1068420410 0.0000000000 0.0000000000 0.0000000000 0.0000000000
-7.5565900803 71.4481887817 5.6271305084 78.1172409058 0.0000000000 0.0000000000 0.0000000000 0.0000000000
-7.5852761269 71.5129547119 5.6511406898 78.1254653931 0.0000000000 0.0000000000 0.0000000000 0.0000000000
-7.6137733459 71.5775299072 5.5306096077 78.1041946411 0.0000000000 0.0000000000 0.0000000000 0.0000000000
-7.6420226097 71.6419219971 5.7104196548 78.1449737549 0.0000000000 0.0000000000 0.0000000000 0.0000000000
-7.6700916290 71.7061080933 5.4348802567 78.0875625610 0.0000000000 0.0000000000 0.0000000000 0.0000000000
-7.6978540421 71.7700805664 5.7773537636 78.1665649414 0.0000000000 0.0000000000 0.0000000000 0.0000000000
-7.7253503799 71.8338165283 5.3963365555 78.0814895630 0.0000000000 0.0000000000 0.0000000000 0.0000000000
-7.7524728775 71.8973693848 5.7765202522 78.1682281494 0.0000000000 0.0000000000 0.0000000000 0.0000000000
-7.7793407440 71.9608535767 5.4204292297 78.0898895264 0.0000000000 0.0000000000 0.0000000000 0.0000000000
-7.8059010506 72.0241775513 5.7286953926 78.1591796875 0.0000000000 0.0000000000 0.0000000000 0.0000000000
-7.8322353363 72.0873489380 5.4654378891 78.1013183594 0.0000000000 0.0000000000 0.0000000000 0.0000000000
-7.8582963943 72.1503601074 5.6317138672 78.1425857544 0.0000000000 0.0000000000 0.0000000000 0.0000000000
-7.8841338158 72.2133712769 5.5535516739 78.1253433228 0.0000000000 0.0000000000 0.0000000000 0.0000000000
-7.9097681046 72.2762832642 5.4797182083 78.1139755249 0.0000000000 0.0000000000 0.0000000000 0.0000000000
-7.9351272583 72.3390426636 5.6591954231 78.1562194824 0.0000000000 0.0000000000 0.0000000000 0.0000000000
-7.9602766037 72.4017028809 5.3903260231 78.0984039307 0.0000000000 0.0000000000 0.0000000000 0.0000000000
-7.9851746559 72.4641876221 5.7099213600 78.1714859009 0.0000000000 0.0000000000 0.0000000000 0.0000000000
-8.0099029541 72.5265197754 5.3752646446 78.0977401733 0.0000000000 0.0000000000 0.0000000000 0.0000000000
-8.0343275070 72.5885772705 5.7175374031 78.1733627319 0.0000000000 0.0000000000 0.0000000000 0.0000000000
-8.0585966110 72.6505050659 5.3669834137 78.0972061157 0.0000000000 0.0000000000 0.0000000000 0.0000000000
-8.0825366974 72.7120971680 5.7216305733 78.1765823364 0.0000000000 0.0000000000 0.0000000000 0.0000000000
-8.1063184738 72.7735748291 5.3304300308 78.0912170410 0.0000000000 0.0000000000 0.0000000000 0.0000000000
-8.1298160553 72.8348541260 5.7275719643 78.1813278198 0.0000000000 0.0000000000 0.0000000000 0.0000000000
-8.1531982422 72.8960418701 5.3011288643 78.0880966187 0.0000000000 0.0000000000 0.0000000000 0.0000000000
-8.1763067245 72.9570617676 5.7318720818 78.1835708618 0.0000000000 0.0000000000 0.0000000000 0.0000000000
-8.1993713379 73.0179748535 5.2602744102 78.0820465088 0.0000000000 0.0000000000 0.0000000000 0.0000000000
-8.2221355438 73.0786819458 5.7746391296 78.1948471069 0.0000000000 0.0000000000 0.0000000000 0.0000000000
-8.2449150085 73.1393432617 5.1892843246 78.0679016113 0.0000000000 0.0000000000 0.0000000000 0.0000000000
-8.2674970627 73.1997680664 5.8624014854 78.2182617188 0.0000000000 0.0000000000 0.0000000000 0.0000000000
-8.2901210785 73.2601547241 5.0897283554 78.0481643677 0.0000000000 0.0000000000 0.0000000000 0.0000000000
-8.3125905991 73.3202362061 5.9249591827 78.2347793579 0.0000000000 0.0000000000 0.0000000000 0.0000000000
-8.3352651596 73.3802947998 5.0160398483 78.0347671509 0.0000000000 0.0000000000 0.0000000000 0.0000000000
-8.3577890396 73.4399642944 5.9504485130 78.2414016724 0.0000000000 0.0000000000 0.0000000000 0.0000000000
-8.3805217743 73.4995803833 4.9998574257 78.0322875977 0.0000000000 0.0000000000 0.0000000000 0.0000000000
-8.4031534195 73.5588531494 5.9019303322 78.2321395874 0.0000000000 0.0000000000 0.0000000000 0.0000000000
-8.4259681702 73.6180725098 5.1026940346 78.0557556152 0.0000000000 0.0000000000 0.0000000000 0.0000000000
-8.4486799240 73.6769714355 5.7309556007 78.1959304810 0.0000000000 0.0000000000 0.0000000000 0.0000000000
-8.4714851379 73.7357559204 5.3106231689 78.1046905518 0.0000000000 0.0000000000 0.0000000000 0.0000000000
-8.4942359924 73.7942886353 5.4806065559 78.1426162720 0.0000000000 0.0000000000 0.0000000000 0.0000000000
-8.5170221329 73.8526229858 5.5101122856 78.1545944214 0.0000000000 0.0000000000 0.0000000000 0.0000000000
-8.5398216248 73.9108276367 5.2845711708 78.1041717529 0.0000000000 0.0000000000 0.0000000000 0.0000000000
-8.5625667572 73.9687271118 5.6427922249 78.1882247925 0.0000000000 0.0000000000 0.0000000000 0.0000000000
-8.5854034424 74.0264434814 5.2094297409 78.0946731567 0.0000000000 0.0000000000 0.0000000000 0.0000000000
-8.6082010269 74.0839767456 5.6995358467 78.2034149170 0.0000000000 0.0000000000 0.0000000000 0.0000000000
-8.6311120987 74.1413955688 5.1467380524 78.0856704712 0.0000000000 0.0000000000 0.0000000000 0.0000000000
-8.6539516449 74.1985397339 5.7611985207 78.2209625244 0.0000000000 0.0000000000 0.0000000000 0.0000000000
-8.6769275665 74.2555770874 5.0625238419 78.0713195801 0.0000000000 0.0000000000 0.0000000000 0.0000000000
-8.6997661591 74.3123931885 5.7983918190 78.2337722778 0.0000000000 0.0000000000 0.0000000000 0.0000000000
-8.7226991653 74.3690338135 5.0075378418 78.0646209717 0.0000000000 0.0000000000 0.0000000000 0.0000000000
-8.7453756332 74.4253463745 5.8084731102 78.2396621704 0.0000000000 0.0000000000 0.0000000000 0.0000000000
-8.7681407928 74.4816360474 4.9904317856 78.0645141602 0.0000000000 0.0000000000 0.0000000000 0.0000000000
-8.7906446457 74.5376892090 5.7979969978 78.2403793335 0.0000000000 0.0000000000 0.0000000000 0.0000000000
-8.8132123947 74.5937271118 5.0057611465 78.0686645508 0.0000000000 0.0000000000 0.0000000000 0.0000000000
-8.8355712891 74.6495590210 5.7419967651 78.2308883667 0.0000000000 0.0000000000 0.0000000000 0.0000000000
-8.8579969406 74.7053298950 5.0923299789 78.0906753540 0.0000000000 0.0000000000 0.0000000000 0.0000000000
-8.8802309036 74.7608184814 5.6142902374 78.2063522339 0.0000000000 0.0000000000 0.0000000000 0.0000000000
-8.9025077820 74.8162078857 5.1974453926 78.1202468872 0.0000000000 0.0000000000 0.0000000000 0.0000000000
-8.9246273041 74.8713989258 5.4945306778 78.1855545044 0.0000000000 0.0000000000 0.0000000000 0.0000000000
-8.9467363358 74.9264678955 5.2613406181 78.1393814087 0.0000000000 0.0000000000 0.0000000000 0.0000000000
-8.9687356949 74.9812545776 5.4213972092 78.1748733521 0.0000000000 0.0000000000 0.0000000000 0.0000000000
-8.9906816483 75.0358047485 5.3032503128 78.1503601074 0.0000000000 0.0000000000 0.0000000000 0.0000000000
-9.0125598907 75.0900878906 5.3625454903 78.1642913818 0.0000000000 0.0000000000 0.0000000000 0.0000000000
-9.0343894958 75.1442108154 5.3614764214 78.1641998291 0.0000000000 0.0000000000 0.0000000000 0.0000000000
-9.0561752319 75.1981735229 5.2962760925 78.1507797241 0.0000000000 0.0000000000 0.0000000000 0.0000000000
-9.0779180527 75.2519073486 5.4187378883 78.1804275513 0.0000000000 0.0000000000 0.0000000000 0.0000000000
-9.0996379852 75.3055419922 5.2208652496 78.1381149292 0.0000000000 0.0000000000 0.0000000000 0.0000000000
-9.1212730408 75.3589859009 5.4406485558 78.1910324097 0.0000000000 0.0000000000 0.0000000000 0.0000000000
-9.1429052353 75.4123611450 5.1676926613 78.1325836182 0.0000000000 0.0000000000 0.0000000000 0.0000000000
-9.1645002365 75.4655303955 5.4511361122 78.1979751587 0.0000000000 0.0000000000 0.0000000000 0.0000000000
-9.1861438751 75.5186080933 5.1443853378 78.1320648193 0.0000000000 0.0000000000 0.0000000000 0.0000000000
-9.2077856064 75.5714797974 5.4573426247 78.2021102905 0.0000000000 0.0000000000 0.0000000000 0.0000000000
-9.2294893265 75.6241989136 5.1210823059 78.1307754517 0.0000000000 0.0000000000 0.0000000000 0.0000000000
-9.2512130737 75.6766967773 5.4890689850 78.2126007080 0.0000000000 0.0000000000 0.0000000000 0.0000000000
-9.2730531693 75.7291183472 5.0513954163 78.1212997437 0.0000000000 0.0000000000 0.0000000000 0.0000000000
-9.2949104309 75.7813186646 5.5691876411 78.2367630005 0.0000000000 0.0000000000 0.0000000000 0.0000000000
-9.3169364929 75.8334045410 4.8890962601 78.0937347412 0.0000000000 0.0000000000 0.0000000000 0.0000000000
-9.3389625549 75.8852157593 5.7523722649 78.2846908569 0.0000000000 0.0000000000 0.0000000000 0.0000000000
-9.3612346649 75.9369277954 4.5885472298 78.0363464355 0.0000000000 0.0000000000 0.0000000000 0.0000000000
-9.3835258484 75.9882583618 6.0994439125 78.3669738770 0.0000000000 0.0000000000 0.0000000000 0.0000000000
-9.4061336517 76.0395660400 4.1765851974 77.9553298950 0.0000000000 0.0000000000 0.0000000000 0.0000000000
-9.4287490845 76.0904083252 6.4053578377 78.4387435913 0.0000000000 0.0000000000 0.0000000000 0.0000000000
-9.4517383575 76.1414566040 4.0979795456 77.9408645630 0.0000000000 0.0000000000 0.0000000000 0.0000000000
-9.4747343063 76.1920394897 6.0860805511 78.3679504395 0.0000000000 0.0000000000 0.0000000000 0.0000000000
-9.4980506897 76.2427139282 4.8862705231 78.1055221558 0.0000000000 0.0000000000 0.0000000000 0.0000000000
-9.5214424133 76.2931823730 5.0831913948 78.1518173218 0.0000000000 0.0000000000 0.0000000000 0.0000000000
-9.5448160172 76.3435668945 5.8183679581 78.3153915405 0.0000000000 0.0000000000 0.0000000000 0.0000000000
