#         COST_U        COST_H      COST_D       COST_S       REGU_H       REGU_S          HPO           COSTGLEN 
410.5282592773 0.0000000000 0.0000000000 0.0000000000 57.2816925049 0.0000000000 19.7166404724
371.8155822754 0.0007860853 0.0000000000 0.0000000000 54.9657287598 5182.7675781250 15.8069992065
349.0171203613 0.0031168130 0.0000000000 0.0000000000 53.9540824890 18237.9511718750 12.7033758163
335.3159790039 0.0069488548 0.0000000000 0.0000000000 53.2200088501 15899.0957031250 10.2921657562
326.1747131348 0.0121969981 0.0000000000 0.0000000000 52.5049324036 14198.3710937500 8.4037218094
319.7078247070 0.0187476818 0.0000000000 0.0000000000 51.8694305420 11207.4453125000 6.8474617004
315.1627502441 0.0264945813 0.0000000000 0.0000000000 51.3746223450 9429.2753906250 5.5901875496
311.9583435059 0.0353393555 0.0000000000 0.0000000000 50.8338928223 8311.5800781250 4.5768141747
309.6371154785 0.0451989435 0.0000000000 0.0000000000 50.3304519653 7373.4814453125 3.7531378269
307.9563903809 0.0559975058 0.0000000000 0.0000000000 49.8685989380 6540.5244140625 3.1004359722
306.7319335938 0.0676728338 0.0000000000 0.0000000000 49.4448623657 5819.4321289062 2.5903916359
305.8117675781 0.0801627636 0.0000000000 0.0000000000 49.0804061890 5168.0009765625 2.1860625744
305.1072998047 0.0934125185 0.0000000000 0.0000000000 48.7004013062 4569.6469726562 1.8573890924
304.5431518555 0.1073857322 0.0000000000 0.0000000000 48.2968559265 4065.1308593750 1.5866456032
304.0772094727 0.1220476478 0.0000000000 0.0000000000 47.9093208313 3665.7177734375 1.3646121025
303.6831665039 0.1373583674 0.0000000000 0.0000000000 47.5033874512 3316.7153320312 1.1827054024
303.3415222168 0.1532880962 0.0000000000 0.0000000000 47.0928611755 2998.7016601562 1.0292903185
303.0382995605 0.1698017865 0.0000000000 0.0000000000 46.7091445923 2722.8828125000 0.8993894458
302.7620544434 0.1868611127 0.0000000000 0.0000000000 46.3565292358 2476.1044921875 0.7855015993
302.5074157715 0.2044483870 0.0000000000 0.0000000000 46.0111465454 2218.9077148438 0.6836140752
302.2713012695 0.2225393355 0.0000000000 0.0000000000 45.6862068176 1977.2707519531 0.5925511122
302.0484924316 0.2411126494 0.0000000000 0.0000000000 45.3840141296 1798.8989257812 0.5111014843
301.8343200684 0.2601391077 0.0000000000 0.0000000000 45.0991401672 1667.7014160156 0.4372382462
301.6271057129 0.2795998156 0.0000000000 0.0000000000 44.8288688660 1522.9461669922 0.3712671399
301.4247436523 0.2994800210 0.0000000000 0.0000000000 44.5726432800 1354.6831054688 0.3124463558
301.2221069336 0.3197606504 0.0000000000 0.0000000000 44.3326034546 1202.8912353516 0.2579828501
301.0166320801 0.3404273689 0.0000000000 0.0000000000 44.1198883057 1091.9478759766 0.2077549994
300.8067321777 0.3614767790 0.0000000000 0.0000000000 43.9353141785 1006.6813964844 0.1604678929
300.5897827148 0.3829015791 0.0000000000 0.0000000000 43.7507324219 922.5769653320 0.1156919450
300.3649902344 0.4046983123 0.0000000000 0.0000000000 43.5668411255 835.6940917969 0.0730716586
300.1338195801 0.4268616140 0.0000000000 0.0000000000 43.3908119202 756.0762329102 0.0328928903
299.8982849121 0.4493964612 0.0000000000 0.0000000000 43.2434730530 686.6246337891 -0.0046723783
299.6607360840 0.4723000824 0.0000000000 0.0000000000 43.1196289062 622.5416870117 -0.0396242552
299.4221496582 0.4955658317 0.0000000000 0.0000000000 42.9950332642 565.9667968750 -0.0722488463
299.1837463379 0.5191915631 0.0000000000 0.0000000000 42.8869514465 515.9393920898 -0.1028293222
298.9471740723 0.5431607366 0.0000000000 0.0000000000 42.7901229858 472.5115051270 -0.1313637048
298.7131652832 0.5674707294 0.0000000000 0.0000000000 42.6936416626 432.4669494629 -0.1580584645
298.4820556641 0.5921044946 0.0000000000 0.0000000000 42.6081962585 394.0144958496 -0.1831542701
298.2535705566 0.6170475483 0.0000000000 0.0000000000 42.5253791809 358.0032348633 -0.2068228871
298.0281372070 0.6422914267 0.0000000000 0.0000000000 42.4425544739 323.7953186035 -0.2292585373
297.8060607910 0.6678094864 0.0000000000 0.0000000000 42.3568000793 293.0519104004 -0.2506010532
297.5876464844 0.6935752034 0.0000000000 0.0000000000 42.2681274414 267.0408935547 -0.2710337043
297.3736572266 0.7195945382 0.0000000000 0.0000000000 42.1732292175 243.7557373047 -0.2905882597
297.1637573242 0.7458646894 0.0000000000 0.0000000000 42.0713272095 222.6123504639 -0.3093833923
296.9577941895 0.7723738551 0.0000000000 0.0000000000 41.9633369446 202.3568725586 -0.3275591135
296.7558898926 0.7990925908 0.0000000000 0.0000000000 41.8515434265 182.0999908447 -0.3451539278
296.5574645996 0.8260275126 0.0000000000 0.0000000000 41.7289199829 164.9096069336 -0.3622685969
296.3622741699 0.8531563282 0.0000000000 0.0000000000 41.6032981873 150.6521453857 -0.3789959848
296.1695556641 0.8804712892 0.0000000000 0.0000000000 41.4724731445 136.8493194580 -0.3955137730
295.9791259766 0.9079505801 0.0000000000 0.0000000000 41.3381118774 123.9340286255 -0.4120794833
295.7902526855 0.9355628490 0.0000000000 0.0000000000 41.2009582520 112.4755401611 -0.4286193550
295.6017456055 0.9633209705 0.0000000000 0.0000000000 41.0598030090 101.7293014526 -0.4453119636
295.4138183594 0.9912022948 0.0000000000 0.0000000000 40.9145393372 91.8842163086 -0.4622271657
295.2257995605 1.0191950798 0.0000000000 0.0000000000 40.7652511597 83.8485107422 -0.4793503881
295.0366821289 1.0472776890 0.0000000000 0.0000000000 40.6113014221 76.2244338989 -0.4964451790
294.8460388184 1.0754336119 0.0000000000 0.0000000000 40.4531364441 68.4842529297 -0.5134958029
294.6539611816 1.1036326885 0.0000000000 0.0000000000 40.2926254272 62.1959075928 -0.5305112600
294.4600219727 1.1318563223 0.0000000000 0.0000000000 40.1307792664 56.6141548157 -0.5474405885
294.2648010254 1.1600966454 0.0000000000 0.0000000000 39.9601364136 51.2794303894 -0.5642741919
294.0693054199 1.1883171797 0.0000000000 0.0000000000 39.7810134888 46.5373840332 -0.5809634924
293.8730773926 1.2165156603 0.0000000000 0.0000000000 39.5995559692 41.9081268311 -0.5975630283
293.6762390137 1.2446639538 0.0000000000 0.0000000000 39.4162406921 38.0076179504 -0.6140934825
293.4788513184 1.2727369070 0.0000000000 0.0000000000 39.2285919189 34.7968826294 -0.6306499839
293.2789306641 1.3007049561 0.0000000000 0.0000000000 39.0306930542 31.3719062805 -0.6472028494
293.0768432617 1.3285537958 0.0000000000 0.0000000000 38.8288078308 28.3177719116 -0.6637765765
292.8769226074 1.3562462330 0.0000000000 0.0000000000 38.6270256042 25.7956123352 -0.6803488731
292.6772460938 1.3837627172 0.0000000000 0.0000000000 38.4145202637 23.4903011322 -0.6969547272
292.4791259766 1.4110640287 0.0000000000 0.0000000000 38.1896934509 21.3273315430 -0.7136993408
292.2824707031 1.4381159544 0.0000000000 0.0000000000 37.9596061707 19.2717857361 -0.7301728725
292.0897521973 1.4649027586 0.0000000000 0.0000000000 37.7326927185 17.4666805267 -0.7468787432
291.9010314941 1.4913942814 0.0000000000 0.0000000000 37.5130462646 15.9814796448 -0.7638282776
291.7197570801 1.5175833702 0.0000000000 0.0000000000 37.3170242310 14.6420631409 -0.7806252837
291.5481262207 1.5434552431 0.0000000000 0.0000000000 37.1345252991 13.4261398315 -0.7973028421
291.3865051270 1.5690234900 0.0000000000 0.0000000000 36.9672813416 12.3753557205 -0.8141273260
291.2400817871 1.5942904949 0.0000000000 0.0000000000 36.8109588623 11.2839565277 -0.8309631348
291.1093750000 1.6192719936 0.0000000000 0.0000000000 36.6671600342 10.2203130722 -0.8479189277
290.9984130859 1.6439765692 0.0000000000 0.0000000000 36.5335121155 9.3875093460 -0.8649770617
290.9069213867 1.6684106588 0.0000000000 0.0000000000 36.4153442383 8.6735372543 -0.8822336197
290.8385620117 1.6925978661 0.0000000000 0.0000000000 36.3196868896 7.9622793198 -0.8996964097
290.7937927246 1.7165726423 0.0000000000 0.0000000000 36.2440109253 7.3404426575 -0.9172402620
290.7748718262 1.7403501272 0.0000000000 0.0000000000 36.1898155212 6.8187084198 -0.9351509809
290.7848205566 1.7639546394 0.0000000000 0.0000000000 36.1519126892 6.3795409203 -0.9538540840
290.8279724121 1.7874065638 0.0000000000 0.0000000000 36.1316719055 5.9549574852 -0.9719141126
290.9005432129 1.8107590675 0.0000000000 0.0000000000 36.1316108704 5.4755444527 -0.9909807444
291.0100708008 1.8340600729 0.0000000000 0.0000000000 36.1592407227 5.0577411652 -1.0104140043
291.1610717773 1.8573502302 0.0000000000 0.0000000000 36.2045974731 4.8601913452 -1.0307807922
291.3523864746 1.8806213140 0.0000000000 0.0000000000 36.2680130005 4.7399730682 -1.0506223440
291.5848693848 1.9039068222 0.0000000000 0.0000000000 36.3499870300 4.5051584244 -1.0705084801
291.8568115234 1.9272655249 0.0000000000 0.0000000000 36.4428024292 4.2027978897 -1.0914515257
292.1665039062 1.9507195950 0.0000000000 0.0000000000 36.5494232178 3.9829697609 -1.1129630804
292.5066223145 1.9743286371 0.0000000000 0.0000000000 36.6717987061 3.9246149063 -1.1347752810
292.8791503906 1.9981036186 0.0000000000 0.0000000000 36.8057441711 3.7944397926 -1.1569995880
293.2829589844 2.0220975876 0.0000000000 0.0000000000 36.9422225952 3.3288888931 -1.1796610355
293.7174377441 2.0463299751 0.0000000000 0.0000000000 37.0810356140 3.2211246490 -1.2026416063
294.1983642578 2.0708281994 0.0000000000 0.0000000000 37.2200546265 3.4434773922 -1.2259091139
294.7292785645 2.0955784321 0.0000000000 0.0000000000 37.3370170593 3.3728632927 -1.2492414713
295.3168640137 2.1205704212 0.0000000000 0.0000000000 37.4618644714 3.6054782867 -1.2730287313
295.9731445312 2.1457631588 0.0000000000 0.0000000000 37.5683288574 3.4657790661 -1.2972090244
296.6998291016 2.1711311340 0.0000000000 0.0000000000 37.6783599854 2.9734351635 -1.3214069605
297.5034484863 2.1966753006 0.0000000000 0.0000000000 37.7728805542 3.3403725624 -1.3453879356
298.3790283203 2.2224369049 0.0000000000 0.0000000000 37.8751525879 3.7280631065 -1.3704911470
299.3279418945 2.2484078407 0.0000000000 0.0000000000 37.9843063354 3.4954860210 -1.3953683376
300.3361511230 2.2746050358 0.0000000000 0.0000000000 38.1061553955 3.0474505424 -1.4187854528
301.3861389160 2.3010253906 0.0000000000 0.0000000000 38.2433967590 3.1465027332 -1.4436967373
302.4671020508 2.3276495934 0.0000000000 0.0000000000 38.3433647156 3.5607261658 -1.4675143957
303.5599975586 2.3544895649 0.0000000000 0.0000000000 38.4376792908 2.9511466026 -1.4915481806
304.6494445801 2.3815360069 0.0000000000 0.0000000000 38.5112876892 3.0327181816 -1.5159358978
305.7211608887 2.4087994099 0.0000000000 0.0000000000 38.5482521057 3.6579322815 -1.5401823521
306.7652587891 2.4363195896 0.0000000000 0.0000000000 38.5621681213 4.0989942551 -1.5643882751
307.7928771973 2.4640884399 0.0000000000 0.0000000000 38.5819168091 4.6004838943 -1.5907876492
308.8272705078 2.4920642376 0.0000000000 0.0000000000 38.6092033386 4.7342677116 -1.6137259007
309.8695678711 2.5201961994 0.0000000000 0.0000000000 38.6223831177 4.9953069687 -1.6382952929
310.9312744141 2.5484602451 0.0000000000 0.0000000000 38.6722030640 4.3485965729 -1.6629445553
312.0379943848 2.5768158436 0.0000000000 0.0000000000 38.7206153870 3.8711521626 -1.6880151033
313.1725463867 2.6052291393 0.0000000000 0.0000000000 38.7546348572 4.2445034981 -1.7126410007
314.3467712402 2.6336789131 0.0000000000 0.0000000000 38.8018951416 4.3083682060 -1.7371281385
315.5457458496 2.6622061729 0.0000000000 0.0000000000 38.8596305847 4.0097513199 -1.7610540390
316.7449340820 2.6908180714 0.0000000000 0.0000000000 38.9278678894 4.3145675659 -1.7849760056
317.9134826660 2.7195165157 0.0000000000 0.0000000000 38.9991416931 4.1602597237 -1.8086664677
319.0130004883 2.7483427525 0.0000000000 0.0000000000 39.0654869080 4.0989918709 -1.8316800594
320.0419006348 2.7772715092 0.0000000000 0.0000000000 39.1450424194 4.4898982048 -1.8542971611
321.0295410156 2.8062858582 0.0000000000 0.0000000000 39.2327003479 4.2619767189 -1.8774861097
322.0206909180 2.8353681564 0.0000000000 0.0000000000 39.3076324463 4.2853784561 -1.8967601061
323.0299682617 2.8645434380 0.0000000000 0.0000000000 39.3870964050 4.7111268044 -1.9184556007
324.0717773438 2.8938899040 0.0000000000 0.0000000000 39.4721641541 4.7043151855 -1.9379267693
325.1536254883 2.9234831333 0.0000000000 0.0000000000 39.5542488098 5.1532707214 -1.9538532495
326.2810668945 2.9534702301 0.0000000000 0.0000000000 39.6155815125 6.7556066513 -1.9706666470
327.4160461426 2.9839003086 0.0000000000 0.0000000000 39.6612663269 7.4762816429 -1.9855328798
328.5286865234 3.0148787498 0.0000000000 0.0000000000 39.7092552185 6.3371725082 -2.0007166862
329.5812683105 3.0464479923 0.0000000000 0.0000000000 39.7541503906 6.9675555229 -2.0109734535
330.4958190918 3.0787556171 0.0000000000 0.0000000000 39.7992210388 6.7317476273 -2.0225877762
331.2344665527 3.1118142605 0.0000000000 0.0000000000 39.8494415283 6.5007390976 -2.0315470695
331.7788391113 3.1456480026 0.0000000000 0.0000000000 39.9015083313 6.7562031746 -2.0393002033
332.1557006836 3.1802964211 0.0000000000 0.0000000000 39.9409675598 7.3106889725 -2.0449528694
332.4430236816 3.2157657146 0.0000000000 0.0000000000 39.9665374756 7.1961345673 -2.0500073433
332.7113037109 3.2520554066 0.0000000000 0.0000000000 39.9792861938 7.1330022812 -2.0544912815
332.9870300293 3.2890839577 0.0000000000 0.0000000000 39.9910087585 6.4186811447 -2.0575401783
333.2561645508 3.3268737793 0.0000000000 0.0000000000 40.0086021423 7.4176740646 -2.0579266548
333.4418640137 3.3654179573 0.0000000000 0.0000000000 40.0295600891 8.4913520813 -2.0589165688
333.4703674316 3.4046628475 0.0000000000 0.0000000000 40.0493125916 6.6608886719 -2.0575945377
333.3037109375 3.4446539879 0.0000000000 0.0000000000 40.0693817139 7.4563293457 -2.0560932159
332.9551696777 3.4853150845 0.0000000000 0.0000000000 40.0844573975 8.3117256165 -2.0541758537
332.4886169434 3.5265846252 0.0000000000 0.0000000000 40.0933990479 7.5320496559 -2.0515050888
331.9796752930 3.5683627129 0.0000000000 0.0000000000 40.1137275696 8.8676204681 -2.0483014584
331.5347290039 3.6106026173 0.0000000000 0.0000000000 40.1392745972 8.9559659958 -2.0449595451
331.1965026855 3.6532678604 0.0000000000 0.0000000000 40.1598968506 9.2239456177 -2.0397140980
330.9335632324 3.6963577271 0.0000000000 0.0000000000 40.1766624451 9.6621103287 -2.0349695683
330.6936645508 3.7398557663 0.0000000000 0.0000000000 40.1914024353 9.8899154663 -2.0300142765
330.4065246582 3.7837872505 0.0000000000 0.0000000000 40.2062988281 11.2888479233 -2.0246906281
330.0447082520 3.8280942440 0.0000000000 0.0000000000 40.2219696045 11.3792247772 -2.0188179016
329.6141357422 3.8728058338 0.0000000000 0.0000000000 40.2334251404 10.0175619125 -2.0130774975
329.1541137695 3.9178831577 0.0000000000 0.0000000000 40.2478828430 10.5386028290 -2.0072448254
328.7232360840 3.9632232189 0.0000000000 0.0000000000 40.2582168579 11.2970123291 -2.0015404224
328.3523864746 4.0087146759 0.0000000000 0.0000000000 40.2678413391 10.5232887268 -1.9963494539
328.0567932129 4.0543165207 0.0000000000 0.0000000000 40.2783355713 10.0486450195 -1.9895892143
327.8103942871 4.1001133919 0.0000000000 0.0000000000 40.2917060852 10.0737056732 -1.9836927652
327.5990600586 4.1460623741 0.0000000000 0.0000000000 40.2969436646 10.3073759079 -1.9775148630
327.3742980957 4.1921563148 0.0000000000 0.0000000000 40.3044166565 9.9769582748 -1.9717119932
327.1148986816 4.2383499146 0.0000000000 0.0000000000 40.3107376099 9.7759504318 -1.9655666351
326.8341064453 4.2846097946 0.0000000000 0.0000000000 40.3218421936 9.5872125626 -1.9594147205
326.5278015137 4.3309268951 0.0000000000 0.0000000000 40.3326950073 9.3544063568 -1.9532084465
326.2265014648 4.3772654533 0.0000000000 0.0000000000 40.3482780457 8.7940711975 -1.9469723701
325.9501037598 4.4236221313 0.0000000000 0.0000000000 40.3679847717 8.3819866180 -1.9407368898
325.6946411133 4.4699320793 0.0000000000 0.0000000000 40.3928909302 8.4563903809 -1.9344284534
325.4637145996 4.5161743164 0.0000000000 0.0000000000 40.4214668274 8.2391319275 -1.9279178381
325.2314758301 4.5623512268 0.0000000000 0.0000000000 40.4505767822 8.1204729080 -1.9215328693
324.9551086426 4.6084542274 0.0000000000 0.0000000000 40.4806823730 8.1746492386 -1.9149173498
324.6185913086 4.6544566154 0.0000000000 0.0000000000 40.5120010376 7.4808273315 -1.9082825184
324.2238464355 4.7003312111 0.0000000000 0.0000000000 40.5413665771 7.5763487816 -1.9013823271
323.7875366211 4.7460732460 0.0000000000 0.0000000000 40.5716323853 7.5606355667 -1.8945240974
323.3315734863 4.7916393280 0.0000000000 0.0000000000 40.6043663025 6.9464778900 -1.8876481056
322.8695678711 4.8369922638 0.0000000000 0.0000000000 40.6357345581 7.2031416893 -1.8807340860
322.4250183105 4.8821377754 0.0000000000 0.0000000000 40.6684112549 7.2836928368 -1.8738899231
322.0013732910 4.9270138741 0.0000000000 0.0000000000 40.6996955872 7.3370041847 -1.8670520782
321.5964355469 4.9716277122 0.0000000000 0.0000000000 40.7338333130 7.3919944763 -1.8601765633
321.1824340820 5.0159392357 0.0000000000 0.0000000000 40.7700920105 7.2239437103 -1.8533192873
320.7514343262 5.0599875450 0.0000000000 0.0000000000 40.8065986633 7.4760961533 -1.8475006819
320.3147888184 5.1037373543 0.0000000000 0.0000000000 40.8474502563 7.1663517952 -1.8405176401
319.8705139160 5.1471691132 0.0000000000 0.0000000000 40.8876800537 6.6212320328 -1.8330730200
319.4278259277 5.1902861595 0.0000000000 0.0000000000 40.9288673401 6.5040426254 -1.8266303539
319.0026550293 5.2330117226 0.0000000000 0.0000000000 40.9718551636 6.8375701904 -1.8198134899
318.5852966309 5.2753705978 0.0000000000 0.0000000000 41.0177192688 7.1908073425 -1.8133443594
318.1714477539 5.3173532486 0.0000000000 0.0000000000 41.0670089722 7.4968357086 -1.8069372177
317.7455139160 5.3589692116 0.0000000000 0.0000000000 41.1114387512 8.3327112198 -1.8006331921
317.2984924316 5.4002270699 0.0000000000 0.0000000000 41.1553611755 8.5708293915 -1.7952136993
316.8443298340 5.4410820007 0.0000000000 0.0000000000 41.2040863037 7.5193390846 -1.7891501188
316.3801879883 5.4815888405 0.0000000000 0.0000000000 41.2527351379 7.1435098648 -1.7825324535
315.9057922363 5.5217399597 0.0000000000 0.0000000000 41.3068580627 7.6296610832 -1.7767654657
315.4201965332 5.5615539551 0.0000000000 0.0000000000 41.3606605530 7.5333337784 -1.7711666822
314.9316711426 5.6010074615 0.0000000000 0.0000000000 41.4183197021 7.3566212654 -1.7656580210
314.4549865723 5.6400976181 0.0000000000 0.0000000000 41.4719581604 7.3642821312 -1.7603042126
314.0057678223 5.6788029671 0.0000000000 0.0000000000 41.5245285034 7.1800961494 -1.7550776005
313.5832824707 5.7171411514 0.0000000000 0.0000000000 41.5761909485 7.3739018440 -1.7504718304
313.1769714355 5.7550754547 0.0000000000 0.0000000000 41.6234283447 7.6488060951 -1.7450821400
312.7677307129 5.7926354408 0.0000000000 0.0000000000 41.6675376892 7.4477944374 -1.7403111458
312.3560180664 5.8298053741 0.0000000000 0.0000000000 41.7105636597 7.1449823380 -1.7357100248
311.9368286133 5.8665733337 0.0000000000 0.0000000000 41.7506370544 7.2194719315 -1.7312463522
311.5173034668 5.9029474258 0.0000000000 0.0000000000 41.7878608704 7.5208377838 -1.7269110680
311.1077575684 5.9389739037 0.0000000000 0.0000000000 41.8224182129 7.7323441505 -1.7227288485
310.7196655273 5.9746456146 0.0000000000 0.0000000000 41.8540954590 7.8311476707 -1.7186779976
310.3465576172 6.0099725723 0.0000000000 0.0000000000 41.8825225830 8.1359748840 -1.7147327662
309.9859924316 6.0449838638 0.0000000000 0.0000000000 41.9053726196 8.2956628799 -1.7109488249
309.6333007812 6.0796966553 0.0000000000 0.0000000000 41.9272384644 8.5543613434 -1.7072447538
309.2783813477 6.1141119003 0.0000000000 0.0000000000 41.9498100281 9.3213834763 -1.7036482096
308.9119262695 6.1481943130 0.0000000000 0.0000000000 41.9711036682 9.8336448669 -1.7002471685
308.5437622070 6.1819529533 0.0000000000 0.0000000000 41.9940567017 9.8405637741 -1.6968238354
308.1837463379 6.2154107094 0.0000000000 0.0000000000 42.0196380615 9.7282819748 -1.6933451891
307.8311462402 6.2485709190 0.0000000000 0.0000000000 42.0414657593 9.4393272400 -1.6900914907
307.4900207520 6.2814130783 0.0000000000 0.0000000000 42.0640525818 8.9243335724 -1.6868188381
307.1658935547 6.3139834404 0.0000000000 0.0000000000 42.0873908997 8.8625326157 -1.6836292744
306.8481750488 6.3462791443 0.0000000000 0.0000000000 42.1138496399 9.3141775131 -1.6805123091
306.5254211426 6.3783059120 0.0000000000 0.0000000000 42.1397361755 9.6666154861 -1.6775070429
306.1917724609 6.4100937843 0.0000000000 0.0000000000 42.1655998230 10.1140432358 -1.6744800806
305.8553161621 6.4416351318 0.0000000000 0.0000000000 42.1899871826 10.8037872314 -1.6715615988
305.5235595703 6.4729456902 0.0000000000 0.0000000000 42.2149734497 10.9744052887 -1.6687073708
305.2074584961 6.5040464401 0.0000000000 0.0000000000 42.2418174744 10.3382663727 -1.6658712626
304.9050292969 6.5349750519 0.0000000000 0.0000000000 42.2670555115 10.0932350159 -1.6631038189
304.6124267578 6.5657324791 0.0000000000 0.0000000000 42.2969665527 10.2675018311 -1.6604946852
304.3237609863 6.5962667465 0.0000000000 0.0000000000 42.3215522766 9.9585618973 -1.6576598883
304.0351257324 6.6266398430 0.0000000000 0.0000000000 42.3455734253 9.4081420898 -1.6562497616
303.7479553223 6.6567916870 0.0000000000 0.0000000000 42.3664703369 9.1162147522 -1.6523832083
303.4625244141 6.6868057251 0.0000000000 0.0000000000 42.3911056519 8.9199295044 -1.6498024464
303.1781616211 6.7166705132 0.0000000000 0.0000000000 42.4104080200 9.1603612900 -1.6472889185
302.8988952637 6.7464203835 0.0000000000 0.0000000000 42.4254798889 9.6670360565 -1.6447969675
302.6363220215 6.7760453224 0.0000000000 0.0000000000 42.4437522888 9.7300252914 -1.6423491240
302.3840637207 6.8055152893 0.0000000000 0.0000000000 42.4621200562 9.8553972244 -1.6399815083
302.1420593262 6.8348526955 0.0000000000 0.0000000000 42.4778060913 10.0554742813 -1.6377065182
301.9041137695 6.8640480042 0.0000000000 0.0000000000 42.4984626770 10.1747407913 -1.6353983879
301.6693115234 6.8931069374 0.0000000000 0.0000000000 42.5150146484 10.4276933670 -1.6331881285
301.4350891113 6.9220318794 0.0000000000 0.0000000000 42.5314521790 10.5911130905 -1.6310116053
301.2028198242 6.9508852959 0.0000000000 0.0000000000 42.5446968079 10.8250837326 -1.6289029121
300.9789123535 6.9796404839 0.0000000000 0.0000000000 42.5603904724 11.1810865402 -1.6267842054
300.7655334473 7.0083007812 0.0000000000 0.0000000000 42.5761909485 11.2018842697 -1.6247234344
300.5582885742 7.0368471146 0.0000000000 0.0000000000 42.5910606384 10.7052469254 -1.6226511002
300.3587646484 7.0653204918 0.0000000000 0.0000000000 42.6038589478 9.9373626709 -1.6206574440
300.1608886719 7.0937242508 0.0000000000 0.0000000000 42.6177291870 9.7135381699 -1.6186450720
299.9620971680 7.1220355034 0.0000000000 0.0000000000 42.6298408508 10.4663257599 -1.6166781187
299.7640380859 7.1502647400 0.0000000000 0.0000000000 42.6452255249 10.9581232071 -1.6147332191
299.5723571777 7.1784210205 0.0000000000 0.0000000000 42.6621665955 10.8360004425 -1.6129579544
299.3884277344 7.2064814568 0.0000000000 0.0000000000 42.6789283752 10.9572591782 -1.6126540899
299.2099304199 7.2344503403 0.0000000000 0.0000000000 42.6947822571 11.4463443756 -1.6090135574
299.0193786621 7.2623071671 0.0000000000 0.0000000000 42.7106094360 12.0895814896 -1.6072797775
298.8150634766 7.2900772095 0.0000000000 0.0000000000 42.7274093628 12.4328422546 -1.6054651737
298.6056823730 7.3177804947 0.0000000000 0.0000000000 42.7447242737 12.6116647720 -1.6036242247
298.3976440430 7.3454427719 0.0000000000 0.0000000000 42.7696495056 13.2775630951 -1.6018805504
298.2039489746 7.3730444908 0.0000000000 0.0000000000 42.7867126465 13.1547031403 -1.6001451015
298.0244750977 7.4005784988 0.0000000000 0.0000000000 42.8041992188 12.6310787201 -1.5984278917
297.8449096680 7.4280462265 0.0000000000 0.0000000000 42.8159904480 12.3955135345 -1.5967639685
297.6560363770 7.4554262161 0.0000000000 0.0000000000 42.8321876526 12.1238145828 -1.5950874090
297.4609069824 7.4826912880 0.0000000000 0.0000000000 42.8498420715 12.4964647293 -1.5934486389
297.2650451660 7.5098257065 0.0000000000 0.0000000000 42.8639068604 12.9217185974 -1.5918297768
297.0781555176 7.5368165970 0.0000000000 0.0000000000 42.8805694580 13.2567749023 -1.5902072191
296.9032287598 7.5636544228 0.0000000000 0.0000000000 42.8994865417 13.8038120270 -1.5886486769
296.7474060059 7.5903520584 0.0000000000 0.0000000000 42.9152336121 14.7467451096 -1.5870969296
296.6060791016 7.6169157028 0.0000000000 0.0000000000 42.9364891052 15.2127742767 -1.5856057405
296.4665832520 7.6433515549 0.0000000000 0.0000000000 42.9543724060 14.7348384857 -1.5841668844
296.3202209473 7.6696634293 0.0000000000 0.0000000000 42.9728202820 13.9703121185 -1.5827497244
296.1644897461 7.6958489418 0.0000000000 0.0000000000 42.9885902405 13.6829032898 -1.5813760757
295.9999389648 7.7219047546 0.0000000000 0.0000000000 43.0050849915 13.8487243652 -1.5800273418
295.8328552246 7.7478427887 0.0000000000 0.0000000000 43.0248336792 14.1893815994 -1.5786875486
295.6689453125 7.7736506462 0.0000000000 0.0000000000 43.0406570435 14.5265655518 -1.5774065256
295.5157470703 7.7993488312 0.0000000000 0.0000000000 43.0550041199 14.8435268402 -1.5761414766
295.3647460938 7.8249139786 0.0000000000 0.0000000000 43.0707435608 15.8561382294 -1.5749056339
295.2058105469 7.8503370285 0.0000000000 0.0000000000 43.0847511292 20.2302646637 -1.5737144947
295.0309753418 7.8756241798 0.0000000000 0.0000000000 43.0979843140 20.1950492859 -1.5725386143
294.8559875488 7.9007787704 0.0000000000 0.0000000000 43.1072654724 18.2124443054 -1.5714175701
294.6831665039 7.9257955551 0.0000000000 0.0000000000 43.1158638000 18.7473258972 -1.5703548193
294.5163879395 7.9506282806 0.0000000000 0.0000000000 43.1243438721 18.4672393799 -1.5692608356
294.3543090820 7.9753046036 0.0000000000 0.0000000000 43.1353149414 19.0149154663 -1.5674605370
294.2099609375 7.9997391701 0.0000000000 0.0000000000 43.1474342346 17.4751453400 -1.5673528910
294.0541992188 8.0239639282 0.0000000000 0.0000000000 43.1596755981 17.4718742371 -1.5664113760
293.8936767578 8.0480346680 0.0000000000 0.0000000000 43.1713371277 19.3713912964 -1.5655248165
293.7246398926 8.0719642639 0.0000000000 0.0000000000 43.1810951233 18.8325271606 -1.5647305250
293.5603332520 8.0957012177 0.0000000000 0.0000000000 43.1913909912 19.3684692383 -1.5639770031
293.3933410645 8.1192274094 0.0000000000 0.0000000000 43.2008552551 18.8311786652 -1.5632317066
293.2221984863 8.1425609589 0.0000000000 0.0000000000 43.2110977173 20.2008152008 -1.5626134872
293.0521545410 8.1657218933 0.0000000000 0.0000000000 43.2216873169 19.3663978577 -1.5620627403
292.8805541992 8.1887025833 0.0000000000 0.0000000000 43.2337112427 20.0042133331 -1.5616081953
292.7107849121 8.2114849091 0.0000000000 0.0000000000 43.2476921082 20.5954799652 -1.5612105131
292.5508728027 8.2340583801 0.0000000000 0.0000000000 43.2653961182 19.1098499298 -1.5609016418
292.3945312500 8.2564296722 0.0000000000 0.0000000000 43.2870941162 18.7892532349 -1.5606474876
292.2384033203 8.2785854340 0.0000000000 0.0000000000 43.3016815186 18.9519901276 -1.5604619980
292.0881347656 8.3005113602 0.0000000000 0.0000000000 43.3189201355 19.5612239838 -1.5603445768
291.9435729980 8.3221492767 0.0000000000 0.0000000000 43.3327941895 20.1848659515 -1.5602538586
291.8049316406 8.3434581757 0.0000000000 0.0000000000 43.3426017761 20.1599102020 -1.5603728294
291.6673278809 8.3643960953 0.0000000000 0.0000000000 43.3479957581 18.8270473480 -1.5601232052
291.5250854492 8.3849716187 0.0000000000 0.0000000000 43.3513984680 18.5215492249 -1.5600721836
291.3759765625 8.4051656723 0.0000000000 0.0000000000 43.3542251587 19.2670402527 -1.5600074530
291.2069702148 8.4249973297 0.0000000000 0.0000000000 43.3567695618 18.9564857483 -1.5599275827
291.0268554688 8.4444169998 0.0000000000 0.0000000000 43.3574028015 19.2655048370 -1.5609241724
290.8699340820 8.4634437561 0.0000000000 0.0000000000 43.3599052429 19.8600006104 -1.5597048998
290.7346801758 8.4820890427 0.0000000000 0.0000000000 43.3614616394 20.1727848053 -1.5599106550
290.6336975098 8.5003547668 0.0000000000 0.0000000000 43.3624229431 20.6298503876 -1.5594815016
290.5668945312 8.5182132721 0.0000000000 0.0000000000 43.3667678833 20.7631759644 -1.5593640804
290.5158081055 8.5356588364 0.0000000000 0.0000000000 43.3696708679 21.3619117737 -1.5592528582
290.4710998535 8.5527276993 0.0000000000 0.0000000000 43.3742561340 22.5855064392 -1.5591610670
290.4202575684 8.5694427490 0.0000000000 0.0000000000 43.3771591187 23.0560035706 -1.5590780973
290.3782043457 8.5858163834 0.0000000000 0.0000000000 43.3798751831 22.7362251282 -1.5591061115
290.3563842773 8.6019124985 0.0000000000 0.0000000000 43.3799324036 22.3571567535 -1.5588996410
290.3493041992 8.6177949905 0.0000000000 0.0000000000 43.3821601868 21.7665271759 -1.5588018894
290.3355407715 8.6334896088 0.0000000000 0.0000000000 43.3822975159 21.4469108582 -1.5587197542
290.3003540039 8.6490125656 0.0000000000 0.0000000000 43.3788223267 21.9725055695 -1.5585932732
290.2359619141 8.6644010544 0.0000000000 0.0000000000 43.3753471375 22.7878379822 -1.5584671497
290.1546630859 8.6797037125 0.0000000000 0.0000000000 43.3744964600 22.4177150726 -1.5583305359
290.0784301758 8.6948900223 0.0000000000 0.0000000000 43.3764839172 21.4765148163 -1.5581774712
290.0257873535 8.7099800110 0.0000000000 0.0000000000 43.3803672791 20.6761760712 -1.5580135584
290.0055541992 8.7249765396 0.0000000000 0.0000000000 43.3854713440 20.3000850677 -1.5578473806
289.9996337891 8.7398824692 0.0000000000 0.0000000000 43.3920249939 20.1357002258 -1.5576641560
289.9801025391 8.7546949387 0.0000000000 0.0000000000 43.3931427002 20.3293800354 -1.5574554205
289.9415283203 8.7694396973 0.0000000000 0.0000000000 43.3921737671 21.4338531494 -1.5572462082
289.8824157715 8.7841424942 0.0000000000 0.0000000000 43.3917999268 22.2103061676 -1.5577250719
289.8217773438 8.7987480164 0.0000000000 0.0000000000 43.3890571594 22.2267417908 -1.5567748547
289.7528076172 8.8132448196 0.0000000000 0.0000000000 43.3875846863 23.2043552399 -1.5564531088
289.6886596680 8.8275871277 0.0000000000 0.0000000000 43.3854789734 24.8296871185 -1.5562911034
289.6318664551 8.8417749405 0.0000000000 0.0000000000 43.3849792480 25.6858367920 -1.5571353436
289.5758972168 8.8558053970 0.0000000000 0.0000000000 43.3852958679 25.8520393372 -1.5558147430
289.5205383301 8.8697204590 0.0000000000 0.0000000000 43.3859519958 26.4777469635 -1.5555548668
289.4634094238 8.8835182190 0.0000000000 0.0000000000 43.3883934021 28.3336486816 -1.5553171635
289.4133911133 8.8972425461 0.0000000000 0.0000000000 43.3946037292 30.9646129608 -1.5550569296
289.3648986816 8.9109010696 0.0000000000 0.0000000000 43.3991889954 33.5580482483 -1.5548034906
289.3193359375 8.9245233536 0.0000000000 0.0000000000 43.4001884460 35.2705192566 -1.5545244217
289.2701416016 8.9380712509 0.0000000000 0.0000000000 43.4049720764 35.7566452026 -1.5542455912
289.2170715332 8.9515314102 0.0000000000 0.0000000000 43.4102745056 35.3275833130 -1.5539436340
289.1630249023 8.9649429321 0.0000000000 0.0000000000 43.4162521362 34.4086685181 -1.5522933006
289.1043701172 8.9782514572 0.0000000000 0.0000000000 43.4223327637 32.9123229980 -1.5533643961
289.0436706543 8.9915590286 0.0000000000 0.0000000000 43.4253730774 31.6303844452 -1.5530837774
288.9779968262 9.0049047470 0.0000000000 0.0000000000 43.4310646057 32.7168884277 -1.5527739525
288.9136657715 9.0183124542 0.0000000000 0.0000000000 43.4363250732 32.7183380127 -1.5524778366
288.8494262695 9.0317592621 0.0000000000 0.0000000000 43.4415130615 32.7982711792 -1.5521869659
288.7876586914 9.0452394485 0.0000000000 0.0000000000 43.4485244751 33.7843780518 -1.5518927574
288.7307128906 9.0587368011 0.0000000000 0.0000000000 43.4593811035 33.6273994446 -1.5511823893
288.6846923828 9.0722017288 0.0000000000 0.0000000000 43.4703865051 32.9750022888 -1.5513447523
288.6362304688 9.0857133865 0.0000000000 0.0000000000 43.4829216003 33.7969741821 -1.5510917902
288.5855407715 9.0992565155 0.0000000000 0.0000000000 43.4936676025 33.9046516418 -1.5513876677
288.5337524414 9.1127414703 0.0000000000 0.0000000000 43.5057106018 32.6750679016 -1.5506325960
288.4740295410 9.1262493134 0.0000000000 0.0000000000 43.5147743225 31.7166633606 -1.5504277945
288.4124755859 9.1397523880 0.0000000000 0.0000000000 43.5224685669 32.5841865540 -1.5502129793
288.3522949219 9.1532678604 0.0000000000 0.0000000000 43.5321769714 32.5323905945 -1.5500416756
288.2976989746 9.1667909622 0.0000000000 0.0000000000 43.5389633179 33.4305801392 -1.5498619080
288.2513732910 9.1803121567 0.0000000000 0.0000000000 43.5465507507 34.8238983154 -1.5497072935
288.2127990723 9.1937675476 0.0000000000 0.0000000000 43.5564880371 35.4930801392 -1.5495637655
288.1691284180 9.2071981430 0.0000000000 0.0000000000 43.5630683899 34.4006118774 -1.5494161844
288.1175231934 9.2205982208 0.0000000000 0.0000000000 43.5700149536 34.5326194763 -1.5492945910
288.0598144531 9.2339534760 0.0000000000 0.0000000000 43.5764122009 34.8844795227 -1.5491600037
288.0000915527 9.2472152710 0.0000000000 0.0000000000 43.5860366821 33.6553649902 -1.5490392447
287.9486999512 9.2603693008 0.0000000000 0.0000000000 43.5879173279 31.4725246429 -1.5489104986
287.8984069824 9.2733993530 0.0000000000 0.0000000000 43.5923004150 29.7562942505 -1.5487926006
287.8523254395 9.2862854004 0.0000000000 0.0000000000 43.5980796814 29.3884334564 -1.5487211943
287.8026123047 9.2990388870 0.0000000000 0.0000000000 43.6026382446 31.2228374481 -1.5485688448
287.7506103516 9.3116521835 0.0000000000 0.0000000000 43.6076393127 30.8669433594 -1.5484702587
287.6968383789 9.3241739273 0.0000000000 0.0000000000 43.6059532166 28.6399307251 -1.5483648777
287.6487121582 9.3366069794 0.0000000000 0.0000000000 43.6041374207 26.8185958862 -1.5482826233
287.6073608398 9.3489742279 0.0000000000 0.0000000000 43.6029815674 26.8792648315 -1.5481728315
287.5680847168 9.3612680435 0.0000000000 0.0000000000 43.6003990173 27.4266166687 -1.5480688810
287.5231018066 9.3734750748 0.0000000000 0.0000000000 43.5967292786 27.1845798492 -1.5479420424
287.4673767090 9.3856210709 0.0000000000 0.0000000000 43.5940475464 27.1329956055 -1.5478150845
287.4001464844 9.3977155685 0.0000000000 0.0000000000 43.5868034363 27.8078346252 -1.5478645563
287.3381652832 9.4097051620 0.0000000000 0.0000000000 43.5764465332 28.5028762817 -1.5475578308
287.2925109863 9.4216575623 0.0000000000 0.0000000000 43.5723342896 29.8505859375 -1.5474119186
287.2605590820 9.4335517883 0.0000000000 0.0000000000 43.5700721741 31.3170242310 -1.5472646952
287.2417602539 9.4454259872 0.0000000000 0.0000000000 43.5699615479 32.1510124207 -1.5471048355
287.2124023438 9.4572982788 0.0000000000 0.0000000000 43.5706710815 33.8194541931 -1.5469603539
287.1651611328 9.4691801071 0.0000000000 0.0000000000 43.5711402893 34.6152114868 -1.5468047857
287.1164550781 9.4811038971 0.0000000000 0.0000000000 43.5716743469 34.7543487549 -1.5466688871
287.0742797852 9.4930267334 0.0000000000 0.0000000000 43.5747222900 34.8486022949 -1.5465159416
287.0532531738 9.5049381256 0.0000000000 0.0000000000 43.5785713196 34.8642654419 -1.5463774204
287.0487060547 9.5168600082 0.0000000000 0.0000000000 43.5811729431 34.4441146851 -1.5462495089
287.0454101562 9.5288228989 0.0000000000 0.0000000000 43.5826492310 33.7710838318 -1.5461263657
287.0336608887 9.5407819748 0.0000000000 0.0000000000 43.5813026428 34.1024932861 -1.5459959507
287.0217285156 9.5526971817 0.0000000000 0.0000000000 43.5803833008 35.0233421326 -1.5458858013
287.0193481445 9.5645799637 0.0000000000 0.0000000000 43.5784950256 36.5093917847 -1.5457690954
287.0248107910 9.5764207840 0.0000000000 0.0000000000 43.5770988464 38.7048835754 -1.5456774235
287.0340576172 9.5882663727 0.0000000000 0.0000000000 43.5757408142 40.4521408081 -1.5455609560
287.0409545898 9.6001205444 0.0000000000 0.0000000000 43.5726127625 42.1886367798 -1.5454378128
287.0341186523 9.6119890213 0.0000000000 0.0000000000 43.5656433105 44.2546234131 -1.5452798605
287.0088500977 9.6238718033 0.0000000000 0.0000000000 43.5593109131 46.2333526611 -1.5451062918
286.9727478027 9.6357793808 0.0000000000 0.0000000000 43.5507965088 47.2212028503 -1.5449242592
286.9395751953 9.6476678848 0.0000000000 0.0000000000 43.5417060852 47.1036911011 -1.5447831154
286.9270935059 9.6595191956 0.0000000000 0.0000000000 43.5346832275 46.9445075989 -1.5445773602
286.9187011719 9.6713228226 0.0000000000 0.0000000000 43.5298728943 46.8361434937 -1.5443825722
286.9092407227 9.6830492020 0.0000000000 0.0000000000 43.5268936157 46.6677474976 -1.5442243814
286.8827819824 9.6947450638 0.0000000000 0.0000000000 43.5204772949 46.8102493286 -1.5440020561
286.8382263184 9.7064723969 0.0000000000 0.0000000000 43.5125694275 46.6316604614 -1.5437867641
286.7832641602 9.7182502747 0.0000000000 0.0000000000 43.5027923584 45.8303146362 -1.5435899496
286.7295837402 9.7300901413 0.0000000000 0.0000000000 43.4931373596 45.3092308044 -1.5433684587
286.6823730469 9.7419338226 0.0000000000 0.0000000000 43.4839210510 44.7798385620 -1.5431121588
286.6463623047 9.7537031174 0.0000000000 0.0000000000 43.4713401794 42.9587402344 -1.5429579020
286.6112976074 9.7654438019 0.0000000000 0.0000000000 43.4616546631 40.2095108032 -1.5427436829
286.5681762695 9.7771921158 0.0000000000 0.0000000000 43.4498519897 38.4558601379 -1.5425339937
286.5228881836 9.7889757156 0.0000000000 0.0000000000 43.4392089844 38.5086975098 -1.5423089266
286.4760742188 9.8007726669 0.0000000000 0.0000000000 43.4269981384 39.3635253906 -1.5420882702
286.4408874512 9.8126029968 0.0000000000 0.0000000000 43.4168815613 39.8301544189 -1.5418673754
286.4162597656 9.8244447708 0.0000000000 0.0000000000 43.4061355591 39.9022483826 -1.5416254997
286.3918151855 9.8362312317 0.0000000000 0.0000000000 43.3952484131 40.0872535706 -1.5413925648
286.3591003418 9.8480157852 0.0000000000 0.0000000000 43.3811912537 40.5241851807 -1.5411334038
286.3166809082 9.8597917557 0.0000000000 0.0000000000 43.3669433594 41.2802009583 -1.5408872366
286.2799072266 9.8715724945 0.0000000000 0.0000000000 43.3513374329 41.9820938110 -1.5406440496
286.2517395020 9.8833608627 0.0000000000 0.0000000000 43.3379859924 42.3548316956 -1.5403897762
286.2351379395 9.8951444626 0.0000000000 0.0000000000 43.3221435547 42.9352645874 -1.5401558876
286.2216796875 9.9069204330 0.0000000000 0.0000000000 43.3102340698 43.7460975647 -1.5398808718
286.2064514160 9.9186716080 0.0000000000 0.0000000000 43.2956161499 44.3115234375 -1.5396075249
286.1882324219 9.9303493500 0.0000000000 0.0000000000 43.2816276550 44.3709678650 -1.5392943621
286.1536254883 9.9420022964 0.0000000000 0.0000000000 43.2615737915 43.8876533508 -1.5390007496
286.1278076172 9.9535722733 0.0000000000 0.0000000000 43.2440071106 42.9653396606 -1.5386461020
286.1011962891 9.9650344849 0.0000000000 0.0000000000 43.2266769409 41.8118858337 -1.5385196209
286.0918884277 9.9763507843 0.0000000000 0.0000000000 43.2160530090 41.1483001709 -1.5380721092
286.0642395020 9.9876260757 0.0000000000 0.0000000000 43.2042312622 41.7214508057 -1.5379340649
286.0397338867 9.9988698959 0.0000000000 0.0000000000 43.1917533875 43.1552963257 -1.5377302170
286.0008544922 10.0100393295 0.0000000000 0.0000000000 43.1771850586 44.6388320923 -1.5375717878
285.9639587402 10.0211372375 0.0000000000 0.0000000000 43.1639480591 45.5960388184 -1.5373942852
285.9334411621 10.0321378708 0.0000000000 0.0000000000 43.1509704590 46.0154113770 -1.5371693373
285.9100341797 10.0430402756 0.0000000000 0.0000000000 43.1405105591 46.5260620117 -1.5369516611
285.8895874023 10.0538520813 0.0000000000 0.0000000000 43.1310195923 47.2875595093 -1.5367078781
285.8556823730 10.0645542145 0.0000000000 0.0000000000 43.1209907532 48.2777290344 -1.5365229845
285.8222045898 10.0751619339 0.0000000000 0.0000000000 43.1112403870 50.1253890991 -1.5363231897
285.7794799805 10.0856876373 0.0000000000 0.0000000000 43.0990333557 52.9032707214 -1.5361825228
285.7397155762 10.0961675644 0.0000000000 0.0000000000 43.0881500244 55.5258636475 -1.5359003544
285.6994018555 10.1065950394 0.0000000000 0.0000000000 43.0781631470 56.5509300232 -1.5358383656
285.6607971191 10.1170177460 0.0000000000 0.0000000000 43.0687332153 55.6607551575 -1.5356341600
285.6333618164 10.1274538040 0.0000000000 0.0000000000 43.0577583313 54.1398887634 -1.5354288816
285.5969543457 10.1378688812 0.0000000000 0.0000000000 43.0458412170 53.3981628418 -1.5352071524
285.5653991699 10.1483011246 0.0000000000 0.0000000000 43.0342445374 53.7982826233 -1.5351794958
285.5279541016 10.1586971283 0.0000000000 0.0000000000 43.0226554871 54.4621696472 -1.5347880125
285.5014038086 10.1690683365 0.0000000000 0.0000000000 43.0114479065 54.1076393127 -1.5345770121
285.4778137207 10.1794300079 0.0000000000 0.0000000000 42.9984931946 52.8000488281 -1.5343781710
285.4536437988 10.1897449493 0.0000000000 0.0000000000 42.9837570190 51.8665580750 -1.5342423916
285.4217834473 10.1999130249 0.0000000000 0.0000000000 42.9715766907 52.0012435913 -1.5339604616
285.3800048828 10.2099685669 0.0000000000 0.0000000000 42.9599151611 52.5421676636 -1.5337173939
285.3386230469 10.2199039459 0.0000000000 0.0000000000 42.9461517334 52.7087287903 -1.5335013866
285.2972106934 10.2297687531 0.0000000000 0.0000000000 42.9346389771 52.2168807983 -1.5332329273
285.2696838379 10.2395677567 0.0000000000 0.0000000000 42.9257736206 50.8998031616 -1.5329840183
285.2482299805 10.2491941452 0.0000000000 0.0000000000 42.9262847900 49.1889076233 -1.5327212811
285.2240295410 10.2587499619 0.0000000000 0.0000000000 42.9261970520 48.0131034851 -1.5324765444
285.1890869141 10.2682209015 0.0000000000 0.0000000000 42.9259681702 47.9962501526 -1.5322618484
285.1495971680 10.2776193619 0.0000000000 0.0000000000 42.9250144958 49.1870956421 -1.5320506096
285.1056823730 10.2869644165 0.0000000000 0.0000000000 42.9233016968 51.1885032654 -1.5321445465
285.0657958984 10.2962427139 0.0000000000 0.0000000000 42.9211349487 53.3123550415 -1.5317391157
285.0349731445 10.3054323196 0.0000000000 0.0000000000 42.9182243347 54.8991851807 -1.5316278934
285.0159606934 10.3144960403 0.0000000000 0.0000000000 42.9152526855 55.6919746399 -1.5314924717
284.9988403320 10.3234872818 0.0000000000 0.0000000000 42.9114189148 55.7733154297 -1.5314134359
284.9780273438 10.3323612213 0.0000000000 0.0000000000 42.9058532715 55.1849517822 -1.5313361883
284.9544067383 10.3411121368 0.0000000000 0.0000000000 42.8987960815 53.9360313416 -1.5312812328
284.9274597168 10.3496847153 0.0000000000 0.0000000000 42.8908500671 52.3126831055 -1.5312345028
284.8954467773 10.3580894470 0.0000000000 0.0000000000 42.8824653625 50.7600326538 -1.5311964750
284.8653259277 10.3663759232 0.0000000000 0.0000000000 42.8774147034 49.7266998291 -1.5311633348
284.8496398926 10.3745508194 0.0000000000 0.0000000000 42.8732223511 49.3829116821 -1.5311427116
284.8381042480 10.3825931549 0.0000000000 0.0000000000 42.8694648743 49.7538032532 -1.5311093330
284.8322448730 10.3904676437 0.0000000000 0.0000000000 42.8686065674 51.2526245117 -1.5310617685
284.8185119629 10.3981447220 0.0000000000 0.0000000000 42.8679733276 53.5299491882 -1.5309829712
284.8013610840 10.4056644440 0.0000000000 0.0000000000 42.8704490662 53.7995643616 -1.5308704376
284.7838439941 10.4130287170 0.0000000000 0.0000000000 42.8704376221 52.7977561951 -1.5307329893
284.7587585449 10.4202499390 0.0000000000 0.0000000000 42.8731918335 53.2217102051 -1.5305881500
284.7159729004 10.4273557663 0.0000000000 0.0000000000 42.8750839233 53.9258880615 -1.5304369926
284.6651000977 10.4343385696 0.0000000000 0.0000000000 42.8769416809 52.8843612671 -1.5302478075
284.6091308594 10.4412393570 0.0000000000 0.0000000000 42.8786087036 50.7212944031 -1.5300927162
284.5748901367 10.4480533600 0.0000000000 0.0000000000 42.8777580261 49.6969604492 -1.5298786163
284.5358886719 10.4547634125 0.0000000000 0.0000000000 42.8770141602 50.1028518677 -1.5298063755
284.5022277832 10.4614133835 0.0000000000 0.0000000000 42.8744277954 51.1130447388 -1.5296458006
284.4452514648 10.4680423737 0.0000000000 0.0000000000 42.8722991943 52.7022628784 -1.5295867920
284.3887329102 10.4746665955 0.0000000000 0.0000000000 42.8676567078 54.8999443054 -1.5294816494
284.3272094727 10.4813013077 0.0000000000 0.0000000000 42.8673210144 57.4706687927 -1.5293394327
284.2914428711 10.4879388809 0.0000000000 0.0000000000 42.8656082153 61.2703323364 -1.5292060375
284.2627258301 10.4946117401 0.0000000000 0.0000000000 42.8638076782 64.2770919800 -1.5290218592
284.2507019043 10.5013046265 0.0000000000 0.0000000000 42.8588600159 64.8376541138 -1.5288474560
284.2282714844 10.5080223083 0.0000000000 0.0000000000 42.8567733765 65.2416152954 -1.5286307335
284.1975402832 10.5148077011 0.0000000000 0.0000000000 42.8562164307 65.2033309937 -1.5284310579
284.1649780273 10.5216636658 0.0000000000 0.0000000000 42.8567466736 62.6247062683 -1.5281789303
284.1452331543 10.5285949707 0.0000000000 0.0000000000 42.8597106934 60.8436889648 -1.5279920101
284.1490173340 10.5356149673 0.0000000000 0.0000000000 42.8562469482 60.1611442566 -1.5277503729
284.1507263184 10.5427417755 0.0000000000 0.0000000000 42.8550643921 60.2468833923 -1.5275702477
284.1548767090 10.5499773026 0.0000000000 0.0000000000 42.8550376892 61.4863090515 -1.5273550749
284.1476135254 10.5573434830 0.0000000000 0.0000000000 42.8583297729 62.5871429443 -1.5271300077
284.1461181641 10.5648431778 0.0000000000 0.0000000000 42.8567771912 63.8222084045 -1.5268831253
284.1406860352 10.5724649429 0.0000000000 0.0000000000 42.8524856567 64.4961090088 -1.5266069174
284.1421203613 10.5802116394 0.0000000000 0.0000000000 42.8498001099 63.9091491699 -1.5263390541
284.1381225586 10.5881032944 0.0000000000 0.0000000000 42.8489723206 63.5457992554 -1.5260524750
284.1231384277 10.5961112976 0.0000000000 0.0000000000 42.8485603333 63.7595405579 -1.5257600546
284.1090698242 10.6042051315 0.0000000000 0.0000000000 42.8503990173 64.2976074219 -1.5254817009
284.1011962891 10.6122961044 0.0000000000 0.0000000000 42.8523559570 65.2698287964 -1.5252087116
284.1148071289 10.6204595566 0.0000000000 0.0000000000 42.8532562256 64.8463592529 -1.5249270201
284.1169128418 10.6286945343 0.0000000000 0.0000000000 42.8494415283 62.1111297607 -1.5246603489
284.1184082031 10.6369695663 0.0000000000 0.0000000000 42.8471221924 60.3923568726 -1.5243899822
284.0946044922 10.6452665329 0.0000000000 0.0000000000 42.8437919617 61.3127288818 -1.5241910219
284.0706787109 10.6535673141 0.0000000000 0.0000000000 42.8404159546 61.9172058105 -1.5239801407
284.0342407227 10.6618709564 0.0000000000 0.0000000000 42.8364982605 60.3746490479 -1.5238306522
284.0075683594 10.6701650620 0.0000000000 0.0000000000 42.8325233459 59.4889831543 -1.5236790180
283.9949645996 10.6784648895 0.0000000000 0.0000000000 42.8280029297 60.2396240234 -1.5235644579
283.9952697754 10.6867847443 0.0000000000 0.0000000000 42.8230209351 63.0749244690 -1.5234501362
283.9896545410 10.6951160431 0.0000000000 0.0000000000 42.8164176941 68.5897979736 -1.5233622789
283.9747924805 10.7034540176 0.0000000000 0.0000000000 42.8100204468 70.8190002441 -1.5232876539
283.9626770020 10.7117595673 0.0000000000 0.0000000000 42.8054161072 69.4277801514 -1.5232558250
283.9451599121 10.7200584412 0.0000000000 0.0000000000 42.8002586365 69.8398056030 -1.5232366323
283.9284667969 10.7283315659 0.0000000000 0.0000000000 42.7967987061 69.5149002075 -1.5232428312
283.9167785645 10.7365388870 0.0000000000 0.0000000000 42.7981834412 68.1208114624 -1.5232436657
283.9102783203 10.7447481155 0.0000000000 0.0000000000 42.7925796509 68.0525131226 -1.5232675076
283.8952026367 10.7529411316 0.0000000000 0.0000000000 42.7870674133 67.8984909058 -1.5270491838
283.9037170410 10.7610540390 0.0000000000 0.0000000000 42.7801055908 69.1897659302 -1.5234026909
283.8951110840 10.7691698074 0.0000000000 0.0000000000 42.7752304077 69.6800842285 -1.5234875679
283.8772583008 10.7772693634 0.0000000000 0.0000000000 42.7697525024 71.3162841797 -1.5235711336
283.8446960449 10.7853775024 0.0000000000 0.0000000000 42.7667808533 71.6624526978 -1.5236409903
