#         rmsthk      stdthk       rmsvel       stdvel       rmsdiv       stddiv       rmsusurf       stdusurf
-0.0000014017 0.0000999551 -17.8477306366 179.8375701904 0.0000000000 0.0000000000 0.0000000000 0.0000000000
-0.0469494238 0.5924140811 -23.1065120697 169.1040802002 0.0000000000 0.0000000000 0.0000000000 0.0000000000
-0.0851202309 1.1797994375 -25.7928276062 162.0377349854 0.0000000000 0.0000000000 0.0000000000 0.0000000000
-0.1186978444 1.7638846636 -27.9009132385 157.5152130127 0.0000000000 0.0000000000 0.0000000000 0.0000000000
-0.1498482823 2.3376138210 -29.8728351593 154.4588623047 0.0000000000 0.0000000000 0.0000000000 0.0000000000
-0.1800207943 2.8986546993 -31.8193111420 152.2984161377 0.0000000000 0.0000000000 0.0000000000 0.0000000000
-0.2089332789 3.4463505745 -33.7494964600 150.7887115479 0.0000000000 0.0000000000 0.0000000000 0.0000000000
-0.2361327559 3.9805960655 -35.6429786682 149.7450714111 0.0000000000 0.0000000000 0.0000000000 0.0000000000
-0.2611920238 4.5021772385 -37.4424400330 149.0045471191 0.0000000000 0.0000000000 0.0000000000 0.0000000000
-0.2836323678 5.0116844177 -39.0692710876 148.4860992432 0.0000000000 0.0000000000 0.0000000000 0.0000000000
-0.3030207455 5.5099267960 -40.4688453674 148.1307983398 0.0000000000 0.0000000000 0.0000000000 0.0000000000
-0.3191203475 5.9973845482 -41.6640243530 147.8828582764 0.0000000000 0.0000000000 0.0000000000 0.0000000000
-0.3320175111 6.4747843742 -42.7116928101 147.7025756836 0.0000000000 0.0000000000 0.0000000000 0.0000000000
-0.3418087959 6.9429931641 -43.6379165649 147.5669555664 0.0000000000 0.0000000000 0.0000000000 0.0000000000
-0.3484619856 7.4026241302 -44.4616851807 147.4617462158 0.0000000000 0.0000000000 0.0000000000 0.0000000000
-0.3519667983 7.8540725708 -45.1922035217 147.3794097900 0.0000000000 0.0000000000 0.0000000000 0.0000000000
-0.3523210883 8.2978143692 -45.8324623108 147.3139801025 0.0000000000 0.0000000000 0.0000000000 0.0000000000
-0.3495744169 8.7340965271 -46.3745574951 147.2638854980 0.0000000000 0.0000000000 0.0000000000 0.0000000000
-0.3439764380 9.1633558273 -46.8181114197 147.2261962891 0.0000000000 0.0000000000 0.0000000000 0.0000000000
-0.3355851471 9.5858020782 -47.1714553833 147.1978302002 0.0000000000 0.0000000000 0.0000000000 0.0000000000
-0.3246907592 10.0017938614 -47.4375190735 147.1783447266 0.0000000000 0.0000000000 0.0000000000 0.0000000000
-0.3115535080 10.4116134644 -47.6231880188 147.1650085449 0.0000000000 0.0000000000 0.0000000000 0.0000000000
-0.2963632047 10.8154020309 -47.7414817810 147.1552429199 0.0000000000 0.0000000000 0.0000000000 0.0000000000
-0.2793587446 11.2133684158 -47.7988700867 147.1486358643 0.0000000000 0.0000000000 0.0000000000 0.0000000000
-0.2608620524 11.6058444977 -47.7985916138 147.1462707520 0.0000000000 0.0000000000 0.0000000000 0.0000000000
-0.2410520762 11.9929742813 -47.7434158325 147.1470031738 0.0000000000 0.0000000000 0.0000000000 0.0000000000
-0.2201626897 12.3750352859 -47.6347770691 147.1509857178 0.0000000000 0.0000000000 0.0000000000 0.0000000000
-0.1985268444 12.7523708344 -47.4710540771 147.1579437256 0.0000000000 0.0000000000 0.0000000000 0.0000000000
-0.1762956232 13.1252460480 -47.2515029907 147.1683502197 0.0000000000 0.0000000000 0.0000000000 0.0000000000
-0.1536913961 13.4939727783 -46.9783821106 147.1817932129 0.0000000000 0.0000000000 0.0000000000 0.0000000000
-0.1309336424 13.8588466644 -46.6561355591 147.1975402832 0.0000000000 0.0000000000 0.0000000000 0.0000000000
-0.1082389727 14.2202301025 -46.2917747498 147.2145080566 0.0000000000 0.0000000000 0.0000000000 0.0000000000
-0.0857722461 14.5782604218 -45.8937492371 147.2314300537 0.0000000000 0.0000000000 0.0000000000 0.0000000000
-0.0637049526 14.9331655502 -45.4684524536 147.2475585938 0.0000000000 0.0000000000 0.0000000000 0.0000000000
-0.0422297865 15.2850303650 -45.0218772888 147.2626342773 0.0000000000 0.0000000000 0.0000000000 0.0000000000
-0.0214695726 15.6339416504 -44.5593948364 147.2771148682 0.0000000000 0.0000000000 0.0000000000 0.0000000000
-0.0015649308 15.9799842834 -44.0852127075 147.2909393311 0.0000000000 0.0000000000 0.0000000000 0.0000000000
0.0173651595 16.3231506348 -43.6033515930 147.3035278320 0.0000000000 0.0000000000 0.0000000000 0.0000000000
0.0351681449 16.6633930206 -43.1181640625 147.3143157959 0.0000000000 0.0000000000 0.0000000000 0.0000000000
0.0517050028 17.0007438660 -42.6339797974 147.3224029541 0.0000000000 0.0000000000 0.0000000000 0.0000000000
0.0669946074 17.3350582123 -42.1559448242 147.3269042969 0.0000000000 0.0000000000 0.0000000000 0.0000000000
0.0809761360 17.6663589478 -41.6882553101 147.3274688721 0.0000000000 0.0000000000 0.0000000000 0.0000000000
0.0935769454 17.9946403503 -41.2344322205 147.3241271973 0.0000000000 0.0000000000 0.0000000000 0.0000000000
0.1045582741 18.3201293945 -40.7975845337 147.3167419434 0.0000000000 0.0000000000 0.0000000000 0.0000000000
0.1139503196 18.6427459717 -40.3791999817 147.3053894043 0.0000000000 0.0000000000 0.0000000000 0.0000000000
0.1217424199 18.9624958038 -39.9798698425 147.2897186279 0.0000000000 0.0000000000 0.0000000000 0.0000000000
0.1279924810 19.2793292999 -39.6002006531 147.2695159912 0.0000000000 0.0000000000 0.0000000000 0.0000000000
0.1325378418 19.5933990479 -39.2399101257 147.2449340820 0.0000000000 0.0000000000 0.0000000000 0.0000000000
0.1354156584 19.9045467377 -38.8985481262 147.2155761719 0.0000000000 0.0000000000 0.0000000000 0.0000000000
0.1366321892 20.2127265930 -38.5771064758 147.1814575195 0.0000000000 0.0000000000 0.0000000000 0.0000000000
0.1361925602 20.5178833008 -38.2746772766 147.1429901123 0.0000000000 0.0000000000 0.0000000000 0.0000000000
0.1341813952 20.8200531006 -37.9892539978 147.1001129150 0.0000000000 0.0000000000 0.0000000000 0.0000000000
0.1306090355 21.1192493439 -37.7175979614 147.0531158447 0.0000000000 0.0000000000 0.0000000000 0.0000000000
0.1255110055 21.4154014587 -37.4562873840 147.0024871826 0.0000000000 0.0000000000 0.0000000000 0.0000000000
0.1189452186 21.7085018158 -37.2028007507 146.9479980469 0.0000000000 0.0000000000 0.0000000000 0.0000000000
0.1109143198 21.9983940125 -36.9546623230 146.8890228271 0.0000000000 0.0000000000 0.0000000000 0.0000000000
0.1014648676 22.2850303650 -36.7110862732 146.8252105713 0.0000000000 0.0000000000 0.0000000000 0.0000000000
0.0906873569 22.5682563782 -36.4703140259 146.7561187744 0.0000000000 0.0000000000 0.0000000000 0.0000000000
0.0786404684 22.8480720520 -36.2295532227 146.6815643311 0.0000000000 0.0000000000 0.0000000000 0.0000000000
0.0653717369 23.1243705750 -35.9863166809 146.6021881104 0.0000000000 0.0000000000 0.0000000000 0.0000000000
0.0509116538 23.3971614838 -35.7385940552 146.5175170898 0.0000000000 0.0000000000 0.0000000000 0.0000000000
0.0352741033 23.6663284302 -35.4845924377 146.4274597168 0.0000000000 0.0000000000 0.0000000000 0.0000000000
0.0184952877 23.9317493439 -35.2222213745 146.3307952881 0.0000000000 0.0000000000 0.0000000000 0.0000000000
0.0006934504 24.1933059692 -34.9504127502 146.2261962891 0.0000000000 0.0000000000 0.0000000000 0.0000000000
-0.0182213075 24.4508762360 -34.6688766479 146.1131591797 0.0000000000 0.0000000000 0.0000000000 0.0000000000
-0.0383496247 24.7043972015 -34.3770294189 145.9909515381 0.0000000000 0.0000000000 0.0000000000 0.0000000000
-0.0597353689 24.9537124634 -34.0757369995 145.8596801758 0.0000000000 0.0000000000 0.0000000000 0.0000000000
-0.0824233741 25.1986122131 -33.7658157349 145.7188720703 0.0000000000 0.0000000000 0.0000000000 0.0000000000
-0.1066318527 25.4389266968 -33.4485816956 145.5666961670 0.0000000000 0.0000000000 0.0000000000 0.0000000000
-0.1325198561 25.6746425629 -33.1257133484 145.4024505615 0.0000000000 0.0000000000 0.0000000000 0.0000000000
-0.1600943804 25.9055843353 -32.7973327637 145.2249145508 0.0000000000 0.0000000000 0.0000000000 0.0000000000
-0.1894557029 26.1318683624 -32.4631881714 145.0346832275 0.0000000000 0.0000000000 0.0000000000 0.0000000000
-0.2205015570 26.3534660339 -32.1228294373 144.8326568604 0.0000000000 0.0000000000 0.0000000000 0.0000000000
-0.2532038093 26.5705833435 -31.7743530273 144.6191864014 0.0000000000 0.0000000000 0.0000000000 0.0000000000
-0.2875053585 26.7833518982 -31.4156570435 144.3968658447 0.0000000000 0.0000000000 0.0000000000 0.0000000000
-0.3235809207 26.9919757843 -31.0452671051 144.1660461426 0.0000000000 0.0000000000 0.0000000000 0.0000000000
-0.3616429865 27.1966495514 -30.6627140045 143.9280853271 0.0000000000 0.0000000000 0.0000000000 0.0000000000
-0.4017753601 27.3974838257 -30.2690505981 143.6801147461 0.0000000000 0.0000000000 0.0000000000 0.0000000000
-0.4441501796 27.5947628021 -29.8647403717 143.4209747314 0.0000000000 0.0000000000 0.0000000000 0.0000000000
-0.4890196323 27.7888107300 -29.4485282898 143.1519927979 0.0000000000 0.0000000000 0.0000000000 0.0000000000
-0.5365025997 27.9797668457 -29.0170650482 142.8741912842 0.0000000000 0.0000000000 0.0000000000 0.0000000000
-0.5867845416 28.1679363251 -28.5692901611 142.5871124268 0.0000000000 0.0000000000 0.0000000000 0.0000000000
-0.6401129961 28.3535251617 -28.1039886475 142.2889099121 0.0000000000 0.0000000000 0.0000000000 0.0000000000
-0.6967284083 28.5369110107 -27.6221008301 141.9778747559 0.0000000000 0.0000000000 0.0000000000 0.0000000000
-0.7568643093 28.7185230255 -27.1249370575 141.6550292969 0.0000000000 0.0000000000 0.0000000000 0.0000000000
-0.8207989931 28.8985996246 -26.6165943146 141.3177642822 0.0000000000 0.0000000000 0.0000000000 0.0000000000
-0.8888372183 29.0772094727 -26.1046314240 140.9610748291 0.0000000000 0.0000000000 0.0000000000 0.0000000000
-0.9613268971 29.2546119690 -25.5984840393 140.5812988281 0.0000000000 0.0000000000 0.0000000000 0.0000000000
-1.0385184288 29.4310607910 -25.1059284210 140.1766357422 0.0000000000 0.0000000000 0.0000000000 0.0000000000
-1.1205475330 29.6068572998 -24.6352901459 139.7433776855 0.0000000000 0.0000000000 0.0000000000 0.0000000000
-1.2073945999 29.7823162079 -24.1940479279 139.2834167480 0.0000000000 0.0000000000 0.0000000000 0.0000000000
-1.2990157604 29.9575958252 -23.7864894867 138.7911376953 0.0000000000 0.0000000000 0.0000000000 0.0000000000
-1.3951505423 30.1329307556 -23.4163303375 138.2657165527 0.0000000000 0.0000000000 0.0000000000 0.0000000000
-1.4956065416 30.3085994720 -23.0815658569 137.7133178711 0.0000000000 0.0000000000 0.0000000000 0.0000000000
-1.6000070572 30.4846134186 -22.7757930756 137.1311187744 0.0000000000 0.0000000000 0.0000000000 0.0000000000
-1.7079496384 30.6609230042 -22.4901332855 136.5235443115 0.0000000000 0.0000000000 0.0000000000 0.0000000000
-1.8191499710 30.8374195099 -22.2155838013 135.8921051025 0.0000000000 0.0000000000 0.0000000000 0.0000000000
-1.9331098795 31.0137481689 -21.9425048828 135.2395019531 0.0000000000 0.0000000000 0.0000000000 0.0000000000
-2.0494973660 31.1898269653 -21.6600914001 134.5679931641 0.0000000000 0.0000000000 0.0000000000 0.0000000000
-2.1679632664 31.3656368256 -21.3559932709 133.8846740723 0.0000000000 0.0000000000 0.0000000000 0.0000000000
-2.2883303165 31.5413665771 -21.0326614380 133.1942443848 0.0000000000 0.0000000000 0.0000000000 0.0000000000
-2.4104444981 31.7170181274 -20.6971931458 132.4967956543 0.0000000000 0.0000000000 0.0000000000 0.0000000000
-2.5342764854 31.8927097321 -20.3597564697 131.7923431396 0.0000000000 0.0000000000 0.0000000000 0.0000000000
-2.6596605778 32.0684394836 -20.0278663635 131.0871124268 0.0000000000 0.0000000000 0.0000000000 0.0000000000
-2.7864520550 32.2440147400 -19.7089958191 130.3757781982 0.0000000000 0.0000000000 0.0000000000 0.0000000000
-2.9145510197 32.4194793701 -19.4166793823 129.6638946533 0.0000000000 0.0000000000 0.0000000000 0.0000000000
-3.0434544086 32.5948715210 -19.1653194427 128.9534606934 0.0000000000 0.0000000000 0.0000000000 0.0000000000
-3.1728045940 32.7702636719 -18.9590854645 128.2452850342 0.0000000000 0.0000000000 0.0000000000 0.0000000000
-3.3022496700 32.9459800720 -18.7892036438 127.5453033447 0.0000000000 0.0000000000 0.0000000000 0.0000000000
-3.4314863682 33.1218986511 -18.6316890717 126.8642578125 0.0000000000 0.0000000000 0.0000000000 0.0000000000
-3.5604426861 33.2978782654 -18.4556350708 126.2005081177 0.0000000000 0.0000000000 0.0000000000 0.0000000000
-3.6893854141 33.4735069275 -18.2342586517 125.5668640137 0.0000000000 0.0000000000 0.0000000000 0.0000000000
-3.8185939789 33.6485519409 -17.9452381134 124.9726562500 0.0000000000 0.0000000000 0.0000000000 0.0000000000
-3.9485428333 33.8226814270 -17.5684356689 124.4193878174 0.0000000000 0.0000000000 0.0000000000 0.0000000000
-4.0795459747 33.9956283569 -17.1082935333 123.9198150635 0.0000000000 0.0000000000 0.0000000000 0.0000000000
-4.2121849060 34.1673851013 -16.5748271942 123.4708862305 0.0000000000 0.0000000000 0.0000000000 0.0000000000
-4.3468141556 34.3379516602 -15.9956655502 123.0709762573 0.0000000000 0.0000000000 0.0000000000 0.0000000000
-4.4838070869 34.5073738098 -15.4089651108 122.7252960205 0.0000000000 0.0000000000 0.0000000000 0.0000000000
-4.6234941483 34.6756782532 -14.8534202576 122.4338073730 0.0000000000 0.0000000000 0.0000000000 0.0000000000
-4.7659578323 34.8430442810 -14.3594856262 122.1925125122 0.0000000000 0.0000000000 0.0000000000 0.0000000000
-4.9110951424 35.0092620850 -13.9400997162 121.9975051880 0.0000000000 0.0000000000 0.0000000000 0.0000000000
-5.0586090088 35.1743469238 -13.5779752731 121.8423461914 0.0000000000 0.0000000000 0.0000000000 0.0000000000
-5.2079758644 35.3381881714 -13.2434501648 121.7260208130 0.0000000000 0.0000000000 0.0000000000 0.0000000000
-5.3585834503 35.5009880066 -12.9198160172 121.6532592773 0.0000000000 0.0000000000 0.0000000000 0.0000000000
-5.5096359253 35.6634941101 -12.5852165222 121.6182479858 0.0000000000 0.0000000000 0.0000000000 0.0000000000
-5.6606745720 35.8262863159 -12.2252492905 121.6219024658 0.0000000000 0.0000000000 0.0000000000 0.0000000000
-5.8116297722 35.9900550842 -11.8429546356 121.6621398926 0.0000000000 0.0000000000 0.0000000000 0.0000000000
-5.9624495506 36.1551933289 -11.4438772202 121.7453918457 0.0000000000 0.0000000000 0.0000000000 0.0000000000
-6.1134872437 36.3223419189 -11.0486764908 121.8650131226 0.0000000000 0.0000000000 0.0000000000 0.0000000000
-6.2648544312 36.4917755127 -10.6850748062 122.0109024048 0.0000000000 0.0000000000 0.0000000000 0.0000000000
-6.4169025421 36.6641159058 -10.3970947266 122.1736145020 0.0000000000 0.0000000000 0.0000000000 0.0000000000
-6.5698633194 36.8394966125 -10.2096977234 122.3452301025 0.0000000000 0.0000000000 0.0000000000 0.0000000000
-6.7236862183 37.0179710388 -10.1164627075 122.5238037109 0.0000000000 0.0000000000 0.0000000000 0.0000000000
-6.8783440590 37.1997489929 -10.0931491852 122.7117080688 0.0000000000 0.0000000000 0.0000000000 0.0000000000
-7.0334887505 37.3847961426 -10.0844135284 122.9058074951 0.0000000000 0.0000000000 0.0000000000 0.0000000000
-7.1887383461 37.5731086731 -10.0425758362 123.1114120483 0.0000000000 0.0000000000 0.0000000000 0.0000000000
-7.3440189362 37.7643547058 -9.9441843033 123.3403854370 0.0000000000 0.0000000000 0.0000000000 0.0000000000
-7.4992322922 37.9585342407 -9.7993488312 123.5875549316 0.0000000000 0.0000000000 0.0000000000 0.0000000000
-7.6545062065 38.1554527283 -9.6744127274 123.8395080566 0.0000000000 0.0000000000 0.0000000000 0.0000000000
-7.8096404076 38.3549995422 -9.6309709549 124.0872116089 0.0000000000 0.0000000000 0.0000000000 0.0000000000
-7.9645776749 38.5571746826 -9.7044630051 124.3197402954 0.0000000000 0.0000000000 0.0000000000 0.0000000000
-8.1188688278 38.7617454529 -9.8959035873 124.5343017578 0.0000000000 0.0000000000 0.0000000000 0.0000000000
-8.2719125748 38.9683837891 -10.1530323029 124.7424545288 0.0000000000 0.0000000000 0.0000000000 0.0000000000
-8.4228582382 39.1767082214 -10.4177684784 124.9571685791 0.0000000000 0.0000000000 0.0000000000 0.0000000000
-8.5711517334 39.3864936829 -10.6206159592 125.1785354614 0.0000000000 0.0000000000 0.0000000000 0.0000000000
-8.7164678574 39.5978813171 -10.7376327515 125.4079895020 0.0000000000 0.0000000000 0.0000000000 0.0000000000
-8.8585395813 39.8106040955 -10.7771310806 125.6468887329 0.0000000000 0.0000000000 0.0000000000 0.0000000000
-8.9974546432 40.0246925354 -10.7763357162 125.8863449097 0.0000000000 0.0000000000 0.0000000000 0.0000000000
-9.1334972382 40.2402420044 -10.7898492813 126.1175842285 0.0000000000 0.0000000000 0.0000000000 0.0000000000
-9.2667284012 40.4569931030 -10.8462886810 126.3313827515 0.0000000000 0.0000000000 0.0000000000 0.0000000000
-9.3973836899 40.6749534607 -10.9550476074 126.5204544067 0.0000000000 0.0000000000 0.0000000000 0.0000000000
-9.5255346298 40.8938903809 -11.0872974396 126.6897659302 0.0000000000 0.0000000000 0.0000000000 0.0000000000
-9.6511440277 41.1132278442 -11.2046346664 126.8421173096 0.0000000000 0.0000000000 0.0000000000 0.0000000000
-9.7738914490 41.3325920105 -11.2808227539 126.9801940918 0.0000000000 0.0000000000 0.0000000000 0.0000000000
-9.8938112259 41.5518302917 -11.3097543716 127.1068344116 0.0000000000 0.0000000000 0.0000000000 0.0000000000
-10.0112075806 41.7711105347 -11.3148355484 127.2209548950 0.0000000000 0.0000000000 0.0000000000 0.0000000000
-10.1261072159 41.9903411865 -11.3220939636 127.3161849976 0.0000000000 0.0000000000 0.0000000000 0.0000000000
-10.2386350632 42.2094535828 -11.3636980057 127.3927917480 0.0000000000 0.0000000000 0.0000000000 0.0000000000
-10.3487195969 42.4282760620 -11.4529190063 127.4512557983 0.0000000000 0.0000000000 0.0000000000 0.0000000000
-10.4563684464 42.6466484070 -11.5817222595 127.4951095581 0.0000000000 0.0000000000 0.0000000000 0.0000000000
-10.5613765717 42.8645668030 -11.7383394241 127.5321273804 0.0000000000 0.0000000000 0.0000000000 0.0000000000
-10.6635923386 43.0819549561 -11.8977594376 127.5642166138 0.0000000000 0.0000000000 0.0000000000 0.0000000000
-10.7629346848 43.2987976074 -12.0413770676 127.5973205566 0.0000000000 0.0000000000 0.0000000000 0.0000000000
-10.8593301773 43.5148200989 -12.1608819962 127.6325454712 0.0000000000 0.0000000000 0.0000000000 0.0000000000
-10.9526987076 43.7300148010 -12.2564754486 127.6702880859 0.0000000000 0.0000000000 0.0000000000 0.0000000000
-11.0432987213 43.9443206787 -12.3441133499 127.7064971924 0.0000000000 0.0000000000 0.0000000000 0.0000000000
-11.1311969757 44.1576690674 -12.4497528076 127.7369613647 0.0000000000 0.0000000000 0.0000000000 0.0000000000
-11.2164640427 44.3699760437 -12.5812597275 127.7608947754 0.0000000000 0.0000000000 0.0000000000 0.0000000000
-11.2990522385 44.5811576843 -12.7362184525 127.7774581909 0.0000000000 0.0000000000 0.0000000000 0.0000000000
-11.3790025711 44.7911796570 -12.9052648544 127.7892150879 0.0000000000 0.0000000000 0.0000000000 0.0000000000
-11.4562253952 44.9998970032 -13.0718097687 127.7992553711 0.0000000000 0.0000000000 0.0000000000 0.0000000000
-11.5307178497 45.2071762085 -13.2241334915 127.8136291504 0.0000000000 0.0000000000 0.0000000000 0.0000000000
-11.6025114059 45.4129829407 -13.3488416672 127.8337097168 0.0000000000 0.0000000000 0.0000000000 0.0000000000
-11.6717386246 45.6171569824 -13.4544286728 127.8573989868 0.0000000000 0.0000000000 0.0000000000 0.0000000000
-11.7385177612 45.8195877075 -13.5456218719 127.8851776123 0.0000000000 0.0000000000 0.0000000000 0.0000000000
-11.8031663895 46.0201644897 -13.6402206421 127.9152832031 0.0000000000 0.0000000000 0.0000000000 0.0000000000
-11.8659400940 46.2189064026 -13.7529296875 127.9424362183 0.0000000000 0.0000000000 0.0000000000 0.0000000000
-11.9269456863 46.4157791138 -13.8791971207 127.9668884277 0.0000000000 0.0000000000 0.0000000000 0.0000000000
-11.9862442017 46.6106414795 -14.0133314133 127.9887390137 0.0000000000 0.0000000000 0.0000000000 0.0000000000
-12.0438499451 46.8035125732 -14.1417789459 128.0122985840 0.0000000000 0.0000000000 0.0000000000 0.0000000000
-12.0998544693 46.9941253662 -14.2510862350 128.0385284424 0.0000000000 0.0000000000 0.0000000000 0.0000000000
-12.1543350220 47.1824493408 -14.3439531326 128.0659790039 0.0000000000 0.0000000000 0.0000000000 0.0000000000
-12.2074651718 47.3686027527 -14.4274597168 128.0914154053 0.0000000000 0.0000000000 0.0000000000 0.0000000000
-12.2593259811 47.5525474548 -14.5066452026 128.1127929688 0.0000000000 0.0000000000 0.0000000000 0.0000000000
-12.3100147247 47.7342071533 -14.5821475983 128.1332092285 0.0000000000 0.0000000000 0.0000000000 0.0000000000
-12.3596544266 47.9137268066 -14.6496829987 128.1503448486 0.0000000000 0.0000000000 0.0000000000 0.0000000000
-12.4083623886 48.0910301208 -14.7180843353 128.1641387939 0.0000000000 0.0000000000 0.0000000000 0.0000000000
-12.4562568665 48.2661781311 -14.7950983047 128.1722564697 0.0000000000 0.0000000000 0.0000000000 0.0000000000
-12.5034894943 48.4392471313 -14.8843450546 128.1745910645 0.0000000000 0.0000000000 0.0000000000 0.0000000000
-12.5500125885 48.6101799011 -14.9805822372 128.1752777100 0.0000000000 0.0000000000 0.0000000000 0.0000000000
-12.5959558487 48.7789039612 -15.0740127563 128.1741333008 0.0000000000 0.0000000000 0.0000000000 0.0000000000
-12.6413879395 48.9454383850 -15.1522197723 128.1763305664 0.0000000000 0.0000000000 0.0000000000 0.0000000000
-12.6863594055 49.1097297668 -15.2182416916 128.1793212891 0.0000000000 0.0000000000 0.0000000000 0.0000000000
-12.7309513092 49.2717590332 -15.2772846222 128.1836853027 0.0000000000 0.0000000000 0.0000000000 0.0000000000
-12.7752695084 49.4315452576 -15.3449926376 128.1860351562 0.0000000000 0.0000000000 0.0000000000 0.0000000000
-12.8192930222 49.5890350342 -15.4222469330 128.1866455078 0.0000000000 0.0000000000 0.0000000000 0.0000000000
-12.8630304337 49.7442932129 -15.5046644211 128.1875610352 0.0000000000 0.0000000000 0.0000000000 0.0000000000
-12.9065141678 49.8973770142 -15.5881395340 128.1880340576 0.0000000000 0.0000000000 0.0000000000 0.0000000000
-12.9497556686 50.0483970642 -15.6615228653 128.1906280518 0.0000000000 0.0000000000 0.0000000000 0.0000000000
-12.9927310944 50.1974067688 -15.7143878937 128.1964874268 0.0000000000 0.0000000000 0.0000000000 0.0000000000
-13.0355262756 50.3444404602 -15.7517108917 128.2042083740 0.0000000000 0.0000000000 0.0000000000 0.0000000000
-13.0782461166 50.4896278381 -15.7784957886 128.2120666504 0.0000000000 0.0000000000 0.0000000000 0.0000000000
-13.1209154129 50.6330451965 -15.8028306961 128.2186584473 0.0000000000 0.0000000000 0.0000000000 0.0000000000
-13.1635990143 50.7746887207 -15.8362522125 128.2225646973 0.0000000000 0.0000000000 0.0000000000 0.0000000000
-13.2062015533 50.9144439697 -15.8856143951 128.2244262695 0.0000000000 0.0000000000 0.0000000000 0.0000000000
-13.2486619949 51.0524368286 -15.9432382584 128.2248840332 0.0000000000 0.0000000000 0.0000000000 0.0000000000
-13.2909784317 51.1887130737 -16.0018577576 128.2238311768 0.0000000000 0.0000000000 0.0000000000 0.0000000000
-13.3331365585 51.3233146667 -16.0561676025 128.2232360840 0.0000000000 0.0000000000 0.0000000000 0.0000000000
-13.3750238419 51.4562377930 -16.0994930267 128.2228240967 0.0000000000 0.0000000000 0.0000000000 0.0000000000
-13.4166841507 51.5876426697 -16.1323413849 128.2224121094 0.0000000000 0.0000000000 0.0000000000 0.0000000000
-13.4581451416 51.7175407410 -16.1612377167 128.2231903076 0.0000000000 0.0000000000 0.0000000000 0.0000000000
-13.4993705750 51.8459701538 -16.1946449280 128.2245788574 0.0000000000 0.0000000000 0.0000000000 0.0000000000
-13.5403318405 51.9730796814 -16.2367134094 128.2258911133 0.0000000000 0.0000000000 0.0000000000 0.0000000000
-13.5808935165 52.0988845825 -16.2833347321 128.2283782959 0.0000000000 0.0000000000 0.0000000000 0.0000000000
-13.6210317612 52.2234687805 -16.3278713226 128.2313232422 0.0000000000 0.0000000000 0.0000000000 0.0000000000
-13.6608285904 52.3469429016 -16.3617801666 128.2361297607 0.0000000000 0.0000000000 0.0000000000 0.0000000000
-13.7004089355 52.4693984985 -16.3877582550 128.2424468994 0.0000000000 0.0000000000 0.0000000000 0.0000000000
-13.7396726608 52.5908393860 -16.4102306366 128.2515411377 0.0000000000 0.0000000000 0.0000000000 0.0000000000
-13.7785959244 52.7111701965 -16.4315128326 128.2608795166 0.0000000000 0.0000000000 0.0000000000 0.0000000000
-13.8172788620 52.8305130005 -16.4583911896 128.2702789307 0.0000000000 0.0000000000 0.0000000000 0.0000000000
-13.8556613922 52.9488105774 -16.4858894348 128.2768249512 0.0000000000 0.0000000000 0.0000000000 0.0000000000
-13.8937683105 53.0662307739 -16.5206203461 128.2838897705 0.0000000000 0.0000000000 0.0000000000 0.0000000000
-13.9315481186 53.1828308105 -16.5590438843 128.2901306152 0.0000000000 0.0000000000 0.0000000000 0.0000000000
-13.9690103531 53.2987403870 -16.5976047516 128.2984161377 0.0000000000 0.0000000000 0.0000000000 0.0000000000
-14.0060663223 53.4139518738 -16.6306228638 128.3068084717 0.0000000000 0.0000000000 0.0000000000 0.0000000000
-14.0427064896 53.5283470154 -16.6572647095 128.3192443848 0.0000000000 0.0000000000 0.0000000000 0.0000000000
-14.0789461136 53.6420135498 -16.6795520782 128.3345642090 0.0000000000 0.0000000000 0.0000000000 0.0000000000
-14.1147937775 53.7549476624 -16.7020778656 128.3512573242 0.0000000000 0.0000000000 0.0000000000 0.0000000000
-14.1502561569 53.8671226501 -16.7277584076 128.3693084717 0.0000000000 0.0000000000 0.0000000000 0.0000000000
-14.1853103638 53.9786186218 -16.7582397461 128.3864440918 0.0000000000 0.0000000000 0.0000000000 0.0000000000
-14.2199068069 54.0896492004 -16.7896442413 128.4043426514 0.0000000000 0.0000000000 0.0000000000 0.0000000000
-14.2541122437 54.2001686096 -16.8160114288 128.4236297607 0.0000000000 0.0000000000 0.0000000000 0.0000000000
-14.2879352570 54.3101119995 -16.8357124329 128.4427642822 0.0000000000 0.0000000000 0.0000000000 0.0000000000
-14.3213605881 54.4194755554 -16.8540325165 128.4616394043 0.0000000000 0.0000000000 0.0000000000 0.0000000000
-14.3544635773 54.5283775330 -16.8712444305 128.4790802002 0.0000000000 0.0000000000 0.0000000000 0.0000000000
-14.3873291016 54.6368026733 -16.8918266296 128.4947814941 0.0000000000 0.0000000000 0.0000000000 0.0000000000
-14.4199542999 54.7446823120 -16.9182643890 128.5102996826 0.0000000000 0.0000000000 0.0000000000 0.0000000000
-14.4523849487 54.8520507812 -16.9474773407 128.5248565674 0.0000000000 0.0000000000 0.0000000000 0.0000000000
-14.4846172333 54.9589233398 -16.9752464294 128.5396728516 0.0000000000 0.0000000000 0.0000000000 0.0000000000
-14.5166826248 55.0652503967 -16.9983806610 128.5548095703 0.0000000000 0.0000000000 0.0000000000 0.0000000000
-14.5484886169 55.1710395813 -17.0175323486 128.5700073242 0.0000000000 0.0000000000 0.0000000000 0.0000000000
-14.5800199509 55.2762260437 -17.0487213135 128.5855102539 0.0000000000 0.0000000000 0.0000000000 0.0000000000
-14.6113996506 55.3808517456 -17.0927009583 128.6003265381 0.0000000000 0.0000000000 0.0000000000 0.0000000000
-14.6426658630 55.4850692749 -17.1368236542 128.6155700684 0.0000000000 0.0000000000 0.0000000000 0.0000000000
-14.6738243103 55.5889205933 -17.1758022308 128.6325531006 0.0000000000 0.0000000000 0.0000000000 0.0000000000
-14.7049121857 55.6923294067 -17.1985549927 128.6507873535 0.0000000000 0.0000000000 0.0000000000 0.0000000000
-14.7359800339 55.7952651978 -17.2088813782 128.6708831787 0.0000000000 0.0000000000 0.0000000000 0.0000000000
-14.7670726776 55.8977127075 -17.2213172913 128.6896820068 0.0000000000 0.0000000000 0.0000000000 0.0000000000
-14.7981796265 55.9995956421 -17.2447471619 128.7070617676 0.0000000000 0.0000000000 0.0000000000 0.0000000000
-14.8292322159 56.1008453369 -17.2799530029 128.7217559814 0.0000000000 0.0000000000 0.0000000000 0.0000000000
-14.8602485657 56.2013626099 -17.3208885193 128.7351226807 0.0000000000 0.0000000000 0.0000000000 0.0000000000
-14.8912410736 56.3011245728 -17.3575153351 128.7461700439 0.0000000000 0.0000000000 0.0000000000 0.0000000000
-14.9221935272 56.4001083374 -17.3868694305 128.7561645508 0.0000000000 0.0000000000 0.0000000000 0.0000000000
-14.9530553818 56.4983596802 -17.4034118652 128.7652435303 0.0000000000 0.0000000000 0.0000000000 0.0000000000
-14.9838972092 56.5958900452 -17.4131202698 128.7735748291 0.0000000000 0.0000000000 0.0000000000 0.0000000000
-15.0147399902 56.6927337646 -17.4267826080 128.7788391113 0.0000000000 0.0000000000 0.0000000000 0.0000000000
-15.0456438065 56.7888755798 -17.4539527893 128.7816314697 0.0000000000 0.0000000000 0.0000000000 0.0000000000
-15.0765972137 56.8843460083 -17.4920310974 128.7806091309 0.0000000000 0.0000000000 0.0000000000 0.0000000000
-15.1074895859 56.9791259766 -17.5378189087 128.7788391113 0.0000000000 0.0000000000 0.0000000000 0.0000000000
-15.1383352280 57.0732841492 -17.5800838470 128.7755432129 0.0000000000 0.0000000000 0.0000000000 0.0000000000
-15.1690788269 57.1667900085 -17.6108741760 128.7746429443 0.0000000000 0.0000000000 0.0000000000 0.0000000000
-15.1997795105 57.2596969604 -17.6246414185 128.7749786377 0.0000000000 0.0000000000 0.0000000000 0.0000000000
-15.2304468155 57.3519401550 -17.6285076141 128.7782592773 0.0000000000 0.0000000000 0.0000000000 0.0000000000
-15.2611198425 57.4434471130 -17.6393108368 128.7835083008 0.0000000000 0.0000000000 0.0000000000 0.0000000000
-15.2918415070 57.5342559814 -17.6672668457 128.7880706787 0.0000000000 0.0000000000 0.0000000000 0.0000000000
-15.3226127625 57.6243705750 -17.7014427185 128.7918853760 0.0000000000 0.0000000000 0.0000000000 0.0000000000
-15.3533706665 57.7137947083 -17.7314167023 128.7975006104 0.0000000000 0.0000000000 0.0000000000 0.0000000000
-15.3840789795 57.8023567200 -17.7583847046 128.8011016846 0.0000000000 0.0000000000 0.0000000000 0.0000000000
-15.4147062302 57.8901748657 -17.7773952484 128.8073730469 0.0000000000 0.0000000000 0.0000000000 0.0000000000
-15.4452085495 57.9769401550 -17.7855663300 128.8113098145 0.0000000000 0.0000000000 0.0000000000 0.0000000000
-15.4755592346 58.0628128052 -17.8000984192 128.8165893555 0.0000000000 0.0000000000 0.0000000000 0.0000000000
-15.5058288574 58.1479568481 -17.8211154938 128.8193817139 0.0000000000 0.0000000000 0.0000000000 0.0000000000
-15.5360174179 58.2324295044 -17.8459892273 128.8241271973 0.0000000000 0.0000000000 0.0000000000 0.0000000000
-15.5660362244 58.3160400391 -17.8679332733 128.8304748535 0.0000000000 0.0000000000 0.0000000000 0.0000000000
-15.5958757401 58.3988113403 -17.8908309937 128.8376159668 0.0000000000 0.0000000000 0.0000000000 0.0000000000
-15.6254472733 58.4807510376 -17.9113941193 128.8471221924 0.0000000000 0.0000000000 0.0000000000 0.0000000000
-15.6547317505 58.5619697571 -17.9277000427 128.8583526611 0.0000000000 0.0000000000 0.0000000000 0.0000000000
-15.6836862564 58.6424636841 -17.9429893494 128.8713226318 0.0000000000 0.0000000000 0.0000000000 0.0000000000
-15.7122507095 58.7221641541 -17.9599475861 128.8855590820 0.0000000000 0.0000000000 0.0000000000 0.0000000000
-15.7404479980 58.8010520935 -17.9762554169 128.9021759033 0.0000000000 0.0000000000 0.0000000000 0.0000000000
-15.7682981491 58.8791503906 -17.9989051819 128.9188842773 0.0000000000 0.0000000000 0.0000000000 0.0000000000
-15.7958631516 58.9563789368 -18.0329456329 128.9349670410 0.0000000000 0.0000000000 0.0000000000 0.0000000000
-15.8231258392 59.0326805115 -18.0692596436 128.9504547119 0.0000000000 0.0000000000 0.0000000000 0.0000000000
-15.8500833511 59.1078872681 -18.1035652161 128.9651031494 0.0000000000 0.0000000000 0.0000000000 0.0000000000
-15.8765859604 59.1818389893 -18.1258983612 128.9812011719 0.0000000000 0.0000000000 0.0000000000 0.0000000000
-15.9025144577 59.2544326782 -18.1383514404 128.9967041016 0.0000000000 0.0000000000 0.0000000000 0.0000000000
-15.9279527664 59.3256874084 -18.1432247162 129.0132904053 0.0000000000 0.0000000000 0.0000000000 0.0000000000
-15.9530067444 59.3955116272 -18.1503105164 129.0272521973 0.0000000000 0.0000000000 0.0000000000 0.0000000000
-15.9777793884 59.4639282227 -18.1760559082 129.0370178223 0.0000000000 0.0000000000 0.0000000000 0.0000000000
-16.0022239685 59.5307922363 -18.2146911621 129.0414581299 0.0000000000 0.0000000000 0.0000000000 0.0000000000
-16.0262680054 59.5962028503 -18.2395229340 129.0407714844 0.0000000000 0.0000000000 0.0000000000 0.0000000000
-16.0499229431 59.6602020264 -18.2458744049 129.0378265381 0.0000000000 0.0000000000 0.0000000000 0.0000000000
-16.0732173920 59.7227859497 -18.2301769257 129.0318145752 0.0000000000 0.0000000000 0.0000000000 0.0000000000
-16.0961265564 59.7838516235 -18.1973476410 129.0248107910 0.0000000000 0.0000000000 0.0000000000 0.0000000000
-16.1187725067 59.8433952332 -18.1737365723 129.0115356445 0.0000000000 0.0000000000 0.0000000000 0.0000000000
-16.1411552429 59.9015045166 -18.1688442230 128.9938507080 0.0000000000 0.0000000000 0.0000000000 0.0000000000
-16.1632633209 59.9582977295 -18.1828975677 128.9717102051 0.0000000000 0.0000000000 0.0000000000 0.0000000000
-16.1849746704 60.0138626099 -18.1935043335 128.9516296387 0.0000000000 0.0000000000 0.0000000000 0.0000000000
-16.2062644958 60.0684394836 -18.1760311127 128.9361724854 0.0000000000 0.0000000000 0.0000000000 0.0000000000
-16.2271900177 60.1222534180 -18.1347751617 128.9262084961 0.0000000000 0.0000000000 0.0000000000 0.0000000000
-16.2478199005 60.1753921509 -18.0884876251 128.9184722900 0.0000000000 0.0000000000 0.0000000000 0.0000000000
-16.2681922913 60.2279167175 -18.0598316193 128.9117126465 0.0000000000 0.0000000000 0.0000000000 0.0000000000
-16.2885169983 60.2798843384 -18.0593547821 128.9040832520 0.0000000000 0.0000000000 0.0000000000 0.0000000000
-16.3087348938 60.3315010071 -18.0757751465 128.8970336914 0.0000000000 0.0000000000 0.0000000000 0.0000000000
-16.3286285400 60.3827476501 -18.0861797333 128.8933868408 0.0000000000 0.0000000000 0.0000000000 0.0000000000
-16.3481731415 60.4336624146 -18.0770835876 128.8939208984 0.0000000000 0.0000000000 0.0000000000 0.0000000000
-16.3674354553 60.4842681885 -18.0458641052 128.8977508545 0.0000000000 0.0000000000 0.0000000000 0.0000000000
-16.3866577148 60.5344848633 -18.0186977386 128.9029541016 0.0000000000 0.0000000000 0.0000000000 0.0000000000
-16.4059391022 60.5842933655 -18.0167522430 128.9048919678 0.0000000000 0.0000000000 0.0000000000 0.0000000000
-16.4251785278 60.6338310242 -18.0439510345 128.9050903320 0.0000000000 0.0000000000 0.0000000000 0.0000000000
-16.4443321228 60.6831626892 -18.0873413086 128.9034118652 0.0000000000 0.0000000000 0.0000000000 0.0000000000
-16.4632511139 60.7321853638 -18.1238842010 128.9019165039 0.0000000000 0.0000000000 0.0000000000 0.0000000000
-16.4819107056 60.7807922363 -18.1462516785 128.9021606445 0.0000000000 0.0000000000 0.0000000000 0.0000000000
-16.5002670288 60.8289031982 -18.1478881836 128.9044799805 0.0000000000 0.0000000000 0.0000000000 0.0000000000
-16.5184192657 60.8764381409 -18.1331672668 128.9084472656 0.0000000000 0.0000000000 0.0000000000 0.0000000000
-16.5363998413 60.9233970642 -18.1179504395 128.9100952148 0.0000000000 0.0000000000 0.0000000000 0.0000000000
-16.5542793274 60.9699134827 -18.1169395447 128.9073638916 0.0000000000 0.0000000000 0.0000000000 0.0000000000
-16.5720157623 61.0159797668 -18.1304111481 128.9008026123 0.0000000000 0.0000000000 0.0000000000 0.0000000000
-16.5896263123 61.0618057251 -18.1530246735 128.8904876709 0.0000000000 0.0000000000 0.0000000000 0.0000000000
-16.6071453094 61.1073455811 -18.1801280975 128.8767547607 0.0000000000 0.0000000000 0.0000000000 0.0000000000
-16.6246757507 61.1527175903 -18.2054271698 128.8614349365 0.0000000000 0.0000000000 0.0000000000 0.0000000000
-16.6421222687 61.1978111267 -18.2246513367 128.8462677002 0.0000000000 0.0000000000 0.0000000000 0.0000000000
-16.6594181061 61.2425765991 -18.2338695526 128.8330993652 0.0000000000 0.0000000000 0.0000000000 0.0000000000
-16.6766319275 61.2871093750 -18.2308101654 128.8213043213 0.0000000000 0.0000000000 0.0000000000 0.0000000000
-16.6937580109 61.3313217163 -18.2237701416 128.8102264404 0.0000000000 0.0000000000 0.0000000000 0.0000000000
-16.7108268738 61.3754730225 -18.2142295837 128.7998352051 0.0000000000 0.0000000000 0.0000000000 0.0000000000
-16.7279033661 61.4197196960 -18.2116432190 128.7893524170 0.0000000000 0.0000000000 0.0000000000 0.0000000000
-16.7451725006 61.4641380310 -18.2156066895 128.7798767090 0.0000000000 0.0000000000 0.0000000000 0.0000000000
-16.7626609802 61.5085716248 -18.2250213623 128.7718048096 0.0000000000 0.0000000000 0.0000000000 0.0000000000
-16.7803401947 61.5530357361 -18.2409915924 128.7646331787 0.0000000000 0.0000000000 0.0000000000 0.0000000000
-16.7981662750 61.5974159241 -18.2526855469 128.7604522705 0.0000000000 0.0000000000 0.0000000000 0.0000000000
-16.8159961700 61.6418075562 -18.2577018738 128.7585906982 0.0000000000 0.0000000000 0.0000000000 0.0000000000
-16.8339004517 61.6862258911 -18.2614803314 128.7597656250 0.0000000000 0.0000000000 0.0000000000 0.0000000000
-16.8518810272 61.7306632996 -18.2632255554 128.7624816895 0.0000000000 0.0000000000 0.0000000000 0.0000000000
-16.8698692322 61.7749214172 -18.2660846710 128.7666625977 0.0000000000 0.0000000000 0.0000000000 0.0000000000
-16.8879871368 61.8191413879 -18.2716312408 128.7713470459 0.0000000000 0.0000000000 0.0000000000 0.0000000000
-16.9061946869 61.8633155823 -18.2771949768 128.7776794434 0.0000000000 0.0000000000 0.0000000000 0.0000000000
-16.9244461060 61.9074287415 -18.2840213776 128.7838134766 0.0000000000 0.0000000000 0.0000000000 0.0000000000
-16.9427585602 61.9515838623 -18.2908287048 128.7884674072 0.0000000000 0.0000000000 0.0000000000 0.0000000000
-16.9610328674 61.9956665039 -18.2981948853 128.7931518555 0.0000000000 0.0000000000 0.0000000000 0.0000000000
-16.9792022705 62.0395164490 -18.3045215607 128.7945404053 0.0000000000 0.0000000000 0.0000000000 0.0000000000
-16.9973640442 62.0832252502 -18.3144035339 128.7969055176 0.0000000000 0.0000000000 0.0000000000 0.0000000000
-17.0155334473 62.1268119812 -18.3298816681 128.7963104248 0.0000000000 0.0000000000 0.0000000000 0.0000000000
-17.0337600708 62.1701622009 -18.3448505402 128.7952575684 0.0000000000 0.0000000000 0.0000000000 0.0000000000
-17.0518455505 62.2131881714 -18.3513431549 128.7947082520 0.0000000000 0.0000000000 0.0000000000 0.0000000000
-17.0697975159 62.2558250427 -18.3453750610 128.7924652100 0.0000000000 0.0000000000 0.0000000000 0.0000000000
-17.0876426697 62.2980079651 -18.3362121582 128.7910156250 0.0000000000 0.0000000000 0.0000000000 0.0000000000
-17.1053028107 62.3396911621 -18.3292789459 128.7853698730 0.0000000000 0.0000000000 0.0000000000 0.0000000000
-17.1227855682 62.3809013367 -18.3320446014 128.7795410156 0.0000000000 0.0000000000 0.0000000000 0.0000000000
-17.1400661469 62.4216423035 -18.3430786133 128.7719116211 0.0000000000 0.0000000000 0.0000000000 0.0000000000
-17.1571979523 62.4620552063 -18.3549022675 128.7648010254 0.0000000000 0.0000000000 0.0000000000 0.0000000000
-17.1741237640 62.5021820068 -18.3594570160 128.7605285645 0.0000000000 0.0000000000 0.0000000000 0.0000000000
-17.1908321381 62.5420913696 -18.3521862030 128.7577362061 0.0000000000 0.0000000000 0.0000000000 0.0000000000
-17.2073364258 62.5817718506 -18.3389892578 128.7576293945 0.0000000000 0.0000000000 0.0000000000 0.0000000000
-17.2236976624 62.6211395264 -18.3303909302 128.7585144043 0.0000000000 0.0000000000 0.0000000000 0.0000000000
-17.2399749756 62.6602973938 -18.3343734741 128.7585601807 0.0000000000 0.0000000000 0.0000000000 0.0000000000
-17.2562561035 62.6992111206 -18.3493537903 128.7594299316 0.0000000000 0.0000000000 0.0000000000 0.0000000000
-17.2723731995 62.7378082275 -18.3614788055 128.7605895996 0.0000000000 0.0000000000 0.0000000000 0.0000000000
-17.2883968353 62.7762413025 -18.3660144806 128.7629699707 0.0000000000 0.0000000000 0.0000000000 0.0000000000
-17.3043022156 62.8144874573 -18.3616828918 128.7678833008 0.0000000000 0.0000000000 0.0000000000 0.0000000000
-17.3200893402 62.8526573181 -18.3533802032 128.7734527588 0.0000000000 0.0000000000 0.0000000000 0.0000000000
-17.3357791901 62.8908081055 -18.3604946136 128.7786865234 0.0000000000 0.0000000000 0.0000000000 0.0000000000
-17.3514747620 62.9289894104 -18.3838844299 128.7821655273 0.0000000000 0.0000000000 0.0000000000 0.0000000000
-17.3671169281 62.9672966003 -18.4064006805 128.7871093750 0.0000000000 0.0000000000 0.0000000000 0.0000000000
-17.3827400208 63.0055732727 -18.4152069092 128.7944030762 0.0000000000 0.0000000000 0.0000000000 0.0000000000
-17.3983478546 63.0437812805 -18.4030838013 128.8049163818 0.0000000000 0.0000000000 0.0000000000 0.0000000000
-17.4138774872 63.0820388794 -18.3793296814 128.8174591064 0.0000000000 0.0000000000 0.0000000000 0.0000000000
-17.4293899536 63.1204185486 -18.3679389954 128.8286132812 0.0000000000 0.0000000000 0.0000000000 0.0000000000
-17.4449996948 63.1587181091 -18.3777465820 128.8364562988 0.0000000000 0.0000000000 0.0000000000 0.0000000000
-17.4606571198 63.1968269348 -18.3982257843 128.8430633545 0.0000000000 0.0000000000 0.0000000000 0.0000000000
-17.4762916565 63.2348060608 -18.4106941223 128.8510131836 0.0000000000 0.0000000000 0.0000000000 0.0000000000
-17.4918251038 63.2726249695 -18.4099578857 128.8610687256 0.0000000000 0.0000000000 0.0000000000 0.0000000000
-17.5071640015 63.3104934692 -18.3971118927 128.8750762939 0.0000000000 0.0000000000 0.0000000000 0.0000000000
-17.5224037170 63.3483924866 -18.3789157867 128.8913421631 0.0000000000 0.0000000000 0.0000000000 0.0000000000
-17.5375804901 63.3863449097 -18.3670654297 128.9090270996 0.0000000000 0.0000000000 0.0000000000 0.0000000000
-17.5526676178 63.4243316650 -18.3704872131 128.9246673584 0.0000000000 0.0000000000 0.0000000000 0.0000000000
-17.5676383972 63.4624099731 -18.3834266663 128.9395294189 0.0000000000 0.0000000000 0.0000000000 0.0000000000
-17.5823478699 63.5004730225 -18.3910980225 128.9545593262 0.0000000000 0.0000000000 0.0000000000 0.0000000000
-17.5966911316 63.5384941101 -18.3802604675 128.9705505371 0.0000000000 0.0000000000 0.0000000000 0.0000000000
-17.6107482910 63.5763664246 -18.3611373901 128.9870147705 0.0000000000 0.0000000000 0.0000000000 0.0000000000
-17.6245231628 63.6140365601 -18.3474349976 129.0005798340 0.0000000000 0.0000000000 0.0000000000 0.0000000000
-17.6380882263 63.6516494751 -18.3472156525 129.0122528076 0.0000000000 0.0000000000 0.0000000000 0.0000000000
-17.6515083313 63.6893806458 -18.3565082550 129.0210876465 0.0000000000 0.0000000000 0.0000000000 0.0000000000
-17.6647510529 63.7273025513 -18.3621215820 129.0300750732 0.0000000000 0.0000000000 0.0000000000 0.0000000000
-17.6778430939 63.7654609680 -18.3584060669 129.0376129150 0.0000000000 0.0000000000 0.0000000000 0.0000000000
-17.6907501221 63.8036575317 -18.3440551758 129.0448608398 0.0000000000 0.0000000000 0.0000000000 0.0000000000
-17.7034282684 63.8416404724 -18.3206253052 129.0517120361 0.0000000000 0.0000000000 0.0000000000 0.0000000000
-17.7160739899 63.8794975281 -18.3064556122 129.0560455322 0.0000000000 0.0000000000 0.0000000000 0.0000000000
-17.7288246155 63.9173393250 -18.3109302521 129.0576477051 0.0000000000 0.0000000000 0.0000000000 0.0000000000
-17.7416725159 63.9552383423 -18.3303337097 129.0577239990 0.0000000000 0.0000000000 0.0000000000 0.0000000000
-17.7546176910 63.9931335449 -18.3488941193 129.0585937500 0.0000000000 0.0000000000 0.0000000000 0.0000000000
-17.7676677704 64.0310974121 -18.3497276306 129.0635070801 0.0000000000 0.0000000000 0.0000000000 0.0000000000
-17.7808170319 64.0690307617 -18.3331069946 129.0702514648 0.0000000000 0.0000000000 0.0000000000 0.0000000000
-17.7940349579 64.1067581177 -18.3183689117 129.0798492432 0.0000000000 0.0000000000 0.0000000000 0.0000000000
-17.8074665070 64.1443786621 -18.3189067841 129.0870361328 0.0000000000 0.0000000000 0.0000000000 0.0000000000
-17.8211097717 64.1818847656 -18.3351573944 129.0943908691 0.0000000000 0.0000000000 0.0000000000 0.0000000000
-17.8349151611 64.2193374634 -18.3553886414 129.1006622314 0.0000000000 0.0000000000 0.0000000000 0.0000000000
-17.8487682343 64.2567825317 -18.3696403503 129.1073608398 0.0000000000 0.0000000000 0.0000000000 0.0000000000
-17.8626842499 64.2941665649 -18.3711833954 129.1152648926 0.0000000000 0.0000000000 0.0000000000 0.0000000000
-17.8766460419 64.3314819336 -18.3695888519 129.1234588623 0.0000000000 0.0000000000 0.0000000000 0.0000000000
-17.8906707764 64.3686752319 -18.3689136505 129.1310272217 0.0000000000 0.0000000000 0.0000000000 0.0000000000
-17.9048614502 64.4055404663 -18.3783264160 129.1362762451 0.0000000000 0.0000000000 0.0000000000 0.0000000000
-17.9191913605 64.4422531128 -18.3948326111 129.1395416260 0.0000000000 0.0000000000 0.0000000000 0.0000000000
-17.9335250854 64.4786224365 -18.4063587189 129.1436462402 0.0000000000 0.0000000000 0.0000000000 0.0000000000
-17.9477710724 64.5146102905 -18.4046573639 129.1478271484 0.0000000000 0.0000000000 0.0000000000 0.0000000000
-17.9619960785 64.5501708984 -18.3963451385 129.1524658203 0.0000000000 0.0000000000 0.0000000000 0.0000000000
-17.9763393402 64.5854721069 -18.3895072937 129.1571655273 0.0000000000 0.0000000000 0.0000000000 0.0000000000
-17.9909038544 64.6205749512 -18.3920593262 129.1600494385 0.0000000000 0.0000000000 0.0000000000 0.0000000000
-18.0055809021 64.6553726196 -18.4014167786 129.1625823975 0.0000000000 0.0000000000 0.0000000000 0.0000000000
-18.0203208923 64.6898727417 -18.4138412476 129.1649017334 0.0000000000 0.0000000000 0.0000000000 0.0000000000
-18.0350036621 64.7240371704 -18.4133300781 129.1694793701 0.0000000000 0.0000000000 0.0000000000 0.0000000000
-18.0497303009 64.7578201294 -18.3986167908 129.1763916016 0.0000000000 0.0000000000 0.0000000000 0.0000000000
-18.0645580292 64.7912445068 -18.3837318420 129.1824798584 0.0000000000 0.0000000000 0.0000000000 0.0000000000
-18.0794773102 64.8242340088 -18.3772010803 129.1880340576 0.0000000000 0.0000000000 0.0000000000 0.0000000000
-18.0945587158 64.8568420410 -18.3833999634 129.1910400391 0.0000000000 0.0000000000 0.0000000000 0.0000000000
-18.1098098755 64.8890991211 -18.3913211823 129.1942596436 0.0000000000 0.0000000000 0.0000000000 0.0000000000
-18.1250305176 64.9211044312 -18.3981571198 129.1988830566 0.0000000000 0.0000000000 0.0000000000 0.0000000000
-18.1402111053 64.9530639648 -18.3964462280 129.2033386230 0.0000000000 0.0000000000 0.0000000000 0.0000000000
-18.1554183960 64.9849090576 -18.3863086700 129.2113037109 0.0000000000 0.0000000000 0.0000000000 0.0000000000
-18.1705970764 65.0167922974 -18.3693828583 129.2183990479 0.0000000000 0.0000000000 0.0000000000 0.0000000000
-18.1858158112 65.0485687256 -18.3632602692 129.2243041992 0.0000000000 0.0000000000 0.0000000000 0.0000000000
-18.2011413574 65.0803527832 -18.3682174683 129.2277374268 0.0000000000 0.0000000000 0.0000000000 0.0000000000
-18.2164764404 65.1120071411 -18.3803215027 129.2281951904 0.0000000000 0.0000000000 0.0000000000 0.0000000000
-18.2318134308 65.1435470581 -18.3876075745 129.2319030762 0.0000000000 0.0000000000 0.0000000000 0.0000000000
-18.2471427917 65.1750335693 -18.3793354034 129.2347717285 0.0000000000 0.0000000000 0.0000000000 0.0000000000
-18.2624778748 65.2063217163 -18.3684310913 129.2418975830 0.0000000000 0.0000000000 0.0000000000 0.0000000000
-18.2777233124 65.2371520996 -18.3648376465 129.2455902100 0.0000000000 0.0000000000 0.0000000000 0.0000000000
-18.2929782867 65.2675476074 -18.3706092834 129.2506866455 0.0000000000 0.0000000000 0.0000000000 0.0000000000
-18.3082084656 65.2975234985 -18.3836917877 129.2536621094 0.0000000000 0.0000000000 0.0000000000 0.0000000000
-18.3234291077 65.3272399902 -18.3984546661 129.2556762695 0.0000000000 0.0000000000 0.0000000000 0.0000000000
-18.3385276794 65.3567199707 -18.4087371826 129.2582855225 0.0000000000 0.0000000000 0.0000000000 0.0000000000
-18.3533458710 65.3857192993 -18.4129657745 129.2588958740 0.0000000000 0.0000000000 0.0000000000 0.0000000000
-18.3679752350 65.4144821167 -18.4217815399 129.2600555420 0.0000000000 0.0000000000 0.0000000000 0.0000000000
-18.3824367523 65.4429931641 -18.4334869385 129.2608032227 0.0000000000 0.0000000000 0.0000000000 0.0000000000
-18.3967876434 65.4712677002 -18.4435214996 129.2629089355 0.0000000000 0.0000000000 0.0000000000 0.0000000000
-18.4109611511 65.4993896484 -18.4527606964 129.2647094727 0.0000000000 0.0000000000 0.0000000000 0.0000000000
-18.4249057770 65.5273361206 -18.4609165192 129.2652130127 0.0000000000 0.0000000000 0.0000000000 0.0000000000
-18.4386005402 65.5550308228 -18.4644165039 129.2663726807 0.0000000000 0.0000000000 0.0000000000 0.0000000000
-18.4519386292 65.5823822021 -18.4656143188 129.2666473389 0.0000000000 0.0000000000 0.0000000000 0.0000000000
-18.4649963379 65.6095504761 -18.4695796967 129.2680511475 0.0000000000 0.0000000000 0.0000000000 0.0000000000
-18.4779338837 65.6363449097 -18.4793090820 129.2675476074 0.0000000000 0.0000000000 0.0000000000 0.0000000000
-18.4908409119 65.6626892090 -18.4891281128 129.2693328857 0.0000000000 0.0000000000 0.0000000000 0.0000000000
-18.5037078857 65.6884384155 -18.4925270081 129.2710418701 0.0000000000 0.0000000000 0.0000000000 0.0000000000
-18.5165023804 65.7136154175 -18.4908180237 129.2746429443 0.0000000000 0.0000000000 0.0000000000 0.0000000000
-18.5291996002 65.7384109497 -18.4805774689 129.2777099609 0.0000000000 0.0000000000 0.0000000000 0.0000000000
-18.5417079926 65.7628555298 -18.4689197540 129.2808990479 0.0000000000 0.0000000000 0.0000000000 0.0000000000
-18.5540275574 65.7868804932 -18.4609508514 129.2831878662 0.0000000000 0.0000000000 0.0000000000 0.0000000000
-18.5662021637 65.8103790283 -18.4561672211 129.2847290039 0.0000000000 0.0000000000 0.0000000000 0.0000000000
-18.5782222748 65.8332366943 -18.4659519196 129.2847290039 0.0000000000 0.0000000000 0.0000000000 0.0000000000
-18.5900363922 65.8555984497 -18.4727535248 129.2855682373 0.0000000000 0.0000000000 0.0000000000 0.0000000000
-18.6016921997 65.8774566650 -18.4631347656 129.2893981934 0.0000000000 0.0000000000 0.0000000000 0.0000000000
-18.6133041382 65.8988494873 -18.4500904083 129.2959136963 0.0000000000 0.0000000000 0.0000000000 0.0000000000
-18.6249561310 65.9198074341 -18.4517574310 129.2996673584 0.0000000000 0.0000000000 0.0000000000 0.0000000000
-18.6366119385 65.9403381348 -18.4604701996 129.3040161133 0.0000000000 0.0000000000 0.0000000000 0.0000000000
-18.6482849121 65.9605941772 -18.4668121338 129.3070068359 0.0000000000 0.0000000000 0.0000000000 0.0000000000
-18.6598472595 65.9805526733 -18.4575614929 129.3118591309 0.0000000000 0.0000000000 0.0000000000 0.0000000000
-18.6713829041 66.0001754761 -18.4450855255 129.3157958984 0.0000000000 0.0000000000 0.0000000000 0.0000000000
-18.6829395294 66.0195693970 -18.4293842316 129.3203735352 0.0000000000 0.0000000000 0.0000000000 0.0000000000
-18.6945648193 66.0388717651 -18.4198570251 129.3243103027 0.0000000000 0.0000000000 0.0000000000 0.0000000000
-18.7062435150 66.0581283569 -18.4189262390 129.3242797852 0.0000000000 0.0000000000 0.0000000000 0.0000000000
-18.7179851532 66.0774002075 -18.4204330444 129.3233032227 0.0000000000 0.0000000000 0.0000000000 0.0000000000
-18.7298507690 66.0966339111 -18.4077224731 129.3192749023 0.0000000000 0.0000000000 0.0000000000 0.0000000000
-18.7418861389 66.1159362793 -18.3915290833 129.3172149658 0.0000000000 0.0000000000 0.0000000000 0.0000000000
-18.7540855408 66.1352310181 -18.3749332428 129.3110046387 0.0000000000 0.0000000000 0.0000000000 0.0000000000
-18.7665157318 66.1545791626 -18.3709793091 129.3078155518 0.0000000000 0.0000000000 0.0000000000 0.0000000000
-18.7793350220 66.1740112305 -18.3758678436 129.3007049561 0.0000000000 0.0000000000 0.0000000000 0.0000000000
-18.7925052643 66.1935806274 -18.3703651428 129.3023223877 0.0000000000 0.0000000000 0.0000000000 0.0000000000
-18.8061256409 66.2132720947 -18.3526840210 129.3038787842 0.0000000000 0.0000000000 0.0000000000 0.0000000000
-18.8202495575 66.2331085205 -18.3203563690 129.3123931885 0.0000000000 0.0000000000 0.0000000000 0.0000000000
-18.8348445892 66.2531356812 -18.3079357147 129.3183441162 0.0000000000 0.0000000000 0.0000000000 0.0000000000
-18.8499088287 66.2734527588 -18.3155021667 129.3244018555 0.0000000000 0.0000000000 0.0000000000 0.0000000000
-18.8654212952 66.2940444946 -18.3355712891 129.3318786621 0.0000000000 0.0000000000 0.0000000000 0.0000000000
-18.8813800812 66.3149490356 -18.3422145844 129.3434448242 0.0000000000 0.0000000000 0.0000000000 0.0000000000
-18.8977069855 66.3361587524 -18.3310432434 129.3614349365 0.0000000000 0.0000000000 0.0000000000 0.0000000000
-18.9143085480 66.3576965332 -18.3103008270 129.3788299561 0.0000000000 0.0000000000 0.0000000000 0.0000000000
-18.9312877655 66.3796157837 -18.3013286591 129.3965911865 0.0000000000 0.0000000000 0.0000000000 0.0000000000
-18.9486942291 66.4017868042 -18.3148727417 129.4083099365 0.0000000000 0.0000000000 0.0000000000 0.0000000000
-18.9663162231 66.4241714478 -18.3400154114 129.4187316895 0.0000000000 0.0000000000 0.0000000000 0.0000000000
-18.9839591980 66.4465408325 -18.3566474915 129.4274291992 0.0000000000 0.0000000000 0.0000000000 0.0000000000
-19.0017299652 66.4691009521 -18.3515186310 129.4385681152 0.0000000000 0.0000000000 0.0000000000 0.0000000000
-19.0196628571 66.4918365479 -18.3416118622 129.4490203857 0.0000000000 0.0000000000 0.0000000000 0.0000000000
-19.0377311707 66.5146713257 -18.3322792053 129.4570465088 0.0000000000 0.0000000000 0.0000000000 0.0000000000
-19.0559272766 66.5375137329 -18.3380146027 129.4632110596 0.0000000000 0.0000000000 0.0000000000 0.0000000000
-19.0742187500 66.5603485107 -18.3463153839 129.4656982422 0.0000000000 0.0000000000 0.0000000000 0.0000000000
-19.0925197601 66.5831604004 -18.3563060760 129.4675140381 0.0000000000 0.0000000000 0.0000000000 0.0000000000
-19.1107254028 66.6059646606 -18.3548641205 129.4689025879 0.0000000000 0.0000000000 0.0000000000 0.0000000000
-19.1289634705 66.6287612915 -18.3410358429 129.4698944092 0.0000000000 0.0000000000 0.0000000000 0.0000000000
-19.1474571228 66.6515426636 -18.3241062164 129.4700622559 0.0000000000 0.0000000000 0.0000000000 0.0000000000
-19.1661090851 66.6743011475 -18.3189601898 129.4669494629 0.0000000000 0.0000000000 0.0000000000 0.0000000000
-19.1848869324 66.6970214844 -18.3264408112 129.4634399414 0.0000000000 0.0000000000 0.0000000000 0.0000000000
-19.2036533356 66.7196502686 -18.3288860321 129.4604187012 0.0000000000 0.0000000000 0.0000000000 0.0000000000
-19.2225265503 66.7421951294 -18.3298377991 129.4606018066 0.0000000000 0.0000000000 0.0000000000 0.0000000000
-19.2414817810 66.7646102905 -18.3270721436 129.4638366699 0.0000000000 0.0000000000 0.0000000000 0.0000000000
-19.2605037689 66.7867889404 -18.3242645264 129.4682159424 0.0000000000 0.0000000000 0.0000000000 0.0000000000
-19.2796592712 66.8089141846 -18.3287658691 129.4733734131 0.0000000000 0.0000000000 0.0000000000 0.0000000000
-19.2988166809 66.8309631348 -18.3401870728 129.4777374268 0.0000000000 0.0000000000 0.0000000000 0.0000000000
-19.3178501129 66.8527832031 -18.3354167938 129.4685974121 0.0000000000 0.0000000000 0.0000000000 0.0000000000
-19.3368072510 66.8746185303 -18.3375453949 129.4605560303 0.0000000000 0.0000000000 0.0000000000 0.0000000000
-19.3556537628 66.8964080811 -18.3380794525 129.4563293457 0.0000000000 0.0000000000 0.0000000000 0.0000000000
-19.3744602203 66.9182357788 -18.3419380188 129.4528503418 0.0000000000 0.0000000000 0.0000000000 0.0000000000
