#         COST_U        COST_H      COST_D       COST_S       REGU_H       REGU_S          HPO           COSTGLEN 
2188.3481445312 0.0000000000 0.0000000000 0.0000000000 1278.9722900391 0.0000000000 21.9504680634
1551.5327148438 0.0002380862 0.0000000000 0.0000000000 1277.8475341797 1497.9202880859 18.3586006165
1136.6197509766 0.0009077611 0.0000000000 0.0000000000 1271.5970458984 2528.8334960938 14.4055423737
858.7359619141 0.0019524907 0.0000000000 0.0000000000 1265.7033691406 2812.8706054688 11.8747034073
664.2894897461 0.0033140045 0.0000000000 0.0000000000 1260.4184570312 2286.5698242188 9.8764781952
523.4722290039 0.0049352883 0.0000000000 0.0000000000 1255.5845947266 1758.6868896484 8.1440401077
420.9862365723 0.0067668925 0.0000000000 0.0000000000 1250.8729248047 1435.8891601562 6.6604089737
347.1444091797 0.0087686758 0.0000000000 0.0000000000 1246.3192138672 1244.7305908203 5.4310684204
293.2321166992 0.0109104030 0.0000000000 0.0000000000 1241.7347412109 1102.5238037109 4.4303002357
253.7773590088 0.0131669631 0.0000000000 0.0000000000 1236.0759277344 969.4082031250 3.6269319057
224.8993835449 0.0155157773 0.0000000000 0.0000000000 1230.5491943359 849.6496582031 2.9898521900
203.6885223389 0.0179379210 0.0000000000 0.0000000000 1225.0738525391 757.0576171875 2.4824779034
187.8122253418 0.0204170942 0.0000000000 0.0000000000 1219.9390869141 686.4350585938 2.0794634819
175.9535369873 0.0229374170 0.0000000000 0.0000000000 1215.0400390625 629.5275878906 1.7656005621
167.0098419189 0.0254891776 0.0000000000 0.0000000000 1210.4145507812 574.8558959961 1.5230879784
160.2233581543 0.0280614533 0.0000000000 0.0000000000 1205.6594238281 518.3165283203 1.3356461525
155.0286102295 0.0306522362 0.0000000000 0.0000000000 1200.4541015625 464.7546997070 1.1851617098
151.0582427979 0.0332546271 0.0000000000 0.0000000000 1196.2933349609 420.4786987305 1.0602837801
147.9239654541 0.0358661152 0.0000000000 0.0000000000 1189.7835693359 383.9041748047 0.9499818087
145.4144897461 0.0384856164 0.0000000000 0.0000000000 1184.0778808594 350.4248046875 0.8515271544
143.3954925537 0.0411132239 0.0000000000 0.0000000000 1178.6630859375 316.6921386719 0.7654663920
141.7422637939 0.0437469333 0.0000000000 0.0000000000 1173.0753173828 283.8274841309 0.6924229264
140.3868713379 0.0463867076 0.0000000000 0.0000000000 1167.1712646484 256.0442504883 0.6332820058
139.2743377686 0.0490352325 0.0000000000 0.0000000000 1161.3487548828 232.9598846436 0.5859892964
138.3510894775 0.0516940989 0.0000000000 0.0000000000 1155.3502197266 211.9005432129 0.5468163490
137.5770721436 0.0543647967 0.0000000000 0.0000000000 1148.9765625000 191.5162811279 0.5123018026
136.9240264893 0.0570514463 0.0000000000 0.0000000000 1142.6217041016 172.8092651367 0.4803105891
136.3690032959 0.0597577021 0.0000000000 0.0000000000 1136.2707519531 156.4692077637 0.4498760998
135.8962554932 0.0624854118 0.0000000000 0.0000000000 1129.8411865234 142.3801116943 0.4209314585
135.4908599854 0.0652380511 0.0000000000 0.0000000000 1123.3934326172 129.1817321777 0.3938418031
135.1381225586 0.0680180639 0.0000000000 0.0000000000 1116.7486572266 116.4950561523 0.3688421845
134.8281097412 0.0708272159 0.0000000000 0.0000000000 1109.9197998047 104.8581466675 0.3458796144
134.5534362793 0.0736700892 0.0000000000 0.0000000000 1103.8399658203 95.4042053223 0.3247546554
134.3093719482 0.0765497908 0.0000000000 0.0000000000 1099.4091796875 87.2664642334 0.3053030074
134.0912933350 0.0794661567 0.0000000000 0.0000000000 1095.1635742188 78.8237457275 0.2874430716
133.8953247070 0.0824219584 0.0000000000 0.0000000000 1090.7716064453 70.8415679932 0.2709678411
133.7184143066 0.0854175016 0.0000000000 0.0000000000 1086.1779785156 64.6655502319 0.2558372915
133.5579071045 0.0884528160 0.0000000000 0.0000000000 1082.6988525391 59.4086380005 0.2420663685
133.4117889404 0.0915294588 0.0000000000 0.0000000000 1079.2338867188 54.0007705688 0.2296531498
133.2782592773 0.0946505666 0.0000000000 0.0000000000 1075.9947509766 48.8337326050 0.2185242474
133.1559295654 0.0978168845 0.0000000000 0.0000000000 1072.7802734375 44.1154556274 0.2084425241
133.0444030762 0.1010280475 0.0000000000 0.0000000000 1069.7440185547 39.9035873413 0.1991524249
132.9424438477 0.1042881161 0.0000000000 0.0000000000 1066.9963378906 36.6036987305 0.1902819276
132.8487091064 0.1075979769 0.0000000000 0.0000000000 1064.5672607422 33.8088607788 0.1815187335
132.7621459961 0.1109591350 0.0000000000 0.0000000000 1062.3887939453 30.7542228699 0.1728501320
132.6823730469 0.1143763810 0.0000000000 0.0000000000 1060.1182861328 27.6261863708 0.1645037979
132.6083374023 0.1178493500 0.0000000000 0.0000000000 1057.9282226562 25.2709445953 0.1566590965
132.5397033691 0.1213786453 0.0000000000 0.0000000000 1055.9006347656 23.5042572021 0.1493788064
132.4763793945 0.1249626949 0.0000000000 0.0000000000 1053.4675292969 21.5507488251 0.1425405741
132.4171295166 0.1286012381 0.0000000000 0.0000000000 1050.5694580078 19.5181274414 0.1360722035
132.3620300293 0.1322940737 0.0000000000 0.0000000000 1048.6842041016 17.8127307892 0.1299858987
132.3099365234 0.1360399574 0.0000000000 0.0000000000 1046.5314941406 16.4062385559 0.1243262887
132.2608489990 0.1398405284 0.0000000000 0.0000000000 1044.2775878906 15.0975151062 0.1190942079
132.2147216797 0.1436967105 0.0000000000 0.0000000000 1042.0400390625 13.8292617798 0.1141131818
132.1715850830 0.1476095766 0.0000000000 0.0000000000 1039.9759521484 12.6824216843 0.1092152745
132.1311187744 0.1515794098 0.0000000000 0.0000000000 1038.6752929688 11.6496362686 0.1043189093
132.0933074951 0.1556062549 0.0000000000 0.0000000000 1036.7220458984 10.6951074600 0.0994695947
132.0573577881 0.1596886963 0.0000000000 0.0000000000 1033.5791015625 9.8112831116 0.0947862044
132.0230560303 0.1638263017 0.0000000000 0.0000000000 1031.0701904297 9.0554447174 0.0903604478
131.9907226562 0.1680191755 0.0000000000 0.0000000000 1028.3693847656 8.3758602142 0.0862372518
131.9598541260 0.1722659916 0.0000000000 0.0000000000 1025.9355468750 7.7119159698 0.0823789388
131.9321746826 0.1765646338 0.0000000000 0.0000000000 1023.6889038086 7.0926313400 0.0786840618
131.9062500000 0.1809103936 0.0000000000 0.0000000000 1021.0898437500 6.5768022537 0.0751080960
131.8817443848 0.1853017360 0.0000000000 0.0000000000 1018.2872924805 6.1216230392 0.0716401413
131.8587493896 0.1897366941 0.0000000000 0.0000000000 1015.8693237305 5.6749854088 0.0682592019
131.8358459473 0.1942176968 0.0000000000 0.0000000000 1012.3517456055 5.2541751862 0.0649165139
131.8136749268 0.1987399012 0.0000000000 0.0000000000 1010.5567016602 4.8899278641 0.0615826696
131.7919616699 0.2033064365 0.0000000000 0.0000000000 1008.2194824219 4.5230522156 0.0582706593
131.7707366943 0.2079143822 0.0000000000 0.0000000000 1005.8367919922 4.1922669411 0.0550769828
131.7507324219 0.2125647813 0.0000000000 0.0000000000 1003.4063110352 3.9198360443 0.0520262532
131.7319335938 0.2172552347 0.0000000000 0.0000000000 1000.9289550781 3.6815681458 0.0491199121
131.7139282227 0.2219835818 0.0000000000 0.0000000000 998.4304809570 3.4434928894 0.0463198125
131.6970062256 0.2267497927 0.0000000000 0.0000000000 995.9449462891 3.1985785961 0.0436221212
131.6803588867 0.2315526158 0.0000000000 0.0000000000 993.4703369141 2.9902741909 0.0410149135
131.6637268066 0.2363898456 0.0000000000 0.0000000000 990.7312011719 2.8242011070 0.0384709761
131.6472930908 0.2412621826 0.0000000000 0.0000000000 987.6411132812 2.6474378109 0.0359580368
131.6307373047 0.2461697459 0.0000000000 0.0000000000 984.5278320312 2.4785978794 0.0334955864
131.6145324707 0.2511140108 0.0000000000 0.0000000000 981.4799194336 2.3416228294 0.0311115943
131.5985565186 0.2560933828 0.0000000000 0.0000000000 978.7208251953 2.2149686813 0.0288370810
131.5824890137 0.2611091435 0.0000000000 0.0000000000 975.6191406250 2.0929868221 0.0266287737
131.5663909912 0.2661607862 0.0000000000 0.0000000000 972.7445068359 1.9696620703 0.0244696569
131.5504302979 0.2712467909 0.0000000000 0.0000000000 969.9236450195 1.8658897877 0.0223333798
131.5346984863 0.2763634622 0.0000000000 0.0000000000 967.1924438477 1.7713339329 0.0202659052
131.5188446045 0.2815118134 0.0000000000 0.0000000000 964.5668334961 1.6669689417 0.0182467680
131.5026855469 0.2866896987 0.0000000000 0.0000000000 962.1810302734 1.5878682137 0.0162749439
131.4867858887 0.2918989658 0.0000000000 0.0000000000 960.3855590820 1.5305436850 0.0143759251
131.4711303711 0.2971384227 0.0000000000 0.0000000000 958.0877075195 1.4660863876 0.0125211887
131.4556121826 0.3024083078 0.0000000000 0.0000000000 955.0325317383 1.3947564363 0.0107092503
131.4402923584 0.3077052534 0.0000000000 0.0000000000 952.5038452148 1.3263338804 0.0089285187
131.4249267578 0.3130285144 0.0000000000 0.0000000000 950.2169799805 1.2525181770 0.0072013596
131.4093170166 0.3183786571 0.0000000000 0.0000000000 948.0538940430 1.1994949579 0.0055219252
131.3936309814 0.3237586915 0.0000000000 0.0000000000 946.0436401367 1.1669305563 0.0038771178
131.3778991699 0.3291704059 0.0000000000 0.0000000000 944.0859985352 1.1307059526 0.0022598617
131.3622741699 0.3346112967 0.0000000000 0.0000000000 941.8212890625 1.1079369783 0.0007060375
131.3463592529 0.3400789201 0.0000000000 0.0000000000 939.7821655273 1.1230933666 -0.0008218912
131.3301849365 0.3455711007 0.0000000000 0.0000000000 937.8090820312 1.1060135365 -0.0023359563
131.3134155273 0.3510926664 0.0000000000 0.0000000000 935.8897094727 0.9936558008 -0.0038378853
131.2965698242 0.3566426337 0.0000000000 0.0000000000 934.0061035156 0.9108954668 -0.0053239018
131.2798461914 0.3622195721 0.0000000000 0.0000000000 932.1550292969 0.9241124392 -0.0067758528
131.2631072998 0.3678278923 0.0000000000 0.0000000000 930.3297729492 0.9290750027 -0.0081817377
