#         rmsthk      stdthk       rmsvel       stdvel       rmsdiv       stddiv       rmsusurf       stdusurf
-0.0000019880 0.0001211595 14.8005733490 172.1557769775 0.0000000000 0.0000000000 0.0000000000 0.0000000000
-0.1228714734 0.5268007517 5.1930942535 156.7880859375 0.0000000000 0.0000000000 0.0000000000 0.0000000000
-0.2220192850 1.0566989183 -1.8103363514 145.2581176758 0.0000000000 0.0000000000 0.0000000000 0.0000000000
-0.2976333201 1.5820202827 -6.9305205345 137.4503936768 0.0000000000 0.0000000000 0.0000000000 0.0000000000
-0.3564775586 2.0978136063 -10.9732170105 131.3949279785 0.0000000000 0.0000000000 0.0000000000 0.0000000000
-0.4058318734 2.6022043228 -14.1529932022 126.7612380981 0.0000000000 0.0000000000 0.0000000000 0.0000000000
-0.4492430985 3.0933036804 -16.6257057190 123.3470916748 0.0000000000 0.0000000000 0.0000000000 0.0000000000
-0.4874789715 3.5707256794 -18.7162666321 120.8376846313 0.0000000000 0.0000000000 0.0000000000 0.0000000000
-0.5209355354 4.0348043442 -20.5172748566 118.9987258911 0.0000000000 0.0000000000 0.0000000000 0.0000000000
-0.5495758057 4.4860949516 -22.0229129791 117.7166519165 0.0000000000 0.0000000000 0.0000000000 0.0000000000
-0.5737953782 4.9255824089 -23.3345069885 116.8032455444 0.0000000000 0.0000000000 0.0000000000 0.0000000000
-0.5938087702 5.3540492058 -24.5089359283 116.1611785889 0.0000000000 0.0000000000 0.0000000000 0.0000000000
-0.6098311543 5.7722868919 -25.5738945007 115.6875762939 0.0000000000 0.0000000000 0.0000000000 0.0000000000
-0.6220596433 6.1811103821 -26.5099983215 115.3396835327 0.0000000000 0.0000000000 0.0000000000 0.0000000000
-0.6305394769 6.5810260773 -27.3297328949 115.0857238770 0.0000000000 0.0000000000 0.0000000000 0.0000000000
-0.6354129910 6.9726014137 -28.0104923248 114.9057312012 0.0000000000 0.0000000000 0.0000000000 0.0000000000
-0.6368772388 7.3562974930 -28.5588798523 114.7773132324 0.0000000000 0.0000000000 0.0000000000 0.0000000000
-0.6352350712 7.7325735092 -28.9844284058 114.6887283325 0.0000000000 0.0000000000 0.0000000000 0.0000000000
-0.6307709813 8.1019010544 -29.3031253815 114.6276168823 0.0000000000 0.0000000000 0.0000000000 0.0000000000
-0.6236134171 8.4644432068 -29.5350723267 114.5848007202 0.0000000000 0.0000000000 0.0000000000 0.0000000000
-0.6140859723 8.8205089569 -29.6909065247 114.5586090088 0.0000000000 0.0000000000 0.0000000000 0.0000000000
-0.6023605466 9.1703376770 -29.7703781128 114.5489196777 0.0000000000 0.0000000000 0.0000000000 0.0000000000
-0.5886183381 9.5141248703 -29.7783355713 114.5554809570 0.0000000000 0.0000000000 0.0000000000 0.0000000000
-0.5730113983 9.8519954681 -29.7345981598 114.5723648071 0.0000000000 0.0000000000 0.0000000000 0.0000000000
-0.5556447506 10.1840353012 -29.6551589966 114.5951080322 0.0000000000 0.0000000000 0.0000000000 0.0000000000
-0.5367669463 10.5105190277 -29.5526733398 114.6201324463 0.0000000000 0.0000000000 0.0000000000 0.0000000000
-0.5164931417 10.8316812515 -29.4361133575 114.6455841064 0.0000000000 0.0000000000 0.0000000000 0.0000000000
-0.4950295687 11.1477727890 -29.3127918243 114.6707458496 0.0000000000 0.0000000000 0.0000000000 0.0000000000
-0.4725390971 11.4589700699 -29.1813449860 114.6958923340 0.0000000000 0.0000000000 0.0000000000 0.0000000000
-0.4492420256 11.7654476166 -29.0385284424 114.7218551636 0.0000000000 0.0000000000 0.0000000000 0.0000000000
-0.4252812266 12.0674047470 -28.8812332153 114.7495651245 0.0000000000 0.0000000000 0.0000000000 0.0000000000
-0.4007964134 12.3650274277 -28.7089366913 114.7791137695 0.0000000000 0.0000000000 0.0000000000 0.0000000000
-0.3759463727 12.6584501266 -28.5231361389 114.8104858398 0.0000000000 0.0000000000 0.0000000000 0.0000000000
-0.3508514464 12.9478425980 -28.3251647949 114.8438796997 0.0000000000 0.0000000000 0.0000000000 0.0000000000
-0.3256110847 13.2334041595 -28.1164646149 114.8791046143 0.0000000000 0.0000000000 0.0000000000 0.0000000000
-0.3003686070 13.5151853561 -27.8985118866 114.9157867432 0.0000000000 0.0000000000 0.0000000000 0.0000000000
-0.2751792669 13.7932653427 -27.6741485596 114.9535446167 0.0000000000 0.0000000000 0.0000000000 0.0000000000
-0.2501735091 14.0677433014 -27.4456844330 114.9919815063 0.0000000000 0.0000000000 0.0000000000 0.0000000000
-0.2254128903 14.3386745453 -27.2154140472 115.0307769775 0.0000000000 0.0000000000 0.0000000000 0.0000000000
-0.2010855377 14.6061306000 -26.9853458405 115.0696182251 0.0000000000 0.0000000000 0.0000000000 0.0000000000
-0.1772831529 14.8701772690 -26.7568702698 115.1083602905 0.0000000000 0.0000000000 0.0000000000 0.0000000000
-0.1540721059 15.1308536530 -26.5311584473 115.1467819214 0.0000000000 0.0000000000 0.0000000000 0.0000000000
-0.1314734221 15.3881807327 -26.3104839325 115.1843032837 0.0000000000 0.0000000000 0.0000000000 0.0000000000
-0.1095086187 15.6421680450 -26.0971508026 115.2203292847 0.0000000000 0.0000000000 0.0000000000 0.0000000000
-0.0883254334 15.8929042816 -25.8928890228 115.2544937134 0.0000000000 0.0000000000 0.0000000000 0.0000000000
-0.0678973123 16.1403446198 -25.6987438202 115.2864990234 0.0000000000 0.0000000000 0.0000000000 0.0000000000
-0.0482248254 16.3845520020 -25.5162868500 115.3159942627 0.0000000000 0.0000000000 0.0000000000 0.0000000000
-0.0293346364 16.6254920959 -25.3470401764 115.3426055908 0.0000000000 0.0000000000 0.0000000000 0.0000000000
-0.0112750586 16.8632278442 -25.1920604706 115.3661422729 0.0000000000 0.0000000000 0.0000000000 0.0000000000
0.0059119202 17.0977573395 -25.0521774292 115.3866119385 0.0000000000 0.0000000000 0.0000000000 0.0000000000
0.0222219061 17.3290748596 -24.9278450012 115.4037399292 0.0000000000 0.0000000000 0.0000000000 0.0000000000
0.0377063490 17.5571975708 -24.8194007874 115.4175491333 0.0000000000 0.0000000000 0.0000000000 0.0000000000
0.0523280241 17.7822494507 -24.7268371582 115.4281616211 0.0000000000 0.0000000000 0.0000000000 0.0000000000
0.0661674589 18.0041446686 -24.6499176025 115.4355697632 0.0000000000 0.0000000000 0.0000000000 0.0000000000
0.0792421699 18.2229404449 -24.5883560181 115.4398498535 0.0000000000 0.0000000000 0.0000000000 0.0000000000
0.0915932134 18.4386844635 -24.5417404175 115.4409866333 0.0000000000 0.0000000000 0.0000000000 0.0000000000
0.1031802371 18.6513881683 -24.5093917847 115.4390640259 0.0000000000 0.0000000000 0.0000000000 0.0000000000
0.1140930280 18.8610057831 -24.4908046722 115.4340591431 0.0000000000 0.0000000000 0.0000000000 0.0000000000
0.1243399084 19.0675735474 -24.4849872589 115.4260864258 0.0000000000 0.0000000000 0.0000000000 0.0000000000
0.1339631826 19.2710475922 -24.4909057617 115.4153900146 0.0000000000 0.0000000000 0.0000000000 0.0000000000
0.1429868937 19.4715461731 -24.5070533752 115.4021759033 0.0000000000 0.0000000000 0.0000000000 0.0000000000
0.1514226198 19.6691074371 -24.5320072174 115.3869476318 0.0000000000 0.0000000000 0.0000000000 0.0000000000
0.1593019962 19.8637237549 -24.5644702911 115.3699645996 0.0000000000 0.0000000000 0.0000000000 0.0000000000
0.1666298211 20.0554103851 -24.6032295227 115.3514251709 0.0000000000 0.0000000000 0.0000000000 0.0000000000
0.1735136360 20.2441883087 -24.6471252441 115.3315200806 0.0000000000 0.0000000000 0.0000000000 0.0000000000
0.1799611151 20.4300651550 -24.6952648163 115.3105010986 0.0000000000 0.0000000000 0.0000000000 0.0000000000
0.1859584451 20.6130371094 -24.7464752197 115.2883758545 0.0000000000 0.0000000000 0.0000000000 0.0000000000
0.1915245652 20.7931308746 -24.7992343903 115.2655181885 0.0000000000 0.0000000000 0.0000000000 0.0000000000
0.1967625618 20.9703159332 -24.8523521423 115.2420349121 0.0000000000 0.0000000000 0.0000000000 0.0000000000
0.2017423809 21.1446075439 -24.9051589966 115.2181091309 0.0000000000 0.0000000000 0.0000000000 0.0000000000
0.2063698471 21.3160476685 -24.9571437836 115.1938018799 0.0000000000 0.0000000000 0.0000000000 0.0000000000
0.2106810212 21.4845981598 -25.0077857971 115.1690597534 0.0000000000 0.0000000000 0.0000000000 0.0000000000
0.2147019058 21.6503314972 -25.0565719604 115.1439666748 0.0000000000 0.0000000000 0.0000000000 0.0000000000
0.2183918953 21.8133029938 -25.1030254364 115.1187438965 0.0000000000 0.0000000000 0.0000000000 0.0000000000
0.2217456996 21.9734973907 -25.1466503143 115.0933303833 0.0000000000 0.0000000000 0.0000000000 0.0000000000
0.2248120606 22.1309814453 -25.1868019104 115.0676956177 0.0000000000 0.0000000000 0.0000000000 0.0000000000
0.2276175171 22.2858428955 -25.2226734161 115.0419998169 0.0000000000 0.0000000000 0.0000000000 0.0000000000
0.2301537246 22.4382171631 -25.2538948059 115.0162582397 0.0000000000 0.0000000000 0.0000000000 0.0000000000
0.2324315459 22.5881423950 -25.2800464630 114.9904327393 0.0000000000 0.0000000000 0.0000000000 0.0000000000
0.2344440371 22.7357234955 -25.3007717133 114.9645462036 0.0000000000 0.0000000000 0.0000000000 0.0000000000
0.2361595780 22.8810806274 -25.3159618378 114.9387588501 0.0000000000 0.0000000000 0.0000000000 0.0000000000
0.2376035601 23.0242671967 -25.3256931305 114.9128341675 0.0000000000 0.0000000000 0.0000000000 0.0000000000
0.2387925535 23.1653289795 -25.3301353455 114.8866653442 0.0000000000 0.0000000000 0.0000000000 0.0000000000
0.2396493554 23.3043136597 -25.3296508789 114.8602294922 0.0000000000 0.0000000000 0.0000000000 0.0000000000
0.2401327193 23.4412727356 -25.3247604370 114.8333511353 0.0000000000 0.0000000000 0.0000000000 0.0000000000
0.2403061390 23.5762538910 -25.3161754608 114.8056869507 0.0000000000 0.0000000000 0.0000000000 0.0000000000
0.2401718050 23.7092895508 -25.3043327332 114.7770080566 0.0000000000 0.0000000000 0.0000000000 0.0000000000
0.2397165298 23.8404579163 -25.2903232574 114.7471237183 0.0000000000 0.0000000000 0.0000000000 0.0000000000
0.2389663011 23.9697761536 -25.2775382996 114.7148208618 0.0000000000 0.0000000000 0.0000000000 0.0000000000
0.2378982902 24.0973644257 -25.2675781250 114.6797256470 0.0000000000 0.0000000000 0.0000000000 0.0000000000
0.2365258783 24.2232742310 -25.2582244873 114.6424331665 0.0000000000 0.0000000000 0.0000000000 0.0000000000
0.2348787338 24.3474884033 -25.2462368011 114.6041870117 0.0000000000 0.0000000000 0.0000000000 0.0000000000
0.2330211699 24.4699954987 -25.2285461426 114.5656356812 0.0000000000 0.0000000000 0.0000000000 0.0000000000
0.2309424728 24.5907363892 -25.2052803040 114.5268936157 0.0000000000 0.0000000000 0.0000000000 0.0000000000
0.2286156714 24.7096519470 -25.1773815155 114.4873962402 0.0000000000 0.0000000000 0.0000000000 0.0000000000
0.2259986848 24.8266963959 -25.1451873779 114.4472732544 0.0000000000 0.0000000000 0.0000000000 0.0000000000
0.2230948359 24.9417724609 -25.1088714600 114.4061126709 0.0000000000 0.0000000000 0.0000000000 0.0000000000
0.2199033350 25.0547428131 -25.0701026917 114.3629455566 0.0000000000 0.0000000000 0.0000000000 0.0000000000
0.2163358778 25.1656265259 -25.0283164978 114.3174438477 0.0000000000 0.0000000000 0.0000000000 0.0000000000
0.2122889608 25.2744560242 -24.9836101532 114.2699203491 0.0000000000 0.0000000000 0.0000000000 0.0000000000
0.2077502310 25.3812198639 -24.9359645844 114.2200469971 0.0000000000 0.0000000000 0.0000000000 0.0000000000
0.2027000040 25.4860668182 -24.8853778839 114.1673355103 0.0000000000 0.0000000000 0.0000000000 0.0000000000
0.1971384734 25.5891590118 -24.8290328979 114.1129150391 0.0000000000 0.0000000000 0.0000000000 0.0000000000
0.1910238713 25.6906452179 -24.7639446259 114.0573577881 0.0000000000 0.0000000000 0.0000000000 0.0000000000
0.1844097376 25.7907352448 -24.6878910065 114.0016174316 0.0000000000 0.0000000000 0.0000000000 0.0000000000
0.1772753149 25.8896312714 -24.6002407074 113.9451370239 0.0000000000 0.0000000000 0.0000000000 0.0000000000
0.1695892364 25.9876041412 -24.5047149658 113.8871612549 0.0000000000 0.0000000000 0.0000000000 0.0000000000
0.1612485945 26.0848865509 -24.4057960510 113.8247833252 0.0000000000 0.0000000000 0.0000000000 0.0000000000
0.1521539390 26.1816997528 -24.3081130981 113.7582168579 0.0000000000 0.0000000000 0.0000000000 0.0000000000
0.1422372907 26.2782840729 -24.2112560272 113.6877441406 0.0000000000 0.0000000000 0.0000000000 0.0000000000
0.1314723045 26.3747673035 -24.1143016815 113.6141128540 0.0000000000 0.0000000000 0.0000000000 0.0000000000
0.1198359355 26.4711990356 -24.0154590607 113.5381774902 0.0000000000 0.0000000000 0.0000000000 0.0000000000
0.1073402390 26.5677356720 -23.9134826660 113.4608154297 0.0000000000 0.0000000000 0.0000000000 0.0000000000
0.0939718336 26.6644916534 -23.8066196442 113.3820724487 0.0000000000 0.0000000000 0.0000000000 0.0000000000
0.0797407478 26.7615966797 -23.6944065094 113.3020935059 0.0000000000 0.0000000000 0.0000000000 0.0000000000
0.0646892413 26.8591823578 -23.5781841278 113.2205734253 0.0000000000 0.0000000000 0.0000000000 0.0000000000
0.0488542728 26.9572067261 -23.4600639343 113.1381225586 0.0000000000 0.0000000000 0.0000000000 0.0000000000
0.0322980620 27.0557479858 -23.3424072266 113.0534973145 0.0000000000 0.0000000000 0.0000000000 0.0000000000
0.0151067721 27.1548671722 -23.2274169922 112.9677429199 0.0000000000 0.0000000000 0.0000000000 0.0000000000
-0.0026285890 27.2544803619 -23.1167182922 112.8810501099 0.0000000000 0.0000000000 0.0000000000 0.0000000000
-0.0208738036 27.3545780182 -23.0118217468 112.7922058105 0.0000000000 0.0000000000 0.0000000000 0.0000000000
-0.0397075042 27.4552173615 -22.9139823914 112.7007293701 0.0000000000 0.0000000000 0.0000000000 0.0000000000
-0.0591556989 27.5563449860 -22.8242874146 112.6063156128 0.0000000000 0.0000000000 0.0000000000 0.0000000000
-0.0791460425 27.6578540802 -22.7431144714 112.5079040527 0.0000000000 0.0000000000 0.0000000000 0.0000000000
-0.0996613726 27.7598152161 -22.6706142426 112.4049072266 0.0000000000 0.0000000000 0.0000000000 0.0000000000
-0.1206342280 27.8621559143 -22.6080608368 112.2989578247 0.0000000000 0.0000000000 0.0000000000 0.0000000000
-0.1420045942 27.9646511078 -22.5549583435 112.1903457642 0.0000000000 0.0000000000 0.0000000000 0.0000000000
-0.1636134982 28.0670623779 -22.5099182129 112.0781173706 0.0000000000 0.0000000000 0.0000000000 0.0000000000
-0.1853996068 28.1693668365 -22.4710979462 111.9612350464 0.0000000000 0.0000000000 0.0000000000 0.0000000000
-0.2073260695 28.2714900970 -22.4373683929 111.8402633667 0.0000000000 0.0000000000 0.0000000000 0.0000000000
-0.2292916626 28.3733558655 -22.4067478180 111.7161331177 0.0000000000 0.0000000000 0.0000000000 0.0000000000
-0.2511680722 28.4748439789 -22.3770103455 111.5878524780 0.0000000000 0.0000000000 0.0000000000 0.0000000000
-0.2729970813 28.5760078430 -22.3467788696 111.4572067261 0.0000000000 0.0000000000 0.0000000000 0.0000000000
-0.2946888208 28.6767864227 -22.3145370483 111.3245239258 0.0000000000 0.0000000000 0.0000000000 0.0000000000
-0.3162037730 28.7771987915 -22.2781887054 111.1869888306 0.0000000000 0.0000000000 0.0000000000 0.0000000000
-0.3375145793 28.8772201538 -22.2372856140 111.0457992554 0.0000000000 0.0000000000 0.0000000000 0.0000000000
-0.3585905433 28.9768314362 -22.1917076111 110.9019622803 0.0000000000 0.0000000000 0.0000000000 0.0000000000
-0.3793501854 29.0760841370 -22.1416225433 110.7568511963 0.0000000000 0.0000000000 0.0000000000 0.0000000000
-0.3998509049 29.1749877930 -22.0872173309 110.6105728149 0.0000000000 0.0000000000 0.0000000000 0.0000000000
-0.4200221002 29.2735080719 -22.0304145813 110.4682693481 0.0000000000 0.0000000000 0.0000000000 0.0000000000
-0.4397743642 29.3714256287 -21.9721794128 110.3300018311 0.0000000000 0.0000000000 0.0000000000 0.0000000000
-0.4590216279 29.4687824249 -21.9126739502 110.1935195923 0.0000000000 0.0000000000 0.0000000000 0.0000000000
-0.4776945114 29.5655822754 -21.8537559509 110.0583038330 0.0000000000 0.0000000000 0.0000000000 0.0000000000
-0.4957887828 29.6619472504 -21.7951698303 109.9209594727 0.0000000000 0.0000000000 0.0000000000 0.0000000000
-0.5131983161 29.7579307556 -21.7373332977 109.7832489014 0.0000000000 0.0000000000 0.0000000000 0.0000000000
-0.5298274755 29.8535041809 -21.6801166534 109.6440505981 0.0000000000 0.0000000000 0.0000000000 0.0000000000
-0.5456006527 29.9486675262 -21.6229782104 109.5047683716 0.0000000000 0.0000000000 0.0000000000 0.0000000000
-0.5605464578 30.0432987213 -21.5646705627 109.3631134033 0.0000000000 0.0000000000 0.0000000000 0.0000000000
-0.5747052431 30.1373596191 -21.5058231354 109.2205581665 0.0000000000 0.0000000000 0.0000000000 0.0000000000
-0.5881169438 30.2308807373 -21.4474925995 109.0772628784 0.0000000000 0.0000000000 0.0000000000 0.0000000000
-0.6006450653 30.3237533569 -21.3895492554 108.9335479736 0.0000000000 0.0000000000 0.0000000000 0.0000000000
-0.6124266386 30.4160900116 -21.3289737701 108.7867813110 0.0000000000 0.0000000000 0.0000000000 0.0000000000
-0.6235106587 30.5078887939 -21.2649440765 108.6398849487 0.0000000000 0.0000000000 0.0000000000 0.0000000000
-0.6339352131 30.5989360809 -21.1958122253 108.4926605225 0.0000000000 0.0000000000 0.0000000000 0.0000000000
-0.6437168717 30.6890506744 -21.1230735779 108.3450469971 0.0000000000 0.0000000000 0.0000000000 0.0000000000
-0.6528490186 30.7782001495 -21.0484676361 108.2000274658 0.0000000000 0.0000000000 0.0000000000 0.0000000000
-0.6613695621 30.8662815094 -20.9684772491 108.0523147583 0.0000000000 0.0000000000 0.0000000000 0.0000000000
-0.6693512797 30.9532871246 -20.8837337494 107.9035720825 0.0000000000 0.0000000000 0.0000000000 0.0000000000
-0.6767708659 31.0392513275 -20.7965946198 107.7550048828 0.0000000000 0.0000000000 0.0000000000 0.0000000000
-0.6836640835 31.1242008209 -20.7067337036 107.6058959961 0.0000000000 0.0000000000 0.0000000000 0.0000000000
-0.6901409626 31.2083168030 -20.6136302948 107.4532775879 0.0000000000 0.0000000000 0.0000000000 0.0000000000
-0.6961940527 31.2915725708 -20.5224456787 107.2981491089 0.0000000000 0.0000000000 0.0000000000 0.0000000000
-0.7017474174 31.3736991882 -20.4386653900 107.1419982910 0.0000000000 0.0000000000 0.0000000000 0.0000000000
-0.7068572044 31.4547576904 -20.3608360291 106.9804382324 0.0000000000 0.0000000000 0.0000000000 0.0000000000
-0.7116163373 31.5347881317 -20.2840785980 106.8142929077 0.0000000000 0.0000000000 0.0000000000 0.0000000000
-0.7159574628 31.6137351990 -20.2101287842 106.6445693970 0.0000000000 0.0000000000 0.0000000000 0.0000000000
-0.7199514508 31.6917457581 -20.1428947449 106.4715805054 0.0000000000 0.0000000000 0.0000000000 0.0000000000
-0.7235807776 31.7690029144 -20.0897121429 106.2913284302 0.0000000000 0.0000000000 0.0000000000 0.0000000000
-0.7270718217 31.8455142975 -20.0414142609 106.1030197144 0.0000000000 0.0000000000 0.0000000000 0.0000000000
-0.7305777669 31.9213771820 -19.9879856110 105.9105911255 0.0000000000 0.0000000000 0.0000000000 0.0000000000
-0.7342299819 31.9964981079 -19.9189815521 105.7168502808 0.0000000000 0.0000000000 0.0000000000 0.0000000000
-0.7382598519 32.0711364746 -19.8240642548 105.5234527588 0.0000000000 0.0000000000 0.0000000000 0.0000000000
-0.7428638935 32.1454734802 -19.6998138428 105.3369750977 0.0000000000 0.0000000000 0.0000000000 0.0000000000
-0.7481176257 32.2196159363 -19.5510253906 105.1615524292 0.0000000000 0.0000000000 0.0000000000 0.0000000000
-0.7540789843 32.2937240601 -19.3862342834 105.0022201538 0.0000000000 0.0000000000 0.0000000000 0.0000000000
-0.7608819604 32.3676948547 -19.2116088867 104.8573379517 0.0000000000 0.0000000000 0.0000000000 0.0000000000
-0.7685294151 32.4415168762 -19.0405387878 104.7231597900 0.0000000000 0.0000000000 0.0000000000 0.0000000000
-0.7770877481 32.5152740479 -18.8928127289 104.5983505249 0.0000000000 0.0000000000 0.0000000000 0.0000000000
-0.7865486145 32.5889167786 -18.7913856506 104.4814682007 0.0000000000 0.0000000000 0.0000000000 0.0000000000
-0.7969074249 32.6624832153 -18.7534294128 104.3653259277 0.0000000000 0.0000000000 0.0000000000 0.0000000000
-0.8081324697 32.7358932495 -18.7843322754 104.2484664917 0.0000000000 0.0000000000 0.0000000000 0.0000000000
-0.8200795650 32.8090858459 -18.8743114471 104.1333160400 0.0000000000 0.0000000000 0.0000000000 0.0000000000
-0.8325875401 32.8819694519 -18.9883174896 104.0174560547 0.0000000000 0.0000000000 0.0000000000 0.0000000000
-0.8455985188 32.9546623230 -19.0843963623 103.9106445312 0.0000000000 0.0000000000 0.0000000000 0.0000000000
-0.8589860797 33.0272827148 -19.1285820007 103.8195877075 0.0000000000 0.0000000000 0.0000000000 0.0000000000
-0.8727075458 33.0998916626 -19.1065731049 103.7475891113 0.0000000000 0.0000000000 0.0000000000 0.0000000000
-0.8868681788 33.1724853516 -19.0188064575 103.6930313110 0.0000000000 0.0000000000 0.0000000000 0.0000000000
-0.9014909863 33.2449836731 -18.8889312744 103.6515350342 0.0000000000 0.0000000000 0.0000000000 0.0000000000
-0.9166036248 33.3172645569 -18.7559185028 103.6143875122 0.0000000000 0.0000000000 0.0000000000 0.0000000000
-0.9322683215 33.3893661499 -18.6526412964 103.5737075806 0.0000000000 0.0000000000 0.0000000000 0.0000000000
-0.9484513402 33.4612045288 -18.6002559662 103.5246505737 0.0000000000 0.0000000000 0.0000000000 0.0000000000
-0.9650896788 33.5326576233 -18.6029529572 103.4671554565 0.0000000000 0.0000000000 0.0000000000 0.0000000000
-0.9820322394 33.6036071777 -18.6424083710 103.4041671753 0.0000000000 0.0000000000 0.0000000000 0.0000000000
-0.9992425442 33.6738624573 -18.6926975250 103.3390121460 0.0000000000 0.0000000000 0.0000000000 0.0000000000
-1.0166454315 33.7433853149 -18.7255725861 103.2786712646 0.0000000000 0.0000000000 0.0000000000 0.0000000000
-1.0342290401 33.8120689392 -18.7236900330 103.2235412598 0.0000000000 0.0000000000 0.0000000000 0.0000000000
-1.0519368649 33.8799133301 -18.6842079163 103.1758041382 0.0000000000 0.0000000000 0.0000000000 0.0000000000
-1.0698468685 33.9471054077 -18.6155452728 103.1320571899 0.0000000000 0.0000000000 0.0000000000 0.0000000000
-1.0880607367 34.0137100220 -18.5365791321 103.0892257690 0.0000000000 0.0000000000 0.0000000000 0.0000000000
-1.1066772938 34.0797767639 -18.4718418121 103.0420074463 0.0000000000 0.0000000000 0.0000000000 0.0000000000
-1.1257700920 34.1453170776 -18.4369621277 102.9874496460 0.0000000000 0.0000000000 0.0000000000 0.0000000000
-1.1453223228 34.2103424072 -18.4392337799 102.9256515503 0.0000000000 0.0000000000 0.0000000000 0.0000000000
-1.1652313471 34.2747535706 -18.4680023193 102.8587646484 0.0000000000 0.0000000000 0.0000000000 0.0000000000
-1.1853818893 34.3387184143 -18.5086746216 102.7886199951 0.0000000000 0.0000000000 0.0000000000 0.0000000000
-1.2055948973 34.4020919800 -18.5405712128 102.7184982300 0.0000000000 0.0000000000 0.0000000000 0.0000000000
-1.2257207632 34.4648475647 -18.5466003418 102.6510162354 0.0000000000 0.0000000000 0.0000000000 0.0000000000
-1.2456980944 34.5270309448 -18.5200176239 102.5856094360 0.0000000000 0.0000000000 0.0000000000 0.0000000000
-1.2654980421 34.5887031555 -18.4638690948 102.5226669312 0.0000000000 0.0000000000 0.0000000000 0.0000000000
-1.2850688696 34.6498260498 -18.3898124695 102.4595413208 0.0000000000 0.0000000000 0.0000000000 0.0000000000
-1.3043817282 34.7103996277 -18.3151550293 102.3936920166 0.0000000000 0.0000000000 0.0000000000 0.0000000000
-1.3235081434 34.7704925537 -18.2536258698 102.3190841675 0.0000000000 0.0000000000 0.0000000000 0.0000000000
-1.3424165249 34.8299865723 -18.2134323120 102.2375717163 0.0000000000 0.0000000000 0.0000000000 0.0000000000
-1.3611611128 34.8887710571 -18.1996002197 102.1482925415 0.0000000000 0.0000000000 0.0000000000 0.0000000000
-1.3797166348 34.9469337463 -18.2068214417 102.0509719849 0.0000000000 0.0000000000 0.0000000000 0.0000000000
-1.3980928659 35.0044593811 -18.2221088409 101.9477920532 0.0000000000 0.0000000000 0.0000000000 0.0000000000
-1.4162713289 35.0613517761 -18.2294311523 101.8412399292 0.0000000000 0.0000000000 0.0000000000 0.0000000000
-1.4342281818 35.1176643372 -18.2181396484 101.7345581055 0.0000000000 0.0000000000 0.0000000000 0.0000000000
-1.4519928694 35.1733741760 -18.1850166321 101.6288909912 0.0000000000 0.0000000000 0.0000000000 0.0000000000
-1.4695888758 35.2285232544 -18.1313762665 101.5256805420 0.0000000000 0.0000000000 0.0000000000 0.0000000000
-1.4871274233 35.2832489014 -18.0648994446 101.4225463867 0.0000000000 0.0000000000 0.0000000000 0.0000000000
-1.5047092438 35.3376884460 -18.0006694794 101.3188095093 0.0000000000 0.0000000000 0.0000000000 0.0000000000
-1.5223201513 35.3918838501 -17.9509220123 101.2137222290 0.0000000000 0.0000000000 0.0000000000 0.0000000000
-1.5399032831 35.4458618164 -17.9238834381 101.1075744629 0.0000000000 0.0000000000 0.0000000000 0.0000000000
-1.5574216843 35.4996604919 -17.9189662933 101.0028610229 0.0000000000 0.0000000000 0.0000000000 0.0000000000
-1.5748764277 35.5532608032 -17.9239521027 100.8999328613 0.0000000000 0.0000000000 0.0000000000 0.0000000000
-1.5921821594 35.6067199707 -17.9264087677 100.8020782471 0.0000000000 0.0000000000 0.0000000000 0.0000000000
-1.6092847586 35.6600151062 -17.9171791077 100.7102279663 0.0000000000 0.0000000000 0.0000000000 0.0000000000
-1.6261013746 35.7130661011 -17.8946666718 100.6249160767 0.0000000000 0.0000000000 0.0000000000 0.0000000000
-1.6426210403 35.7659492493 -17.8595695496 100.5435028076 0.0000000000 0.0000000000 0.0000000000 0.0000000000
-1.6588690281 35.8186569214 -17.8170890808 100.4656600952 0.0000000000 0.0000000000 0.0000000000 0.0000000000
-1.6748720407 35.8711814880 -17.7741661072 100.3895874023 0.0000000000 0.0000000000 0.0000000000 0.0000000000
-1.6905995607 35.9234962463 -17.7362976074 100.3131256104 0.0000000000 0.0000000000 0.0000000000 0.0000000000
-1.7060302496 35.9755134583 -17.7084465027 100.2369689941 0.0000000000 0.0000000000 0.0000000000 0.0000000000
-1.7211400270 36.0270347595 -17.6913604736 100.1609725952 0.0000000000 0.0000000000 0.0000000000 0.0000000000
-1.7358505726 36.0779914856 -17.6815643311 100.0826263428 0.0000000000 0.0000000000 0.0000000000 0.0000000000
-1.7501046658 36.1284332275 -17.6713657379 100.0045928955 0.0000000000 0.0000000000 0.0000000000 0.0000000000
-1.7639404535 36.1783485413 -17.6550788879 99.9263839722 0.0000000000 0.0000000000 0.0000000000 0.0000000000
-1.7773606777 36.2278289795 -17.6330585480 99.8481063843 0.0000000000 0.0000000000 0.0000000000 0.0000000000
-1.7904121876 36.2768974304 -17.6028690338 99.7673568726 0.0000000000 0.0000000000 0.0000000000 0.0000000000
-1.8031561375 36.3257026672 -17.5672569275 99.6828689575 0.0000000000 0.0000000000 0.0000000000 0.0000000000
-1.8155943155 36.3743057251 -17.5304279327 99.5951766968 0.0000000000 0.0000000000 0.0000000000 0.0000000000
-1.8277494907 36.4225540161 -17.4990692139 99.5039138794 0.0000000000 0.0000000000 0.0000000000 0.0000000000
-1.8396459818 36.4705467224 -17.4723377228 99.4100189209 0.0000000000 0.0000000000 0.0000000000 0.0000000000
-1.8512749672 36.5182380676 -17.4470329285 99.3147354126 0.0000000000 0.0000000000 0.0000000000 0.0000000000
-1.8626227379 36.5655975342 -17.4188213348 99.2187118530 0.0000000000 0.0000000000 0.0000000000 0.0000000000
-1.8736885786 36.6126136780 -17.3857116699 99.1232452393 0.0000000000 0.0000000000 0.0000000000 0.0000000000
-1.8845661879 36.6594734192 -17.3470554352 99.0276870728 0.0000000000 0.0000000000 0.0000000000 0.0000000000
-1.8953118324 36.7062110901 -17.3081302643 98.9322509766 0.0000000000 0.0000000000 0.0000000000 0.0000000000
-1.9059736729 36.7529525757 -17.2745037079 98.8334579468 0.0000000000 0.0000000000 0.0000000000 0.0000000000
-1.9166221619 36.7995262146 -17.2489871979 98.7336730957 0.0000000000 0.0000000000 0.0000000000 0.0000000000
-1.9272078276 36.8459587097 -17.2318038940 98.6348037720 0.0000000000 0.0000000000 0.0000000000 0.0000000000
-1.9376953840 36.8920707703 -17.2170562744 98.5369415283 0.0000000000 0.0000000000 0.0000000000 0.0000000000
-1.9480612278 36.9378089905 -17.1999168396 98.4400558472 0.0000000000 0.0000000000 0.0000000000 0.0000000000
-1.9583463669 36.9831237793 -17.1757144928 98.3444442749 0.0000000000 0.0000000000 0.0000000000 0.0000000000
-1.9686198235 37.0280494690 -17.1434497833 98.2527847290 0.0000000000 0.0000000000 0.0000000000 0.0000000000
-1.9789366722 37.0726661682 -17.1065273285 98.1649627686 0.0000000000 0.0000000000 0.0000000000 0.0000000000
-1.9892493486 37.1169090271 -17.0646228790 98.0816726685 0.0000000000 0.0000000000 0.0000000000 0.0000000000
-1.9995789528 37.1610031128 -17.0228748322 97.9980163574 0.0000000000 0.0000000000 0.0000000000 0.0000000000
-2.0098946095 37.2050132751 -16.9872665405 97.9131088257 0.0000000000 0.0000000000 0.0000000000 0.0000000000
-2.0202291012 37.2491416931 -16.9595184326 97.8257904053 0.0000000000 0.0000000000 0.0000000000 0.0000000000
-2.0306220055 37.2935295105 -16.9359645844 97.7407608032 0.0000000000 0.0000000000 0.0000000000 0.0000000000
-2.0410735607 37.3382301331 -16.9161357880 97.6592178345 0.0000000000 0.0000000000 0.0000000000 0.0000000000
-2.0515439510 37.3831138611 -16.8946208954 97.5825424194 0.0000000000 0.0000000000 0.0000000000 0.0000000000
-2.0620112419 37.4281768799 -16.8714179993 97.5105895996 0.0000000000 0.0000000000 0.0000000000 0.0000000000
-2.0724525452 37.4733581543 -16.8481483459 97.4447937012 0.0000000000 0.0000000000 0.0000000000 0.0000000000
-2.0828278065 37.5185089111 -16.8239002228 97.3847961426 0.0000000000 0.0000000000 0.0000000000 0.0000000000
-2.0931892395 37.5636253357 -16.8017387390 97.3272323608 0.0000000000 0.0000000000 0.0000000000 0.0000000000
-2.1034867764 37.6086463928 -16.7818641663 97.2726821899 0.0000000000 0.0000000000 0.0000000000 0.0000000000
-2.1136689186 37.6535224915 -16.7624206543 97.2203140259 0.0000000000 0.0000000000 0.0000000000 0.0000000000
-2.1237716675 37.6982536316 -16.7422008514 97.1720886230 0.0000000000 0.0000000000 0.0000000000 0.0000000000
-2.1338512897 37.7428665161 -16.7176380157 97.1266937256 0.0000000000 0.0000000000 0.0000000000 0.0000000000
-2.1438860893 37.7875137329 -16.6908702850 97.0842132568 0.0000000000 0.0000000000 0.0000000000 0.0000000000
-2.1538798809 37.8322067261 -16.6625061035 97.0433197021 0.0000000000 0.0000000000 0.0000000000 0.0000000000
-2.1637642384 37.8767967224 -16.6329803467 97.0030517578 0.0000000000 0.0000000000 0.0000000000 0.0000000000
-2.1736032963 37.9214019775 -16.6022968292 96.9635620117 0.0000000000 0.0000000000 0.0000000000 0.0000000000
-2.1834232807 37.9661178589 -16.5733337402 96.9246978760 0.0000000000 0.0000000000 0.0000000000 0.0000000000
-2.1932985783 38.0107955933 -16.5483608246 96.8850708008 0.0000000000 0.0000000000 0.0000000000 0.0000000000
-2.2032272816 38.0554733276 -16.5293102264 96.8437576294 0.0000000000 0.0000000000 0.0000000000 0.0000000000
-2.2132575512 38.1001815796 -16.5136699677 96.8002548218 0.0000000000 0.0000000000 0.0000000000 0.0000000000
-2.2233107090 38.1450119019 -16.4969558716 96.7558746338 0.0000000000 0.0000000000 0.0000000000 0.0000000000
-2.2334039211 38.1899871826 -16.4762001038 96.7104492188 0.0000000000 0.0000000000 0.0000000000 0.0000000000
-2.2435567379 38.2350883484 -16.4472522736 96.6666793823 0.0000000000 0.0000000000 0.0000000000 0.0000000000
-2.2536966801 38.2803077698 -16.4127044678 96.6226577759 0.0000000000 0.0000000000 0.0000000000 0.0000000000
-2.2638635635 38.3254852295 -16.3799076080 96.5792770386 0.0000000000 0.0000000000 0.0000000000 0.0000000000
-2.2740845680 38.3705291748 -16.3536109924 96.5343170166 0.0000000000 0.0000000000 0.0000000000 0.0000000000
-2.2844421864 38.4154396057 -16.3337306976 96.4902038574 0.0000000000 0.0000000000 0.0000000000 0.0000000000
-2.2949783802 38.4602050781 -16.3189811707 96.4443588257 0.0000000000 0.0000000000 0.0000000000 0.0000000000
-2.3056139946 38.5047416687 -16.3053112030 96.4000473022 0.0000000000 0.0000000000 0.0000000000 0.0000000000
-2.3163235188 38.5491294861 -16.2899761200 96.3555374146 0.0000000000 0.0000000000 0.0000000000 0.0000000000
-2.3272793293 38.5935134888 -16.2723751068 96.3135223389 0.0000000000 0.0000000000 0.0000000000 0.0000000000
-2.3384034634 38.6378784180 -16.2539081573 96.2728805542 0.0000000000 0.0000000000 0.0000000000 0.0000000000
-2.3497312069 38.6822357178 -16.2364807129 96.2342453003 0.0000000000 0.0000000000 0.0000000000 0.0000000000
-2.3612291813 38.7264900208 -16.2243709564 96.1961975098 0.0000000000 0.0000000000 0.0000000000 0.0000000000
-2.3727595806 38.7703971863 -16.2172164917 96.1583251953 0.0000000000 0.0000000000 0.0000000000 0.0000000000
-2.3843157291 38.8140830994 -16.2110519409 96.1211013794 0.0000000000 0.0000000000 0.0000000000 0.0000000000
-2.3958811760 38.8577117920 -16.2059116364 96.0848770142 0.0000000000 0.0000000000 0.0000000000 0.0000000000
-2.4073703289 38.9012870789 -16.1995086670 96.0491180420 0.0000000000 0.0000000000 0.0000000000 0.0000000000
-2.4187674522 38.9447975159 -16.1871967316 96.0159149170 0.0000000000 0.0000000000 0.0000000000 0.0000000000
-2.4300436974 38.9882965088 -16.1712532043 95.9840698242 0.0000000000 0.0000000000 0.0000000000 0.0000000000
-2.4411537647 39.0315017700 -16.1533355713 95.9538116455 0.0000000000 0.0000000000 0.0000000000 0.0000000000
-2.4520783424 39.0743026733 -16.1393737793 95.9229736328 0.0000000000 0.0000000000 0.0000000000 0.0000000000
-2.4628546238 39.1167106628 -16.1317653656 95.8909606934 0.0000000000 0.0000000000 0.0000000000 0.0000000000
-2.4735598564 39.1587409973 -16.1263294220 95.8584976196 0.0000000000 0.0000000000 0.0000000000 0.0000000000
-2.4841268063 39.2002868652 -16.1197052002 95.8260574341 0.0000000000 0.0000000000 0.0000000000 0.0000000000
-2.4945170879 39.2412605286 -16.1069412231 95.7945098877 0.0000000000 0.0000000000 0.0000000000 0.0000000000
-2.5046772957 39.2817993164 -16.0880508423 95.7636947632 0.0000000000 0.0000000000 0.0000000000 0.0000000000
-2.5146410465 39.3220252991 -16.0674552917 95.7322692871 0.0000000000 0.0000000000 0.0000000000 0.0000000000
-2.5243637562 39.3619537354 -16.0518913269 95.6994934082 0.0000000000 0.0000000000 0.0000000000 0.0000000000
-2.5338225365 39.4015998840 -16.0405769348 95.6641387939 0.0000000000 0.0000000000 0.0000000000 0.0000000000
-2.5429916382 39.4409065247 -16.0342407227 95.6272811890 0.0000000000 0.0000000000 0.0000000000 0.0000000000
-2.5519084930 39.4799385071 -16.0290622711 95.5882720947 0.0000000000 0.0000000000 0.0000000000 0.0000000000
-2.5605514050 39.5187988281 -16.0212974548 95.5490722656 0.0000000000 0.0000000000 0.0000000000 0.0000000000
-2.5689182281 39.5574684143 -16.0053157806 95.5103759766 0.0000000000 0.0000000000 0.0000000000 0.0000000000
-2.5770084858 39.5959091187 -15.9871006012 95.4722213745 0.0000000000 0.0000000000 0.0000000000 0.0000000000
-2.5849194527 39.6342620850 -15.9674386978 95.4339675903 0.0000000000 0.0000000000 0.0000000000 0.0000000000
-2.5926871300 39.6724357605 -15.9499111176 95.3962554932 0.0000000000 0.0000000000 0.0000000000 0.0000000000
-2.6002657413 39.7103805542 -15.9370431900 95.3582229614 0.0000000000 0.0000000000 0.0000000000 0.0000000000
-2.6076447964 39.7480468750 -15.9271383286 95.3203735352 0.0000000000 0.0000000000 0.0000000000 0.0000000000
-2.6147620678 39.7853012085 -15.9200992584 95.2826004028 0.0000000000 0.0000000000 0.0000000000 0.0000000000
-2.6216340065 39.8221511841 -15.9117984772 95.2446289062 0.0000000000 0.0000000000 0.0000000000 0.0000000000
-2.6282393932 39.8585700989 -15.8988447189 95.2076034546 0.0000000000 0.0000000000 0.0000000000 0.0000000000
-2.6346271038 39.8947830200 -15.8850927353 95.1698760986 0.0000000000 0.0000000000 0.0000000000 0.0000000000
-2.6408944130 39.9306869507 -15.8715496063 95.1320419312 0.0000000000 0.0000000000 0.0000000000 0.0000000000
-2.6469657421 39.9661293030 -15.8587446213 95.0925903320 0.0000000000 0.0000000000 0.0000000000 0.0000000000
-2.6527793407 40.0011405945 -15.8483009338 95.0519866943 0.0000000000 0.0000000000 0.0000000000 0.0000000000
-2.6583764553 40.0357933044 -15.8407754898 95.0096817017 0.0000000000 0.0000000000 0.0000000000 0.0000000000
-2.6637425423 40.0701713562 -15.8339700699 94.9671478271 0.0000000000 0.0000000000 0.0000000000 0.0000000000
-2.6689000130 40.1043357849 -15.8264436722 94.9235458374 0.0000000000 0.0000000000 0.0000000000 0.0000000000
-2.6738371849 40.1381492615 -15.8159265518 94.8793258667 0.0000000000 0.0000000000 0.0000000000 0.0000000000
-2.6785650253 40.1716613770 -15.8038005829 94.8345184326 0.0000000000 0.0000000000 0.0000000000 0.0000000000
-2.6830999851 40.2049369812 -15.7907333374 94.7886886597 0.0000000000 0.0000000000 0.0000000000 0.0000000000
-2.6875114441 40.2380599976 -15.7783584595 94.7423248291 0.0000000000 0.0000000000 0.0000000000 0.0000000000
-2.6918494701 40.2708892822 -15.7651462555 94.6958618164 0.0000000000 0.0000000000 0.0000000000 0.0000000000
-2.6960513592 40.3034553528 -15.7556762695 94.6474990845 0.0000000000 0.0000000000 0.0000000000 0.0000000000
-2.7001085281 40.3357696533 -15.7469968796 94.5981292725 0.0000000000 0.0000000000 0.0000000000 0.0000000000
-2.7039740086 40.3678474426 -15.7363929749 94.5484619141 0.0000000000 0.0000000000 0.0000000000 0.0000000000
-2.7076013088 40.3995704651 -15.7234821320 94.4987258911 0.0000000000 0.0000000000 0.0000000000 0.0000000000
-2.7110509872 40.4309234619 -15.7116336823 94.4493179321 0.0000000000 0.0000000000 0.0000000000 0.0000000000
-2.7143802643 40.4619598389 -15.6978292465 94.4012680054 0.0000000000 0.0000000000 0.0000000000 0.0000000000
-2.7175676823 40.4927520752 -15.6825399399 94.3556060791 0.0000000000 0.0000000000 0.0000000000 0.0000000000
-2.7206251621 40.5234603882 -15.6683921814 94.3115844727 0.0000000000 0.0000000000 0.0000000000 0.0000000000
-2.7235150337 40.5540084839 -15.6581001282 94.2684860229 0.0000000000 0.0000000000 0.0000000000 0.0000000000
-2.7262613773 40.5843811035 -15.6539955139 94.2260131836 0.0000000000 0.0000000000 0.0000000000 0.0000000000
-2.7289044857 40.6145896912 -15.6491289139 94.1850509644 0.0000000000 0.0000000000 0.0000000000 0.0000000000
-2.7314724922 40.6446952820 -15.6400146484 94.1468048096 0.0000000000 0.0000000000 0.0000000000 0.0000000000
-2.7339732647 40.6747207642 -15.6271505356 94.1099014282 0.0000000000 0.0000000000 0.0000000000 0.0000000000
-2.7363553047 40.7046966553 -15.6140108109 94.0749435425 0.0000000000 0.0000000000 0.0000000000 0.0000000000
-2.7386097908 40.7346191406 -15.6044502258 94.0405273438 0.0000000000 0.0000000000 0.0000000000 0.0000000000
-2.7407519817 40.7644844055 -15.6007814407 94.0063247681 0.0000000000 0.0000000000 0.0000000000 0.0000000000
-2.7428438663 40.7943572998 -15.5978841782 93.9730606079 0.0000000000 0.0000000000 0.0000000000 0.0000000000
-2.7448606491 40.8242263794 -15.5923919678 93.9407196045 0.0000000000 0.0000000000 0.0000000000 0.0000000000
-2.7468807697 40.8540687561 -15.5806112289 93.9105682373 0.0000000000 0.0000000000 0.0000000000 0.0000000000
-2.7488708496 40.8838081360 -15.5683937073 93.8816757202 0.0000000000 0.0000000000 0.0000000000 0.0000000000
-2.7508163452 40.9134063721 -15.5562629700 93.8540725708 0.0000000000 0.0000000000 0.0000000000 0.0000000000
-2.7527983189 40.9428405762 -15.5513305664 93.8254241943 0.0000000000 0.0000000000 0.0000000000 0.0000000000
-2.7547662258 40.9719619751 -15.5508193970 93.7972030640 0.0000000000 0.0000000000 0.0000000000 0.0000000000
-2.7566967010 41.0008010864 -15.5473461151 93.7692031860 0.0000000000 0.0000000000 0.0000000000 0.0000000000
-2.7585456371 41.0293540955 -15.5387001038 93.7434234619 0.0000000000 0.0000000000 0.0000000000 0.0000000000
-2.7603285313 41.0577392578 -15.5257215500 93.7178192139 0.0000000000 0.0000000000 0.0000000000 0.0000000000
-2.7620782852 41.0861015320 -15.5147962570 93.6927947998 0.0000000000 0.0000000000 0.0000000000 0.0000000000
-2.7638428211 41.1144561768 -15.5107107162 93.6651382446 0.0000000000 0.0000000000 0.0000000000 0.0000000000
-2.7656025887 41.1426620483 -15.5097103119 93.6372985840 0.0000000000 0.0000000000 0.0000000000 0.0000000000
-2.7673478127 41.1706085205 -15.5042152405 93.6093063354 0.0000000000 0.0000000000 0.0000000000 0.0000000000
-2.7690603733 41.1982002258 -15.4923610687 93.5828475952 0.0000000000 0.0000000000 0.0000000000 0.0000000000
-2.7706623077 41.2253227234 -15.4750347137 93.5565261841 0.0000000000 0.0000000000 0.0000000000 0.0000000000
-2.7722201347 41.2520713806 -15.4598035812 93.5294265747 0.0000000000 0.0000000000 0.0000000000 0.0000000000
-2.7737636566 41.2785682678 -15.4492759705 93.5005416870 0.0000000000 0.0000000000 0.0000000000 0.0000000000
-2.7753007412 41.3047828674 -15.4445085526 93.4707336426 0.0000000000 0.0000000000 0.0000000000 0.0000000000
-2.7768082619 41.3307113647 -15.4385929108 93.4416046143 0.0000000000 0.0000000000 0.0000000000 0.0000000000
-2.7783164978 41.3564300537 -15.4293231964 93.4140930176 0.0000000000 0.0000000000 0.0000000000 0.0000000000
-2.7798547745 41.3819541931 -15.4203367233 93.3867568970 0.0000000000 0.0000000000 0.0000000000 0.0000000000
-2.7814006805 41.4071922302 -15.4109840393 93.3594894409 0.0000000000 0.0000000000 0.0000000000 0.0000000000
-2.7829198837 41.4321174622 -15.4014739990 93.3325119019 0.0000000000 0.0000000000 0.0000000000 0.0000000000
-2.7844359875 41.4569358826 -15.3896694183 93.3064422607 0.0000000000 0.0000000000 0.0000000000 0.0000000000
-2.7859690189 41.4817161560 -15.3766784668 93.2802963257 0.0000000000 0.0000000000 0.0000000000 0.0000000000
-2.7875013351 41.5066490173 -15.3657331467 93.2536087036 0.0000000000 0.0000000000 0.0000000000 0.0000000000
-2.7890915871 41.5316734314 -15.3593015671 93.2260742188 0.0000000000 0.0000000000 0.0000000000 0.0000000000
-2.7907361984 41.5566825867 -15.3567829132 93.1975173950 0.0000000000 0.0000000000 0.0000000000 0.0000000000
-2.7923991680 41.5815544128 -15.3514919281 93.1699600220 0.0000000000 0.0000000000 0.0000000000 0.0000000000
-2.7941372395 41.6064071655 -15.3410501480 93.1424407959 0.0000000000 0.0000000000 0.0000000000 0.0000000000
-2.7959029675 41.6309700012 -15.3257188797 93.1165618896 0.0000000000 0.0000000000 0.0000000000 0.0000000000
-2.7977261543 41.6554603577 -15.3124189377 93.0896606445 0.0000000000 0.0000000000 0.0000000000 0.0000000000
-2.7996597290 41.6798744202 -15.3063039780 93.0616607666 0.0000000000 0.0000000000 0.0000000000 0.0000000000
-2.8016760349 41.7041893005 -15.3033981323 93.0328598022 0.0000000000 0.0000000000 0.0000000000 0.0000000000
-2.8037543297 41.7283515930 -15.2985706329 93.0047225952 0.0000000000 0.0000000000 0.0000000000 0.0000000000
-2.8058862686 41.7523345947 -15.2887172699 92.9777755737 0.0000000000 0.0000000000 0.0000000000 0.0000000000
-2.8080716133 41.7761611938 -15.2810316086 92.9510498047 0.0000000000 0.0000000000 0.0000000000 0.0000000000
-2.8103301525 41.7998352051 -15.2744779587 92.9243545532 0.0000000000 0.0000000000 0.0000000000 0.0000000000
-2.8127136230 41.8233261108 -15.2668972015 92.8992156982 0.0000000000 0.0000000000 0.0000000000 0.0000000000
-2.8152582645 41.8466911316 -15.2598533630 92.8743362427 0.0000000000 0.0000000000 0.0000000000 0.0000000000
-2.8179771900 41.8698234558 -15.2488384247 92.8512268066 0.0000000000 0.0000000000 0.0000000000 0.0000000000
-2.8208761215 41.8927040100 -15.2404651642 92.8277587891 0.0000000000 0.0000000000 0.0000000000 0.0000000000
-2.8238828182 41.9153709412 -15.2365436554 92.8037948608 0.0000000000 0.0000000000 0.0000000000 0.0000000000
-2.8269474506 41.9378128052 -15.2339954376 92.7794342041 0.0000000000 0.0000000000 0.0000000000 0.0000000000
-2.8300907612 41.9600181580 -15.2234544754 92.7573242188 0.0000000000 0.0000000000 0.0000000000 0.0000000000
-2.8333308697 41.9819869995 -15.2100839615 92.7360000610 0.0000000000 0.0000000000 0.0000000000 0.0000000000
-2.8366692066 42.0037117004 -15.1979484558 92.7145309448 0.0000000000 0.0000000000 0.0000000000 0.0000000000
-2.8400809765 42.0252380371 -15.1888065338 92.6929550171 0.0000000000 0.0000000000 0.0000000000 0.0000000000
-2.8435959816 42.0465431213 -15.1821088791 92.6721038818 0.0000000000 0.0000000000 0.0000000000 0.0000000000
-2.8472027779 42.0675849915 -15.1758947372 92.6522369385 0.0000000000 0.0000000000 0.0000000000 0.0000000000
-2.8508901596 42.0884208679 -15.1664524078 92.6343612671 0.0000000000 0.0000000000 0.0000000000 0.0000000000
-2.8547027111 42.1091346741 -15.1563453674 92.6176681519 0.0000000000 0.0000000000 0.0000000000 0.0000000000
-2.8586623669 42.1298141479 -15.1482486725 92.6025314331 0.0000000000 0.0000000000 0.0000000000 0.0000000000
-2.8627071381 42.1504096985 -15.1407394409 92.5891036987 0.0000000000 0.0000000000 0.0000000000 0.0000000000
-2.8668308258 42.1708068848 -15.1359634399 92.5776290894 0.0000000000 0.0000000000 0.0000000000 0.0000000000
-2.8710055351 42.1910209656 -15.1311206818 92.5674209595 0.0000000000 0.0000000000 0.0000000000 0.0000000000
-2.8751897812 42.2110900879 -15.1248989105 92.5587310791 0.0000000000 0.0000000000 0.0000000000 0.0000000000
-2.8794422150 42.2311820984 -15.1147899628 92.5513763428 0.0000000000 0.0000000000 0.0000000000 0.0000000000
-2.8837993145 42.2512931824 -15.1037273407 92.5452117920 0.0000000000 0.0000000000 0.0000000000 0.0000000000
-2.8882555962 42.2713432312 -15.1001176834 92.5378952026 0.0000000000 0.0000000000 0.0000000000 0.0000000000
-2.8928234577 42.2913131714 -15.1010713577 92.5299072266 0.0000000000 0.0000000000 0.0000000000 0.0000000000
-2.8974571228 42.3111457825 -15.0996284485 92.5232391357 0.0000000000 0.0000000000 0.0000000000 0.0000000000
-2.9020943642 42.3309364319 -15.0925321579 92.5180435181 0.0000000000 0.0000000000 0.0000000000 0.0000000000
-2.9066269398 42.3507156372 -15.0825672150 92.5136108398 0.0000000000 0.0000000000 0.0000000000 0.0000000000
-2.9110703468 42.3705177307 -15.0772676468 92.5075683594 0.0000000000 0.0000000000 0.0000000000 0.0000000000
-2.9154758453 42.3903617859 -15.0767269135 92.4998779297 0.0000000000 0.0000000000 0.0000000000 0.0000000000
-2.9198660851 42.4101600647 -15.0732975006 92.4918518066 0.0000000000 0.0000000000 0.0000000000 0.0000000000
-2.9242525101 42.4300765991 -15.0653333664 92.4842376709 0.0000000000 0.0000000000 0.0000000000 0.0000000000
-2.9286408424 42.4500579834 -15.0573396683 92.4754104614 0.0000000000 0.0000000000 0.0000000000 0.0000000000
-2.9330122471 42.4700584412 -15.0521268845 92.4645538330 0.0000000000 0.0000000000 0.0000000000 0.0000000000
-2.9373514652 42.4899673462 -15.0509481430 92.4522781372 0.0000000000 0.0000000000 0.0000000000 0.0000000000
-2.9416012764 42.5096893311 -15.0481157303 92.4391250610 0.0000000000 0.0000000000 0.0000000000 0.0000000000
-2.9458549023 42.5293159485 -15.0410833359 92.4267959595 0.0000000000 0.0000000000 0.0000000000 0.0000000000
-2.9501690865 42.5488586426 -15.0304536819 92.4137573242 0.0000000000 0.0000000000 0.0000000000 0.0000000000
-2.9544355869 42.5682716370 -15.0217380524 92.4000854492 0.0000000000 0.0000000000 0.0000000000 0.0000000000
-2.9586844444 42.5875740051 -15.0163469315 92.3849792480 0.0000000000 0.0000000000 0.0000000000 0.0000000000
-2.9629070759 42.6067771912 -15.0118827820 92.3707351685 0.0000000000 0.0000000000 0.0000000000 0.0000000000
-2.9671468735 42.6259078979 -15.0081663132 92.3563766479 0.0000000000 0.0000000000 0.0000000000 0.0000000000
-2.9713735580 42.6449966431 -15.0026826859 92.3429946899 0.0000000000 0.0000000000 0.0000000000 0.0000000000
-2.9756095409 42.6640129089 -14.9937210083 92.3313903809 0.0000000000 0.0000000000 0.0000000000 0.0000000000
-2.9798452854 42.6830215454 -14.9861736298 92.3210296631 0.0000000000 0.0000000000 0.0000000000 0.0000000000
-2.9841229916 42.7019653320 -14.9813528061 92.3112640381 0.0000000000 0.0000000000 0.0000000000 0.0000000000
-2.9884424210 42.7208938599 -14.9801301956 92.3017120361 0.0000000000 0.0000000000 0.0000000000 0.0000000000
-2.9927730560 42.7396697998 -14.9793186188 92.2924118042 0.0000000000 0.0000000000 0.0000000000 0.0000000000
-2.9971816540 42.7583694458 -14.9719438553 92.2858200073 0.0000000000 0.0000000000 0.0000000000 0.0000000000
-3.0016129017 42.7770423889 -14.9622440338 92.2800140381 0.0000000000 0.0000000000 0.0000000000 0.0000000000
-3.0060896873 42.7956848145 -14.9550628662 92.2735366821 0.0000000000 0.0000000000 0.0000000000 0.0000000000
-3.0105857849 42.8142738342 -14.9530029297 92.2658004761 0.0000000000 0.0000000000 0.0000000000 0.0000000000
-3.0151329041 42.8328704834 -14.9514188766 92.2571945190 0.0000000000 0.0000000000 0.0000000000 0.0000000000
-3.0197563171 42.8514328003 -14.9468345642 92.2503128052 0.0000000000 0.0000000000 0.0000000000 0.0000000000
-3.0244023800 42.8698997498 -14.9374027252 92.2432327271 0.0000000000 0.0000000000 0.0000000000 0.0000000000
-3.0290687084 42.8883552551 -14.9286813736 92.2379074097 0.0000000000 0.0000000000 0.0000000000 0.0000000000
-3.0337874889 42.9067993164 -14.9241561890 92.2319259644 0.0000000000 0.0000000000 0.0000000000 0.0000000000
-3.0385842323 42.9252433777 -14.9222707748 92.2266311646 0.0000000000 0.0000000000 0.0000000000 0.0000000000
-3.0434439182 42.9435997009 -14.9199600220 92.2221984863 0.0000000000 0.0000000000 0.0000000000 0.0000000000
-3.0483598709 42.9618492126 -14.9157142639 92.2187881470 0.0000000000 0.0000000000 0.0000000000 0.0000000000
-3.0533385277 42.9800071716 -14.9112615585 92.2163848877 0.0000000000 0.0000000000 0.0000000000 0.0000000000
-3.0583596230 42.9980239868 -14.9101085663 92.2130432129 0.0000000000 0.0000000000 0.0000000000 0.0000000000
-3.0633149147 43.0158691406 -14.9119195938 92.2093658447 0.0000000000 0.0000000000 0.0000000000 0.0000000000
-3.0681848526 43.0334587097 -14.9126567841 92.2054290771 0.0000000000 0.0000000000 0.0000000000 0.0000000000
-3.0730533600 43.0507202148 -14.9088716507 92.2023696899 0.0000000000 0.0000000000 0.0000000000 0.0000000000
-3.0778636932 43.0677566528 -14.9024744034 92.1992950439 0.0000000000 0.0000000000 0.0000000000 0.0000000000
-3.0826232433 43.0846405029 -14.8990316391 92.1950759888 0.0000000000 0.0000000000 0.0000000000 0.0000000000
-3.0873367786 43.1013488770 -14.8960676193 92.1883087158 0.0000000000 0.0000000000 0.0000000000 0.0000000000
-3.0920357704 43.1179351807 -14.8917179108 92.1820983887 0.0000000000 0.0000000000 0.0000000000 0.0000000000
-3.0967092514 43.1344184875 -14.8838815689 92.1754150391 0.0000000000 0.0000000000 0.0000000000 0.0000000000
-3.1014273167 43.1507911682 -14.8822822571 92.1687011719 0.0000000000 0.0000000000 0.0000000000 0.0000000000
-3.1061847210 43.1672630310 -14.8864936829 92.1591186523 0.0000000000 0.0000000000 0.0000000000 0.0000000000
-3.1109466553 43.1836853027 -14.8854770660 92.1509399414 0.0000000000 0.0000000000 0.0000000000 0.0000000000
-3.1156871319 43.2000579834 -14.8763628006 92.1436080933 0.0000000000 0.0000000000 0.0000000000 0.0000000000
-3.1203410625 43.2162857056 -14.8654451370 92.1372375488 0.0000000000 0.0000000000 0.0000000000 0.0000000000
-3.1249473095 43.2323417664 -14.8579444885 92.1296005249 0.0000000000 0.0000000000 0.0000000000 0.0000000000
-3.1295559406 43.2484626770 -14.8543415070 92.1220016479 0.0000000000 0.0000000000 0.0000000000 0.0000000000
-3.1342129707 43.2646560669 -14.8558425903 92.1133880615 0.0000000000 0.0000000000 0.0000000000 0.0000000000
-3.1388366222 43.2808952332 -14.8571052551 92.1057815552 0.0000000000 0.0000000000 0.0000000000 0.0000000000
-3.1434283257 43.2971496582 -14.8547229767 92.0987930298 0.0000000000 0.0000000000 0.0000000000 0.0000000000
-3.1480033398 43.3133316040 -14.8469562531 92.0941238403 0.0000000000 0.0000000000 0.0000000000 0.0000000000
-3.1525352001 43.3293800354 -14.8392992020 92.0904846191 0.0000000000 0.0000000000 0.0000000000 0.0000000000
-3.1569957733 43.3452491760 -14.8356075287 92.0870361328 0.0000000000 0.0000000000 0.0000000000 0.0000000000
-3.1614663601 43.3610229492 -14.8397207260 92.0828247070 0.0000000000 0.0000000000 0.0000000000 0.0000000000
-3.1659502983 43.3767013550 -14.8414850235 92.0792312622 0.0000000000 0.0000000000 0.0000000000 0.0000000000
-3.1704270840 43.3921470642 -14.8356647491 92.0775222778 0.0000000000 0.0000000000 0.0000000000 0.0000000000
-3.1749324799 43.4074325562 -14.8248605728 92.0782470703 0.0000000000 0.0000000000 0.0000000000 0.0000000000
-3.1794867516 43.4225845337 -14.8168945312 92.0777435303 0.0000000000 0.0000000000 0.0000000000 0.0000000000
-3.1841359138 43.4375495911 -14.8193483353 92.0752563477 0.0000000000 0.0000000000 0.0000000000 0.0000000000
-3.1888542175 43.4522590637 -14.8249187469 92.0716629028 0.0000000000 0.0000000000 0.0000000000 0.0000000000
-3.1935873032 43.4666213989 -14.8250608444 92.0697021484 0.0000000000 0.0000000000 0.0000000000 0.0000000000
-3.1983387470 43.4806671143 -14.8172502518 92.0693359375 0.0000000000 0.0000000000 0.0000000000 0.0000000000
-3.2030827999 43.4945373535 -14.8092670441 92.0686721802 0.0000000000 0.0000000000 0.0000000000 0.0000000000
-3.2078952789 43.5082931519 -14.8079223633 92.0669479370 0.0000000000 0.0000000000 0.0000000000 0.0000000000
-3.2127439976 43.5218238831 -14.8116025925 92.0638961792 0.0000000000 0.0000000000 0.0000000000 0.0000000000
-3.2176637650 43.5351600647 -14.8086233139 92.0619277954 0.0000000000 0.0000000000 0.0000000000 0.0000000000
-3.2226443291 43.5483703613 -14.8007631302 92.0603179932 0.0000000000 0.0000000000 0.0000000000 0.0000000000
-3.2276406288 43.5613288879 -14.7949600220 92.0585556030 0.0000000000 0.0000000000 0.0000000000 0.0000000000
-3.2326147556 43.5740852356 -14.7963981628 92.0546417236 0.0000000000 0.0000000000 0.0000000000 0.0000000000
-3.2375061512 43.5866279602 -14.7996540070 92.0510482788 0.0000000000 0.0000000000 0.0000000000 0.0000000000
-3.2423708439 43.5989074707 -14.7992687225 92.0473480225 0.0000000000 0.0000000000 0.0000000000 0.0000000000
-3.2472040653 43.6109695435 -14.7901477814 92.0452423096 0.0000000000 0.0000000000 0.0000000000 0.0000000000
-3.2520248890 43.6227989197 -14.7780866623 92.0438919067 0.0000000000 0.0000000000 0.0000000000 0.0000000000
-3.2568254471 43.6344375610 -14.7714414597 92.0407562256 0.0000000000 0.0000000000 0.0000000000 0.0000000000
-3.2615549564 43.6457557678 -14.7753763199 92.0356292725 0.0000000000 0.0000000000 0.0000000000 0.0000000000
-3.2662656307 43.6568031311 -14.7821626663 92.0287933350 0.0000000000 0.0000000000 0.0000000000 0.0000000000
-3.2709631920 43.6676712036 -14.7826623917 92.0236816406 0.0000000000 0.0000000000 0.0000000000 0.0000000000
-3.2756502628 43.6783523560 -14.7712774277 92.0198593140 0.0000000000 0.0000000000 0.0000000000 0.0000000000
-3.2802731991 43.6886825562 -14.7573461533 92.0161209106 0.0000000000 0.0000000000 0.0000000000 0.0000000000
-3.2848708630 43.6986999512 -14.7485761642 92.0100708008 0.0000000000 0.0000000000 0.0000000000 0.0000000000
-3.2894363403 43.7084808350 -14.7498750687 92.0028076172 0.0000000000 0.0000000000 0.0000000000 0.0000000000
-3.2939817905 43.7180786133 -14.7559299469 91.9935379028 0.0000000000 0.0000000000 0.0000000000 0.0000000000
-3.2984914780 43.7274475098 -14.7554521561 91.9856796265 0.0000000000 0.0000000000 0.0000000000 0.0000000000
-3.3029444218 43.7366790771 -14.7477521896 91.9779815674 0.0000000000 0.0000000000 0.0000000000 0.0000000000
