#         COST_U        COST_H      COST_D       COST_S       REGU_H       REGU_S          HPO           COSTGLEN 
16.8999347687 0.0000000000 0.0000000000 0.0000000000 86.5729598999 0.0000000000 0.9693893790
16.5269374847 0.0001972696 0.0000000000 0.0000000000 83.9321289062 482.8002624512 0.6568053365
16.3721733093 0.0008044787 0.0000000000 0.0000000000 82.5986557007 27793.3750000000 0.4687945545
16.2596607208 0.0017968578 0.0000000000 0.0000000000 81.1571273804 18371.1406250000 0.3335062265
16.1772613525 0.0031565446 0.0000000000 0.0000000000 80.2199249268 16325.3750000000 0.2346502393
16.1215648651 0.0048556058 0.0000000000 0.0000000000 80.0699920654 13403.7509765625 0.1614280790
16.0817832947 0.0068707583 0.0000000000 0.0000000000 80.5498962402 11467.2714843750 0.1082210690
16.0473594666 0.0091801174 0.0000000000 0.0000000000 81.8992080688 10545.2197265625 0.0676213503
16.0185890198 0.0117694261 0.0000000000 0.0000000000 84.0618515015 9342.1455078125 0.0353002548
15.9972829819 0.0146309128 0.0000000000 0.0000000000 86.3337097168 8129.9755859375 0.0096315090
15.9804534912 0.0177625362 0.0000000000 0.0000000000 88.3967514038 7153.7851562500 -0.0108540347
15.9624814987 0.0211607851 0.0000000000 0.0000000000 90.6122589111 6359.7714843750 -0.0292615350
15.9430389404 0.0248226784 0.0000000000 0.0000000000 93.0054092407 5693.0170898438 -0.0465398580
15.9224414825 0.0287527535 0.0000000000 0.0000000000 95.5239562988 5158.1367187500 -0.0626450330
15.9010009766 0.0329560600 0.0000000000 0.0000000000 97.9238967896 4667.2377929688 -0.0777726620
15.8797359467 0.0374336578 0.0000000000 0.0000000000 100.1106796265 4180.5927734375 -0.0917150453
15.8591623306 0.0421875939 0.0000000000 0.0000000000 102.0885848999 3757.3999023438 -0.1046112403
15.8400392532 0.0472182669 0.0000000000 0.0000000000 103.9129714966 3431.7939453125 -0.1167589426
15.8234090805 0.0525226407 0.0000000000 0.0000000000 105.4224166870 3172.0979003906 -0.1279407591
15.8098964691 0.0580978580 0.0000000000 0.0000000000 106.6736526489 2911.3940429688 -0.1378121227
15.8004827499 0.0639450103 0.0000000000 0.0000000000 107.6803665161 2650.5024414062 -0.1465186775
15.7967653275 0.0700603724 0.0000000000 0.0000000000 108.4496994019 2417.0168457031 -0.1544363201
15.7996168137 0.0764357224 0.0000000000 0.0000000000 109.0711364746 2220.3088378906 -0.1615021974
15.8071641922 0.0830629244 0.0000000000 0.0000000000 109.3458251953 2052.5041503906 -0.1673618853
15.8169746399 0.0899387747 0.0000000000 0.0000000000 109.3502731323 1875.3255615234 -0.1722307205
15.8265590668 0.0970635489 0.0000000000 0.0000000000 109.0774536133 1691.7542724609 -0.1766441911
15.8339700699 0.1044380218 0.0000000000 0.0000000000 108.4956283569 1531.7148437500 -0.1807270348
15.8382711411 0.1120630875 0.0000000000 0.0000000000 107.6575393677 1398.0161132812 -0.1847525239
15.8392601013 0.1199460477 0.0000000000 0.0000000000 106.6143722534 1282.6352539062 -0.1890534163
15.8372535706 0.1280876249 0.0000000000 0.0000000000 105.3937606812 1166.9431152344 -0.1936311126
15.8328580856 0.1364879310 0.0000000000 0.0000000000 104.0563583374 1041.8928222656 -0.1983628273
15.8269014359 0.1451385915 0.0000000000 0.0000000000 102.6610031128 927.4217529297 -0.2032488286
15.8205289841 0.1540319622 0.0000000000 0.0000000000 101.2856292725 836.7838745117 -0.2082204819
15.8149309158 0.1631572396 0.0000000000 0.0000000000 99.9718170166 762.6445312500 -0.2131487429
15.8110446930 0.1724977940 0.0000000000 0.0000000000 98.7119522095 692.5470581055 -0.2181767076
15.8095750809 0.1820342839 0.0000000000 0.0000000000 97.5859298706 622.1206054688 -0.2233363986
15.8108463287 0.1917441934 0.0000000000 0.0000000000 96.5691452026 558.0034179688 -0.2286403328
15.8150377274 0.2016122192 0.0000000000 0.0000000000 95.6846923828 505.5281677246 -0.2341171056
15.8224639893 0.2116215974 0.0000000000 0.0000000000 94.9205245972 459.0072937012 -0.2397413701
15.8333349228 0.2217600793 0.0000000000 0.0000000000 94.2631683350 414.2733459473 -0.2455407083
15.8475494385 0.2320153266 0.0000000000 0.0000000000 93.6705780029 374.7069091797 -0.2514442801
15.8648681641 0.2423829287 0.0000000000 0.0000000000 93.1254425049 339.4170227051 -0.2574750483
15.8849582672 0.2528584599 0.0000000000 0.0000000000 92.5822296143 310.7035522461 -0.2635838985
15.9076595306 0.2634380460 0.0000000000 0.0000000000 92.0331802368 285.1990966797 -0.2697002590
15.9316816330 0.2741235793 0.0000000000 0.0000000000 91.4176330566 255.0300292969 -0.2758142650
15.9555587769 0.2849127352 0.0000000000 0.0000000000 90.6801681519 228.0922698975 -0.2819825113
15.9777898788 0.2958024442 0.0000000000 0.0000000000 89.7727355957 209.1779632568 -0.2883065045
15.9973087311 0.3067893386 0.0000000000 0.0000000000 88.6879501343 191.0508270264 -0.2948639393
16.0131206512 0.3178682923 0.0000000000 0.0000000000 87.3826065063 172.2973327637 -0.3018154204
16.0250492096 0.3290269971 0.0000000000 0.0000000000 85.9098434448 155.7518615723 -0.3091832399
16.0336494446 0.3402462900 0.0000000000 0.0000000000 84.3339843750 141.8125152588 -0.3170186877
16.0398616791 0.3515118361 0.0000000000 0.0000000000 82.6671829224 129.7524566650 -0.3253343701
16.0452480316 0.3628075123 0.0000000000 0.0000000000 81.0311660767 118.2841491699 -0.3340671957
16.0518951416 0.3741172254 0.0000000000 0.0000000000 79.5481185913 107.4896545410 -0.3431517184
16.0620670319 0.3854236305 0.0000000000 0.0000000000 78.3791503906 97.9124450684 -0.3525686860
16.0781936646 0.3967107534 0.0000000000 0.0000000000 77.6713485718 89.8549804688 -0.3624343872
16.1019763947 0.4079649746 0.0000000000 0.0000000000 77.2906875610 82.2471847534 -0.3728488982
16.1353931427 0.4191799760 0.0000000000 0.0000000000 76.9019012451 74.4914703369 -0.3835551739
16.1761798859 0.4303564131 0.0000000000 0.0000000000 76.4820327759 67.8258743286 -0.3944691122
16.2194690704 0.4415066540 0.0000000000 0.0000000000 76.0370483398 61.5300559998 -0.4060093462
16.2619132996 0.4526347816 0.0000000000 0.0000000000 75.6045074463 55.8988227844 -0.4183827639
16.3027057648 0.4637610912 0.0000000000 0.0000000000 75.1989440918 50.9995269775 -0.4316964447
16.3424110413 0.4748977423 0.0000000000 0.0000000000 74.8074493408 46.4164924622 -0.4459907115
16.3803310394 0.4860531986 0.0000000000 0.0000000000 74.4754257202 41.8276290894 -0.4612975121
16.4170665741 0.4972291589 0.0000000000 0.0000000000 74.1463012695 37.6557769775 -0.4776469767
16.4547023773 0.5084294677 0.0000000000 0.0000000000 73.9550399780 34.0210571289 -0.4950216711
16.4940814972 0.5196549296 0.0000000000 0.0000000000 73.7662429810 31.0372352600 -0.5138286948
16.5365638733 0.5309069157 0.0000000000 0.0000000000 73.5260162354 28.2323436737 -0.5342428684
16.5917758942 0.5421794653 0.0000000000 0.0000000000 73.3556213379 25.5946388245 -0.5564758182
16.6763973236 0.5534766912 0.0000000000 0.0000000000 73.1555252075 23.4312782288 -0.5800507069
16.8073387146 0.5648013949 0.0000000000 0.0000000000 72.9381866455 21.4986228943 -0.6044515371
16.9936599731 0.5761607289 0.0000000000 0.0000000000 72.6516571045 19.6723403931 -0.6286057234
17.2431144714 0.5875528455 0.0000000000 0.0000000000 72.3059082031 18.0460720062 -0.6517687440
17.5509738922 0.5989708900 0.0000000000 0.0000000000 71.9336624146 16.7445755005 -0.6728719473
17.8926124573 0.6104151607 0.0000000000 0.0000000000 71.5340194702 15.3413476944 -0.6916872859
18.2268314362 0.6218916774 0.0000000000 0.0000000000 71.0681152344 13.9420928955 -0.7093421221
18.5143032074 0.6333958507 0.0000000000 0.0000000000 70.5574722290 12.8755750656 -0.7271952033
18.7416172028 0.6449214816 0.0000000000 0.0000000000 70.1820907593 12.0870609283 -0.7454500794
18.9465427399 0.6564759016 0.0000000000 0.0000000000 69.9200515747 11.1938247681 -0.7631009817
19.1974525452 0.6680697203 0.0000000000 0.0000000000 69.6837844849 10.2137279510 -0.7796323299
19.5549106598 0.6797139645 0.0000000000 0.0000000000 69.4687500000 9.4217424393 -0.7953248620
20.0587539673 0.6914136410 0.0000000000 0.0000000000 69.2358856201 9.0878849030 -0.8108100295
20.7035484314 0.7031713128 0.0000000000 0.0000000000 68.9760131836 8.1806669235 -0.8259914517
21.3849010468 0.7149910331 0.0000000000 0.0000000000 68.5888061523 7.3957118988 -0.8403573036
21.9206352234 0.7268735170 0.0000000000 0.0000000000 68.1519927979 6.9146175385 -0.8543782234
22.1486740112 0.7388097048 0.0000000000 0.0000000000 67.6364135742 6.5609884262 -0.8683134913
22.1329250336 0.7507784963 0.0000000000 0.0000000000 67.0065841675 6.4488530159 -0.8813802004
22.0822906494 0.7627542615 0.0000000000 0.0000000000 66.5482788086 6.2583971024 -0.8924555182
22.2450046539 0.7747252584 0.0000000000 0.0000000000 66.1184082031 5.9255142212 -0.9029041529
22.6998481750 0.7866895199 0.0000000000 0.0000000000 65.6486282349 5.2969646454 -0.9134540558
23.3039112091 0.7986472249 0.0000000000 0.0000000000 65.2535858154 4.6312503815 -0.9223166108
23.6709117889 0.8106029034 0.0000000000 0.0000000000 64.8386001587 4.6354460716 -0.9304901958
23.6140594482 0.8225525022 0.0000000000 0.0000000000 64.3213958740 4.8982176781 -0.9398065805
23.4568443298 0.8344840407 0.0000000000 0.0000000000 63.6929283142 4.9076414108 -0.9486435652
23.6313285828 0.8463907838 0.0000000000 0.0000000000 63.0538711548 4.2847986221 -0.9577159882
24.1936283112 0.8582574129 0.0000000000 0.0000000000 62.5740623474 3.9495534897 -0.9671501517
24.7498168945 0.8700845242 0.0000000000 0.0000000000 62.1992607117 3.9282026291 -0.9755755067
24.8439674377 0.8818737864 0.0000000000 0.0000000000 61.8805389404 3.6632156372 -0.9845628142
24.7282371521 0.8936352730 0.0000000000 0.0000000000 61.6037101746 3.3975877762 -0.9920712709
24.9230346680 0.9053642154 0.0000000000 0.0000000000 61.2244148254 3.4745516777 -0.9985483289
25.4285049438 0.9170582294 0.0000000000 0.0000000000 60.7665290833 3.5242319107 -1.0049052238
25.8312606812 0.9287208915 0.0000000000 0.0000000000 60.3024330139 3.2731738091 -1.0114951134
25.8136196136 0.9403561354 0.0000000000 0.0000000000 59.8982963562 2.7532088757 -1.0194233656
25.7300949097 0.9519807100 0.0000000000 0.0000000000 59.5558815002 2.7649233341 -1.0279467106
25.9905319214 0.9636196494 0.0000000000 0.0000000000 59.1962966919 3.0217111111 -1.0367902517
26.5868453979 0.9752779603 0.0000000000 0.0000000000 58.7785263062 3.4031434059 -1.0441566706
27.0815334320 0.9869608283 0.0000000000 0.0000000000 58.3974151611 2.8025627136 -1.0490354300
27.0811252594 0.9986634254 0.0000000000 0.0000000000 57.9937095642 2.9896798134 -1.0530010462
26.8514976501 1.0103815794 0.0000000000 0.0000000000 57.6582870483 2.6774740219 -1.0578039885
26.8105525970 1.0221076012 0.0000000000 0.0000000000 57.3811035156 2.6194410324 -1.0635540485
27.0519943237 1.0338424444 0.0000000000 0.0000000000 57.1424217224 2.8072783947 -1.0695563555
27.2954120636 1.0455960035 0.0000000000 0.0000000000 56.9584732056 2.9537897110 -1.0744876862
27.2644672394 1.0573716164 0.0000000000 0.0000000000 56.7946395874 2.8094439507 -1.0784527063
27.0293636322 1.0691637993 0.0000000000 0.0000000000 56.6162452698 2.8551940918 -1.0814923048
26.9229583740 1.0809664726 0.0000000000 0.0000000000 56.3975753784 2.6563162804 -1.0840681791
27.1092948914 1.0927723646 0.0000000000 0.0000000000 56.1622352600 2.8599531651 -1.0868641138
27.3931903839 1.1045717001 0.0000000000 0.0000000000 55.9748802185 3.8342654705 -1.0895153284
27.4745216370 1.1163715124 0.0000000000 0.0000000000 55.7387237549 5.2242002487 -1.0919350386
27.3741989136 1.1281695366 0.0000000000 0.0000000000 55.5955848694 5.8747286797 -1.0938869715
27.3908843994 1.1399699450 0.0000000000 0.0000000000 55.5519523621 5.3903913498 -1.0952447653
27.6696414948 1.1517796516 0.0000000000 0.0000000000 55.5272712708 5.1479268074 -1.0965266228
27.9806957245 1.1636016369 0.0000000000 0.0000000000 55.4477119446 5.2642302513 -1.0976245403
28.0142669678 1.1754400730 0.0000000000 0.0000000000 55.3268165588 5.3574247360 -1.0988434553
27.9031639099 1.1872941256 0.0000000000 0.0000000000 55.2451744080 5.2789840698 -1.1000113487
27.9480705261 1.1991641521 0.0000000000 0.0000000000 55.1478004456 5.7721114159 -1.1011523008
28.1546916962 1.2110520601 0.0000000000 0.0000000000 54.9984169006 5.9342865944 -1.1023640633
28.2152118683 1.2229626179 0.0000000000 0.0000000000 54.7837409973 5.4704570770 -1.1035215855
28.0298652649 1.2348891497 0.0000000000 0.0000000000 54.5680046082 5.5717711449 -1.1046915054
27.8632335663 1.2468340397 0.0000000000 0.0000000000 54.3570022583 6.0574369431 -1.1056288481
27.8701992035 1.2587957382 0.0000000000 0.0000000000 54.2243881226 6.7891650200 -1.1064670086
27.9115543365 1.2707675695 0.0000000000 0.0000000000 54.1343116760 6.8027982712 -1.1071289778
27.7954502106 1.2827445269 0.0000000000 0.0000000000 54.0306587219 5.7502403259 -1.1077373028
27.6224269867 1.2947242260 0.0000000000 0.0000000000 53.9585151672 5.6542901993 -1.1082626581
27.5869369507 1.3066996336 0.0000000000 0.0000000000 53.8367691040 6.2467594147 -1.1087852716
27.6778678894 1.3186634779 0.0000000000 0.0000000000 53.7200584412 6.3016333580 -1.1093736887
27.7019519806 1.3306158781 0.0000000000 0.0000000000 53.6254158020 6.2336459160 -1.1100120544
27.6371707916 1.3425523043 0.0000000000 0.0000000000 53.5530548096 6.8943190575 -1.1106909513
27.6562423706 1.3544689417 0.0000000000 0.0000000000 53.4114074707 8.4684839249 -1.1112946272
27.7915630341 1.3663601875 0.0000000000 0.0000000000 53.2905197144 8.9677181244 -1.1118533611
27.8925342560 1.3782253265 0.0000000000 0.0000000000 53.1649932861 7.8593211174 -1.1123360395
27.8673038483 1.3900625706 0.0000000000 0.0000000000 53.0289573669 8.2429761887 -1.1127836704
27.8497791290 1.4018710852 0.0000000000 0.0000000000 52.9157371521 10.6874237061 -1.1131731272
27.9314899445 1.4136484861 0.0000000000 0.0000000000 52.7761192322 11.7716026306 -1.1135983467
27.9861488342 1.4253964424 0.0000000000 0.0000000000 52.6580734253 10.4477691650 -1.1140003204
27.9223461151 1.4371191263 0.0000000000 0.0000000000 52.5036964417 9.6493358612 -1.1144361496
27.8555660248 1.4488154650 0.0000000000 0.0000000000 52.3333129883 9.8913564682 -1.1148507595
27.8899154663 1.4604858160 0.0000000000 0.0000000000 52.2591514587 10.2428522110 -1.1152635813
27.9239082336 1.4721305370 0.0000000000 0.0000000000 52.1367530823 9.5488700867 -1.1156299114
27.8533058167 1.4837439060 0.0000000000 0.0000000000 52.0236167908 8.8167381287 -1.1159882545
27.8105373383 1.4953303337 0.0000000000 0.0000000000 51.9109992981 9.0823783875 -1.1163464785
27.8772926331 1.5068860054 0.0000000000 0.0000000000 51.8236045837 9.3270397186 -1.1166733503
27.9449901581 1.5184152126 0.0000000000 0.0000000000 51.7493286133 8.1305980682 -1.1170364618
27.9276275635 1.5299189091 0.0000000000 0.0000000000 51.6767044067 7.2584347725 -1.1174225807
27.9315681458 1.5413968563 0.0000000000 0.0000000000 51.5289878845 7.9022064209 -1.1178034544
28.0227336884 1.5528556108 0.0000000000 0.0000000000 51.4338722229 8.8988513947 -1.1181929111
28.0866451263 1.5642937422 0.0000000000 0.0000000000 51.3318328857 10.1853990555 -1.1185706854
28.0715942383 1.5757126808 0.0000000000 0.0000000000 51.3081626892 9.7939872742 -1.1189677715
28.0892143250 1.5871093273 0.0000000000 0.0000000000 51.1887359619 8.5600852966 -1.1193591356
28.1615486145 1.5984859467 0.0000000000 0.0000000000 51.0950889587 8.6748714447 -1.1198365688
28.1821193695 1.6098411083 0.0000000000 0.0000000000 51.0640945435 9.0294084549 -1.1201620102
28.1381168365 1.6211768389 0.0000000000 0.0000000000 50.9733123779 10.3607120514 -1.1205594540
28.1301918030 1.6324923038 0.0000000000 0.0000000000 50.8851852417 10.2502317429 -1.1209605932
28.1774177551 1.6437810659 0.0000000000 0.0000000000 50.8141479492 9.2629585266 -1.1214034557
28.1808471680 1.6550493240 0.0000000000 0.0000000000 50.7430801392 8.9084491730 -1.1217758656
28.1331195831 1.6663014889 0.0000000000 0.0000000000 50.6741943359 9.0767383575 -1.1221992970
28.1297817230 1.6775383949 0.0000000000 0.0000000000 50.6387214661 9.4860506058 -1.1225939989
28.1803703308 1.6887634993 0.0000000000 0.0000000000 50.5510787964 9.1361656189 -1.1229453087
28.1842231750 1.6999781132 0.0000000000 0.0000000000 50.4822654724 9.2824163437 -1.1233336926
28.1507930756 1.7111822367 0.0000000000 0.0000000000 50.4511528015 9.8465480804 -1.1237292290
28.1818599701 1.7223755121 0.0000000000 0.0000000000 50.4067039490 10.2475347519 -1.1241345406
28.2436027527 1.7335627079 0.0000000000 0.0000000000 50.3563308716 10.9527416229 -1.1245441437
28.2432365417 1.7447408438 0.0000000000 0.0000000000 50.2458381653 12.5481433868 -1.1249475479
28.2287178040 1.7559186220 0.0000000000 0.0000000000 50.1225509644 12.8899164200 -1.1253536940
28.2892856598 1.7670930624 0.0000000000 0.0000000000 50.0815849304 11.8899145126 -1.1258059740
28.3519344330 1.7782579660 0.0000000000 0.0000000000 50.0695762634 11.4060678482 -1.1262222528
28.3554000854 1.7894214392 0.0000000000 0.0000000000 50.0878868103 11.5886383057 -1.1267142296
28.3876781464 1.8005722761 0.0000000000 0.0000000000 50.0851173401 11.3532009125 -1.1271228790
28.4806079865 1.8117237091 0.0000000000 0.0000000000 50.0762863159 10.9220161438 -1.1276004314
28.5375652313 1.8228769302 0.0000000000 0.0000000000 50.1121673584 11.4245433807 -1.1280615330
28.5458831787 1.8340278864 0.0000000000 0.0000000000 50.1838340759 12.2623052597 -1.1284961700
28.5955791473 1.8451849222 0.0000000000 0.0000000000 50.2490310669 12.3170719147 -1.1289271116
28.6978244781 1.8563449383 0.0000000000 0.0000000000 50.2569770813 11.7471542358 -1.1293234825
28.7381076813 1.8675056696 0.0000000000 0.0000000000 50.2983360291 10.9365701675 -1.1296839714
28.7472820282 1.8786672354 0.0000000000 0.0000000000 50.2913894653 11.1269359589 -1.1300420761
28.8027400970 1.8898271322 0.0000000000 0.0000000000 50.3525428772 11.7447109222 -1.1303914785
28.8590011597 1.9009898901 0.0000000000 0.0000000000 50.4119911194 11.3213920593 -1.1307498217
28.8456497192 1.9121586084 0.0000000000 0.0000000000 50.5030059814 11.0048313141 -1.1311316490
28.8131694794 1.9233368635 0.0000000000 0.0000000000 50.6163444519 11.5886545181 -1.1315276623
28.8180427551 1.9345178604 0.0000000000 0.0000000000 50.7339363098 11.7344341278 -1.1318743229
28.7887020111 1.9457123280 0.0000000000 0.0000000000 50.7765884399 11.8500699997 -1.1321532726
28.7240791321 1.9569176435 0.0000000000 0.0000000000 50.8262786865 12.7645730972 -1.1323677301
28.7200317383 1.9681340456 0.0000000000 0.0000000000 50.8878555298 13.3172512054 -1.1325756311
28.7149639130 1.9793627262 0.0000000000 0.0000000000 50.9577865601 13.7870473862 -1.1327480078
28.6786422729 1.9906061888 0.0000000000 0.0000000000 51.0311889648 14.2395372391 -1.1329311132
28.6540126801 2.0018570423 0.0000000000 0.0000000000 51.0997200012 13.8934593201 -1.1329786777
28.6436805725 2.0131185055 0.0000000000 0.0000000000 51.1754493713 14.2337064743 -1.1330671310
28.5894336700 2.0243849754 0.0000000000 0.0000000000 51.2543029785 15.0666313171 -1.1330376863
28.5397377014 2.0356466770 0.0000000000 0.0000000000 51.3355331421 14.7421779633 -1.1329984665
28.5293540955 2.0469040871 0.0000000000 0.0000000000 51.3903350830 13.8400373459 -1.1329878569
28.5175323486 2.0581505299 0.0000000000 0.0000000000 51.4556465149 14.2114267349 -1.1329579353
28.5050449371 2.0693893433 0.0000000000 0.0000000000 51.5378379822 15.9882831573 -1.1329250336
28.5218467712 2.0806176662 0.0000000000 0.0000000000 51.5738639832 17.3108921051 -1.1328895092
28.5529842377 2.0918383598 0.0000000000 0.0000000000 51.6316947937 16.9436359406 -1.1328417063
28.5767173767 2.1030471325 0.0000000000 0.0000000000 51.7031517029 16.3372383118 -1.1330240965
28.6040592194 2.1142442226 0.0000000000 0.0000000000 51.7753028870 16.5669078827 -1.1327106953
28.6237525940 2.1254341602 0.0000000000 0.0000000000 51.8564262390 17.5994548798 -1.1326327324
28.6273765564 2.1366169453 0.0000000000 0.0000000000 51.9496688843 18.8441600800 -1.1325317621
28.6396217346 2.1477961540 0.0000000000 0.0000000000 52.0462684631 18.2647361755 -1.1324174404
28.6375446320 2.1589694023 0.0000000000 0.0000000000 52.1442146301 16.5491390228 -1.1322858334
28.6186313629 2.1701366901 0.0000000000 0.0000000000 52.2213554382 16.6571826935 -1.1321858168
28.6106071472 2.1813006401 0.0000000000 0.0000000000 52.3185997009 17.1202411652 -1.1320581436
28.5948238373 2.1924567223 0.0000000000 0.0000000000 52.4037513733 16.5425853729 -1.1319717169
28.5711956024 2.2036020756 0.0000000000 0.0000000000 52.4850196838 15.6222085953 -1.1318366528
28.5430545807 2.2147443295 0.0000000000 0.0000000000 52.5752906799 14.8665904999 -1.1317081451
28.5222492218 2.2258810997 0.0000000000 0.0000000000 52.6521530151 15.1502733231 -1.1315613985
28.5000534058 2.2370166779 0.0000000000 0.0000000000 52.7220954895 16.0923900604 -1.1314249039
28.4743041992 2.2481439114 0.0000000000 0.0000000000 52.7995376587 16.7675399780 -1.1312708855
28.4752311707 2.2592637539 0.0000000000 0.0000000000 52.8718681335 17.2430877686 -1.1311151981
28.4731903076 2.2703742981 0.0000000000 0.0000000000 52.9555549622 17.5347766876 -1.1309630871
28.4718837738 2.2814738750 0.0000000000 0.0000000000 52.9830780029 18.0035343170 -1.1307876110
28.4729232788 2.2925624847 0.0000000000 0.0000000000 53.0219879150 19.1553726196 -1.1306681633
28.4788494110 2.3036284447 0.0000000000 0.0000000000 53.0596771240 20.3753700256 -1.1304775476
28.4662570953 2.3146853447 0.0000000000 0.0000000000 53.0998001099 20.7396068573 -1.1302926540
28.4525699615 2.3257260323 0.0000000000 0.0000000000 53.1284332275 20.6342658997 -1.1301109791
28.4437713623 2.3367497921 0.0000000000 0.0000000000 53.1571197510 21.6165256500 -1.1299147606
28.4251251221 2.3477621078 0.0000000000 0.0000000000 53.1942024231 23.3461341858 -1.1297203302
28.4070720673 2.3587603569 0.0000000000 0.0000000000 53.2333106995 24.1845035553 -1.1295348406
28.4179134369 2.3697471619 0.0000000000 0.0000000000 53.2644996643 23.5850887299 -1.1293258667
28.4148712158 2.3807227612 0.0000000000 0.0000000000 53.2918968201 22.3528633118 -1.1291507483
28.4059982300 2.3916821480 0.0000000000 0.0000000000 53.3152008057 21.7519645691 -1.1289285421
28.4187927246 2.4026253223 0.0000000000 0.0000000000 53.3164253235 21.9498596191 -1.1287643909
28.3939380646 2.4135491848 0.0000000000 0.0000000000 53.3098793030 21.8266410828 -1.1285433769
28.3621749878 2.4244549274 0.0000000000 0.0000000000 53.3004989624 21.8231754303 -1.1283434629
28.3481235504 2.4353456497 0.0000000000 0.0000000000 53.2879295349 22.3655319214 -1.1281378269
28.3196544647 2.4462230206 0.0000000000 0.0000000000 53.2702407837 22.6947631836 -1.1279904842
28.2858886719 2.4570765495 0.0000000000 0.0000000000 53.2471008301 22.6162185669 -1.1278034449
28.2774925232 2.4679019451 0.0000000000 0.0000000000 53.2224273682 22.4551048279 -1.1276097298
28.2526206970 2.4787111282 0.0000000000 0.0000000000 53.2122001648 22.3576469421 -1.1274476051
28.2339725494 2.4895040989 0.0000000000 0.0000000000 53.1974411011 22.3559570312 -1.1272909641
28.2286243439 2.5002789497 0.0000000000 0.0000000000 53.1833992004 22.8148021698 -1.1271643639
28.2098560333 2.5110328197 0.0000000000 0.0000000000 53.1780776978 23.7218208313 -1.1270557642
28.1886768341 2.5217599869 0.0000000000 0.0000000000 53.1769256592 24.7488994598 -1.1268849373
28.1852550507 2.5324635506 0.0000000000 0.0000000000 53.1705093384 25.5817470551 -1.1267807484
28.1534461975 2.5431480408 0.0000000000 0.0000000000 53.1733360291 25.8831672668 -1.1266537905
28.1388492584 2.5538115501 0.0000000000 0.0000000000 53.1738395691 26.1605911255 -1.1265113354
28.1168537140 2.5644538403 0.0000000000 0.0000000000 53.1762886047 27.3553009033 -1.1264789104
28.0883083344 2.5750722885 0.0000000000 0.0000000000 53.1836471558 29.2939014435 -1.1263251305
28.0774173737 2.5856649876 0.0000000000 0.0000000000 53.1877365112 30.4031639099 -1.1261633635
28.0566501617 2.5962307453 0.0000000000 0.0000000000 53.2003784180 29.8348617554 -1.1260712147
28.0444526672 2.6067702770 0.0000000000 0.0000000000 53.2160491943 28.8220005035 -1.1259473562
28.0502071381 2.6172876358 0.0000000000 0.0000000000 53.2183113098 27.6753444672 -1.1258429289
28.0222969055 2.6277835369 0.0000000000 0.0000000000 53.2332725525 27.0489559174 -1.1257325411
28.0311012268 2.6382565498 0.0000000000 0.0000000000 53.2489509583 28.2920780182 -1.1256542206
28.0076866150 2.6487061977 0.0000000000 0.0000000000 53.2788238525 30.4966106415 -1.1255518198
28.0058441162 2.6591341496 0.0000000000 0.0000000000 53.3082084656 32.5862770081 -1.1254839897
27.9858627319 2.6695384979 0.0000000000 0.0000000000 53.3474502563 33.7111816406 -1.1253383160
27.9501800537 2.6799199581 0.0000000000 0.0000000000 53.3976097107 32.9641189575 -1.1252222061
27.9384880066 2.6902751923 0.0000000000 0.0000000000 53.4400482178 31.4829235077 -1.1250677109
27.8894577026 2.7006065845 0.0000000000 0.0000000000 53.4840087891 31.6398849487 -1.1249223948
27.9129600525 2.7109150887 0.0000000000 0.0000000000 53.5084953308 31.9678821564 -1.1247627735
27.8515682220 2.7212009430 0.0000000000 0.0000000000 53.5455093384 31.7212409973 -1.1246099472
27.9252166748 2.7314629555 0.0000000000 0.0000000000 53.5398216248 31.5739021301 -1.1244435310
27.7968845367 2.7417066097 0.0000000000 0.0000000000 53.5708084106 30.9832382202 -1.1242612600
27.9751358032 2.7519235611 0.0000000000 0.0000000000 53.5342521667 30.5247268677 -1.1240844727
27.7021369934 2.7621226311 0.0000000000 0.0000000000 53.5795593262 31.1493740082 -1.1238408089
28.0506210327 2.7722897530 0.0000000000 0.0000000000 53.4974021912 32.4269943237 -1.1235898733
27.5312500000 2.7824468613 0.0000000000 0.0000000000 53.6090316772 33.2173080444 -1.1232411861
28.2235679626 2.7925627232 0.0000000000 0.0000000000 53.4350013733 33.1412544250 -1.1227811575
27.2239379883 2.8026793003 0.0000000000 0.0000000000 53.6728820801 33.3218154907 -1.1219770908
28.4157524109 2.8127334118 0.0000000000 0.0000000000 53.3760299683 33.5384292603 -1.1216410398
27.1505203247 2.8227977753 0.0000000000 0.0000000000 53.6278114319 35.2879333496 -1.1216542721
28.0560169220 2.8328030109 0.0000000000 0.0000000000 53.3815231323 37.1987724304 -1.1226722002
27.7928714752 2.8428168297 0.0000000000 0.0000000000 53.3964157104 36.9459991455 -1.1231755018
27.4057521820 2.8528225422 0.0000000000 0.0000000000 53.4477577209 35.9483337402 -1.1227307320
28.2692737579 2.8627929688 0.0000000000 0.0000000000 53.2665290833 36.7179756165 -1.1223313808
27.3735160828 2.8727819920 0.0000000000 0.0000000000 53.3951835632 38.1703109741 -1.1225010157
28.0038223267 2.8827280998 0.0000000000 0.0000000000 53.2252845764 38.6612663269 -1.1232453585
27.8848552704 2.8926775455 0.0000000000 0.0000000000 53.2085609436 40.5680770874 -1.1235401630
27.4701995850 2.9026317596 0.0000000000 0.0000000000 53.2529106140 42.5191040039 -1.1233808994
28.1442108154 2.9125621319 0.0000000000 0.0000000000 53.1109695435 42.0891761780 -1.1235395670
27.5034732819 2.9225080013 0.0000000000 0.0000000000 53.1742172241 39.7470626831 -1.1241558790
27.8698616028 2.9324262142 0.0000000000 0.0000000000 53.0875892639 37.0431632996 -1.1248201132
28.0125350952 2.9423458576 0.0000000000 0.0000000000 53.0508422852 36.4982719421 -1.1249867678
27.5343971252 2.9522674084 0.0000000000 0.0000000000 53.0992927551 37.6524658203 -1.1249005795
28.1116714478 2.9621603489 0.0000000000 0.0000000000 52.9876823425 39.1264991760 -1.1250762939
27.6546039581 2.9720606804 0.0000000000 0.0000000000 53.0088233948 39.7171440125 -1.1252850294
27.6895523071 2.9819431305 0.0000000000 0.0000000000 52.9211006165 40.1523017883 -1.1253695488
27.8262081146 2.9918141365 0.0000000000 0.0000000000 52.8602714539 39.5746650696 -1.1251797676
27.4164943695 3.0016837120 0.0000000000 0.0000000000 52.9153289795 40.0186004639 -1.1250499487
27.7077674866 3.0115218163 0.0000000000 0.0000000000 52.7685356140 41.4890861511 -1.1250939369
27.5586109161 3.0213503838 0.0000000000 0.0000000000 52.7514343262 40.9807891846 -1.1250778437
27.5512657166 3.0311722755 0.0000000000 0.0000000000 52.6777381897 40.9885215759 -1.1250191927
27.7213001251 3.0409877300 0.0000000000 0.0000000000 52.6045608521 41.9795951843 -1.1247925758
27.5467910767 3.0508112907 0.0000000000 0.0000000000 52.6554832458 43.6314201355 -1.1245138645
27.6867485046 3.0606236458 0.0000000000 0.0000000000 52.5421371460 44.9644012451 -1.1242680550
27.5314846039 3.0704455376 0.0000000000 0.0000000000 52.5820732117 46.6300621033 -1.1241279840
27.5400371552 3.0802526474 0.0000000000 0.0000000000 52.5187263489 48.5291938782 -1.1237890720
27.5129337311 3.0900571346 0.0000000000 0.0000000000 52.4605598450 49.5365524292 -1.1234257221
27.4422397614 3.0998616219 0.0000000000 0.0000000000 52.4429855347 48.5130271912 -1.1230368614
27.5401477814 3.1096515656 0.0000000000 0.0000000000 52.2884902954 47.5792694092 -1.1226704121
27.3922939301 3.1194448471 0.0000000000 0.0000000000 52.2556686401 47.3246078491 -1.1223536730
27.5349464417 3.1292161942 0.0000000000 0.0000000000 52.0678176880 48.0546913147 -1.1220556498
27.3720588684 3.1389889717 0.0000000000 0.0000000000 52.0097084045 49.0715026855 -1.1217579842
27.4207878113 3.1487462521 0.0000000000 0.0000000000 51.8857345581 49.7093086243 -1.1214442253
27.3952083588 3.1584901810 0.0000000000 0.0000000000 51.7965011597 49.6431846619 -1.1211224794
27.3155918121 3.1682178974 0.0000000000 0.0000000000 51.7471122742 49.2323150635 -1.1207268238
27.4151439667 3.1779229641 0.0000000000 0.0000000000 51.6221923828 50.3720626831 -1.1204119921
27.3159561157 3.1876091957 0.0000000000 0.0000000000 51.6037673950 52.3469734192 -1.1199524403
27.4148044586 3.1972687244 0.0000000000 0.0000000000 51.4718246460 54.2899475098 -1.1195753813
27.3408584595 3.2069237232 0.0000000000 0.0000000000 51.4710769653 54.5884895325 -1.1191294193
27.4095630646 3.2165608406 0.0000000000 0.0000000000 51.3620834351 55.4720611572 -1.1186807156
27.3095283508 3.2261953354 0.0000000000 0.0000000000 51.3697013855 56.2928009033 -1.1181681156
27.3919830322 3.2358105183 0.0000000000 0.0000000000 51.2467536926 56.2199783325 -1.1175724268
27.2214145660 3.2454285622 0.0000000000 0.0000000000 51.2902793884 55.6868133545 -1.1168414354
27.4058246613 3.2550244331 0.0000000000 0.0000000000 51.1450042725 55.5535202026 -1.1159105301
27.1333065033 3.2646193504 0.0000000000 0.0000000000 51.2343101501 57.6756744385 -1.1146620512
27.4493446350 3.2741603851 0.0000000000 0.0000000000 51.1075782776 59.5800628662 -1.1129026413
27.0865745544 3.2837061882 0.0000000000 0.0000000000 51.2023811340 69.5325317383 -1.1108220816
27.3938465118 3.2931923866 0.0000000000 0.0000000000 51.0273056030 79.2580108643 -1.1097493172
27.1483078003 3.3026845455 0.0000000000 0.0000000000 50.9871826172 115.3844451904 -1.1104743481
27.1833705902 3.3121535778 0.0000000000 0.0000000000 50.7882575989 145.2857208252 -1.1115770340
27.2664585114 3.3216450214 0.0000000000 0.0000000000 50.7230606079 131.6709289551 -1.1106408834
27.0826244354 3.3311698437 0.0000000000 0.0000000000 50.7751235962 180.6753082275 -1.1082844734
27.2052040100 3.3406555653 0.0000000000 0.0000000000 50.6630210876 186.4268798828 -1.1065664291
27.1249599457 3.3501644135 0.0000000000 0.0000000000 50.6356468201 392.7829589844 -1.1065858603
27.0696754456 3.3596436977 0.0000000000 0.0000000000 50.4981269836 263.7917785645 -1.1066738367
27.1158981323 3.3691272736 0.0000000000 0.0000000000 50.4405822754 222.0404663086 -1.1053239107
27.0339832306 3.3786330223 0.0000000000 0.0000000000 50.4971122742 510.9202880859 -1.1031788588
27.0453758240 3.3881013393 0.0000000000 0.0000000000 50.3431930542 328.5066528320 -1.1018795967
27.0008659363 3.3975913525 0.0000000000 0.0000000000 50.3447570801 526.4223022461 -1.1016360521
27.0074443817 3.4070477486 0.0000000000 0.0000000000 50.2129745483 342.8634643555 -1.1010501385
26.9581756592 3.4165070057 0.0000000000 0.0000000000 50.1505050659 334.5284729004 -1.0995550156
26.9436683655 3.4259788990 0.0000000000 0.0000000000 50.2146949768 620.9686889648 -1.0977567434
26.9912433624 3.4354126453 0.0000000000 0.0000000000 50.0527534485 354.8258666992 -1.0965198278
26.8115310669 3.4448592663 0.0000000000 0.0000000000 50.1201705933 640.9683837891 -1.0958559513
26.9712848663 3.4542684555 0.0000000000 0.0000000000 49.9405937195 437.5102233887 -1.0952250957
26.7808628082 3.4636921883 0.0000000000 0.0000000000 49.9199371338 414.3727722168 -1.0942560434
26.7938842773 3.4731106758 0.0000000000 0.0000000000 49.9575691223 469.1094970703 -1.0928951502
26.8728008270 3.4825060368 0.0000000000 0.0000000000 49.7974510193 396.8267822266 -1.0913250446
26.5955429077 3.4919097424 0.0000000000 0.0000000000 50.1328277588 486.3092041016 -1.0898945332
26.8338184357 3.5012524128 0.0000000000 0.0000000000 49.6911849976 410.2485961914 -1.0886449814
26.6010398865 3.5105986595 0.0000000000 0.0000000000 49.9873504639 573.2465820312 -1.0878348351
26.6468696594 3.5199050903 0.0000000000 0.0000000000 49.5865516663 439.3753051758 -1.0871437788
26.6862354279 3.5291981697 0.0000000000 0.0000000000 49.6216087341 458.3121337891 -1.0863357782
26.5893630981 3.5384857655 0.0000000000 0.0000000000 49.5857963562 393.6225585938 -1.0852376223
26.6262722015 3.5477600098 0.0000000000 0.0000000000 49.3912391663 351.3352355957 -1.0839761496
26.5680503845 3.5570287704 0.0000000000 0.0000000000 49.6193962097 431.6907043457 -1.0826507807
26.5375308990 3.5662708282 0.0000000000 0.0000000000 49.2640609741 370.0609741211 -1.0814194679
26.4398479462 3.5755035877 0.0000000000 0.0000000000 49.5951995850 474.5711059570 -1.0802446604
26.5071735382 3.5846881866 0.0000000000 0.0000000000 49.1582336426 389.4220886230 -1.0792524815
26.3488178253 3.5938665867 0.0000000000 0.0000000000 49.4620475769 463.5465698242 -1.0784480572
26.4411830902 3.6029980183 0.0000000000 0.0000000000 49.0954360962 371.6772766113 -1.0776808262
26.3868007660 3.6121282578 0.0000000000 0.0000000000 49.2343940735 403.8625488281 -1.0768381357
26.3437957764 3.6212370396 0.0000000000 0.0000000000 49.0948333740 330.4445800781 -1.0760446787
26.3885536194 3.6303226948 0.0000000000 0.0000000000 49.0398445129 308.3028259277 -1.0749529600
26.2996120453 3.6394078732 0.0000000000 0.0000000000 49.0996246338 299.6880493164 -1.0739082098
26.2828483582 3.6484782696 0.0000000000 0.0000000000 48.9275894165 262.2032775879 -1.0728002787
26.2735538483 3.6575396061 0.0000000000 0.0000000000 49.0376243591 262.0151367188 -1.0716629028
26.2183647156 3.6665787697 0.0000000000 0.0000000000 48.8276405334 241.3918762207 -1.0705219507
26.1960411072 3.6756083965 0.0000000000 0.0000000000 49.0030059814 255.7998046875 -1.0693645477
26.2253608704 3.6846022606 0.0000000000 0.0000000000 48.7098159790 219.6148986816 -1.0681844950
26.1306076050 3.6935901642 0.0000000000 0.0000000000 48.9578857422 253.3917236328 -1.0669845343
26.1815814972 3.7025301456 0.0000000000 0.0000000000 48.6257095337 230.5608978271 -1.0658235550
26.1139278412 3.7114634514 0.0000000000 0.0000000000 48.8816986084 298.2575378418 -1.0648218393
26.0887336731 3.7203500271 0.0000000000 0.0000000000 48.5789642334 262.3719482422 -1.0639113188
26.0855484009 3.7292387486 0.0000000000 0.0000000000 48.7571182251 443.2151489258 -1.0632528067
26.0543003082 3.7380998135 0.0000000000 0.0000000000 48.5379791260 301.6737976074 -1.0627256632
26.0307254791 3.7469654083 0.0000000000 0.0000000000 48.6090126038 523.9140625000 -1.0620188713
26.0378913879 3.7558147907 0.0000000000 0.0000000000 48.4908409119 313.8005981445 -1.0613085032
26.0017700195 3.7646727562 0.0000000000 0.0000000000 48.4782981873 360.5996704102 -1.0605059862
25.9805202484 3.7735273838 0.0000000000 0.0000000000 48.4520454407 319.3121032715 -1.0595445633
25.9561424255 3.7823815346 0.0000000000 0.0000000000 48.3829650879 261.0875244141 -1.0585286617
25.9108181000 3.7912464142 0.0000000000 0.0000000000 48.4193572998 310.1456909180 -1.0574593544
25.8897972107 3.8000891209 0.0000000000 0.0000000000 48.3097801208 228.5802612305 -1.0563598871
25.8861427307 3.8089339733 0.0000000000 0.0000000000 48.3875885010 309.5758666992 -1.0552612543
25.8286933899 3.8177433014 0.0000000000 0.0000000000 48.2411537170 208.0091857910 -1.0541843176
25.8508415222 3.8265500069 0.0000000000 0.0000000000 48.3422889709 304.8650817871 -1.0532326698
25.8069763184 3.8353164196 0.0000000000 0.0000000000 48.1727867126 205.4548034668 -1.0523688793
25.7869911194 3.8440852165 0.0000000000 0.0000000000 48.2729988098 380.3665771484 -1.0516914129
25.7698860168 3.8528158665 0.0000000000 0.0000000000 48.1235771179 224.1036224365 -1.0510933399
25.7498512268 3.8615522385 0.0000000000 0.0000000000 48.1782798767 463.3180541992 -1.0505102873
25.7061748505 3.8702642918 0.0000000000 0.0000000000 48.0904655457 243.5936431885 -1.0499168634
25.7268981934 3.8789718151 0.0000000000 0.0000000000 48.0883636475 365.4042663574 -1.0491952896
25.6773529053 3.8876719475 0.0000000000 0.0000000000 48.0497207642 259.9223632812 -1.0484725237
25.6688156128 3.8963687420 0.0000000000 0.0000000000 48.0127029419 250.4844360352 -1.0475881100
25.6671962738 3.9050638676 0.0000000000 0.0000000000 48.0032653809 259.8249511719 -1.0466781855
25.6029644012 3.9137513638 0.0000000000 0.0000000000 47.9443130493 196.2106323242 -1.0457247496
25.6249389648 3.9224464893 0.0000000000 0.0000000000 47.9707794189 258.7237548828 -1.0448126793
25.5680160522 3.9311208725 0.0000000000 0.0000000000 47.8756027222 181.7757110596 -1.0437803268
25.5756568909 3.9398007393 0.0000000000 0.0000000000 47.9759826660 243.7429809570 -1.0427876711
25.5287075043 3.9484455585 0.0000000000 0.0000000000 47.8068542480 170.6315307617 -1.0417650938
25.5531330109 3.9570915699 0.0000000000 0.0000000000 47.9644470215 258.5122070312 -1.0408403873
25.4698295593 3.9656960964 0.0000000000 0.0000000000 47.7420692444 166.0545349121 -1.0399515629
25.5237941742 3.9743008614 0.0000000000 0.0000000000 47.9083633423 273.4580078125 -1.0392881632
25.4326648712 3.9828720093 0.0000000000 0.0000000000 47.6804656982 175.3924255371 -1.0386728048
25.4666118622 3.9914579391 0.0000000000 0.0000000000 47.8115959167 329.6109619141 -1.0381970406
25.4197330475 4.0000233650 0.0000000000 0.0000000000 47.6227760315 190.6586914062 -1.0376741886
25.4163246155 4.0086050034 0.0000000000 0.0000000000 47.6891250610 299.4043884277 -1.0371198654
25.3950939178 4.0171756744 0.0000000000 0.0000000000 47.5973777771 206.2657165527 -1.0364081860
25.3760700226 4.0257573128 0.0000000000 0.0000000000 47.5733070374 214.7231445312 -1.0356293917
25.3654956818 4.0343470573 0.0000000000 0.0000000000 47.6239280701 208.5200042725 -1.0347707272
25.3301811218 4.0429353714 0.0000000000 0.0000000000 47.4835166931 171.3037109375 -1.0339246988
25.3414039612 4.0515460968 0.0000000000 0.0000000000 47.6335754395 208.8711242676 -1.0329669714
25.2652091980 4.0601420403 0.0000000000 0.0000000000 47.4124450684 153.0231781006 -1.0320212841
25.3186721802 4.0687537193 0.0000000000 0.0000000000 47.6058731079 222.8283386230 -1.0310888290
25.2105579376 4.0773382187 0.0000000000 0.0000000000 47.3467292786 146.9499664307 -1.0301736593
25.2787914276 4.0859279633 0.0000000000 0.0000000000 47.5598640442 229.5187683105 -1.0293831825
25.1831531525 4.0944852829 0.0000000000 0.0000000000 47.2920265198 146.7031860352 -1.0286951065
25.2292633057 4.1030473709 0.0000000000 0.0000000000 47.4950561523 238.0150604248 -1.0280380249
25.1586017609 4.1115822792 0.0000000000 0.0000000000 47.2790908813 153.1953125000 -1.0274660587
25.1913223267 4.1201300621 0.0000000000 0.0000000000 47.4143867493 228.0423889160 -1.0269248486
25.1331291199 4.1286568642 0.0000000000 0.0000000000 47.2975196838 161.4060211182 -1.0262868404
25.1447391510 4.1371927261 0.0000000000 0.0000000000 47.3357696533 191.7406921387 -1.0256258249
25.1189708710 4.1457252502 0.0000000000 0.0000000000 47.3037452698 159.5504455566 -1.0249021053
25.0927944183 4.1542615891 0.0000000000 0.0000000000 47.2682647705 153.8916625977 -1.0241130590
25.1060504913 4.1628050804 0.0000000000 0.0000000000 47.2910385132 152.1595916748 -1.0232862234
25.0481681824 4.1713409424 0.0000000000 0.0000000000 47.2040443420 127.5070648193 -1.0224334002
25.0802326202 4.1798820496 0.0000000000 0.0000000000 47.2709732056 148.5160522461 -1.0215810537
25.0077571869 4.1884002686 0.0000000000 0.0000000000 47.1491470337 113.1551361084 -1.0206787586
25.0480213165 4.1969213486 0.0000000000 0.0000000000 47.2558364868 149.1645965576 -1.0197926760
24.9525661469 4.2054123878 0.0000000000 0.0000000000 47.1089401245 108.2583847046 -1.0188448429
25.0258083344 4.2139010429 0.0000000000 0.0000000000 47.2488136292 156.2149963379 -1.0179816484
24.9016571045 4.2223448753 0.0000000000 0.0000000000 47.0739364624 104.0916137695 -1.0170433521
24.9922599792 4.2307810783 0.0000000000 0.0000000000 47.2322883606 171.4260253906 -1.0161821842
24.8733654022 4.2391843796 0.0000000000 0.0000000000 47.0381469727 105.7741470337 -1.0153702497
24.9474086761 4.2475881577 0.0000000000 0.0000000000 47.1833534241 216.1609649658 -1.0147775412
24.8540611267 4.2559523582 0.0000000000 0.0000000000 47.0087051392 124.5586395264 -1.0141738653
24.9077033997 4.2643265724 0.0000000000 0.0000000000 47.1032257080 272.7919311523 -1.0137737989
24.8286094666 4.2726731300 0.0000000000 0.0000000000 46.9838256836 152.2319335938 -1.0131372213
24.8580532074 4.2810211182 0.0000000000 0.0000000000 47.0104370117 243.7150726318 -1.0125294924
24.8158054352 4.2893600464 0.0000000000 0.0000000000 46.9509391785 166.0840148926 -1.0118354559
24.7981967926 4.2976994514 0.0000000000 0.0000000000 46.9238777161 179.2246246338 -1.0110588074
24.8023757935 4.3060417175 0.0000000000 0.0000000000 46.9120559692 176.2770233154 -1.0101995468
24.7446746826 4.3143787384 0.0000000000 0.0000000000 46.8474273682 149.2446136475 -1.0093412399
24.7755680084 4.3227200508 0.0000000000 0.0000000000 46.8776473999 178.4321746826 -1.0084002018
24.6971607208 4.3310484886 0.0000000000 0.0000000000 46.7796096802 139.7169189453 -1.0074851513
24.7433357239 4.3393774033 0.0000000000 0.0000000000 46.8456764221 175.9513397217 -1.0065032244
24.6522750854 4.3476862907 0.0000000000 0.0000000000 46.7159004211 132.4826660156 -1.0055155754
24.7193870544 4.3559994698 0.0000000000 0.0000000000 46.8165054321 187.3371429443 -1.0045924187
24.6018848419 4.3642759323 0.0000000000 0.0000000000 46.6571884155 128.1819152832 -1.0035643578
24.6905364990 4.3725609779 0.0000000000 0.0000000000 46.7796478271 211.7059020996 -1.0027335882
24.5673961639 4.3808202744 0.0000000000 0.0000000000 46.5971984863 134.1286926270 -1.0019123554
24.6487426758 4.3890914917 0.0000000000 0.0000000000 46.7058639526 248.3015289307 -1.0014008284
24.5459442139 4.3973278999 0.0000000000 0.0000000000 46.5335807800 153.0736389160 -1.0008145571
24.6069145203 4.4055752754 0.0000000000 0.0000000000 46.5949478149 277.3931884766 -1.0004345179
24.5295066833 4.4138112068 0.0000000000 0.0000000000 46.4785194397 177.7644042969 -0.9999279380
24.5608634949 4.4220619202 0.0000000000 0.0000000000 46.4836654663 249.2725830078 -0.9993788600
24.5218410492 4.4303145409 0.0000000000 0.0000000000 46.4335250854 184.0486907959 -0.9987154007
24.5022945404 4.4385743141 0.0000000000 0.0000000000 46.3892250061 197.8812561035 -0.9979292750
24.5201187134 4.4468455315 0.0000000000 0.0000000000 46.3985290527 192.4078216553 -0.9970848560
24.4416847229 4.4551177025 0.0000000000 0.0000000000 46.3160743713 165.6710205078 -0.9962235689
24.4967727661 4.4634013176 0.0000000000 0.0000000000 46.3721466064 207.2034301758 -0.9953433275
24.4049797058 4.4716682434 0.0000000000 0.0000000000 46.2498168945 150.3458251953 -0.9944620132
24.4649562836 4.4799480438 0.0000000000 0.0000000000 46.3456039429 204.9498443604 -0.9936343431
24.3645992279 4.4882082939 0.0000000000 0.0000000000 46.1902389526 141.2795257568 -0.9928359389
24.4407043457 4.4964780807 0.0000000000 0.0000000000 46.2873115540 195.1066436768 -0.9920908809
24.3276004791 4.5047283173 0.0000000000 0.0000000000 46.1214332581 135.1847381592 -0.9914106131
24.4072799683 4.5129942894 0.0000000000 0.0000000000 46.2050323486 189.6684112549 -0.9908286333
24.3087043762 4.5212416649 0.0000000000 0.0000000000 46.0510330200 135.0833740234 -0.9902659059
24.3670616150 4.5295042992 0.0000000000 0.0000000000 46.1100463867 182.8749694824 -0.9897682071
24.2944202423 4.5377535820 0.0000000000 0.0000000000 45.9903297424 135.0367889404 -0.9892178178
24.3258914948 4.5460157394 0.0000000000 0.0000000000 46.0143394470 166.2212524414 -0.9886701703
24.2797679901 4.5542683601 0.0000000000 0.0000000000 45.9443359375 129.3268280029 -0.9880408049
24.2849655151 4.5625252724 0.0000000000 0.0000000000 45.9301490784 138.6955261230 -0.9873799086
24.2632465363 4.5707821846 0.0000000000 0.0000000000 45.9075775146 123.9388351440 -0.9866607785
24.2298564911 4.5790348053 0.0000000000 0.0000000000 45.8647918701 119.4096298218 -0.9859263301
24.2477741241 4.5872902870 0.0000000000 0.0000000000 45.8750991821 123.7648086548 -0.9851465821
24.1785240173 4.5955348015 0.0000000000 0.0000000000 45.8236351013 110.7781295776 -0.9843716025
24.2244911194 4.6037774086 0.0000000000 0.0000000000 45.8478775024 122.0765991211 -0.9835402369
24.1405296326 4.6119961739 0.0000000000 0.0000000000 45.7640190125 106.7563323975 -0.9827264547
24.1989860535 4.6202149391 0.0000000000 0.0000000000 45.8070983887 121.7262802124 -0.9818205833
24.0986957550 4.6284027100 0.0000000000 0.0000000000 45.7035026550 106.1758880615 -0.9808642268
24.1809654236 4.6365909576 0.0000000000 0.0000000000 45.7815475464 131.1798400879 -0.9798520207
24.0494899750 4.6447429657 0.0000000000 0.0000000000 45.6527633667 111.1862640381 -0.9788811803
24.1702098846 4.6528930664 0.0000000000 0.0000000000 45.7640380859 163.4778442383 -0.9779859781
24.0147209167 4.6610045433 0.0000000000 0.0000000000 45.6000862122 120.5051727295 -0.9770067334
24.1383666992 4.6691203117 0.0000000000 0.0000000000 45.7131919861 252.2110290527 -0.9764861465
24.0016784668 4.6771941185 0.0000000000 0.0000000000 45.5412788391 138.2181396484 -0.9760453105
24.0914306641 4.6852817535 0.0000000000 0.0000000000 45.6009101868 372.8130187988 -0.9759188890
23.9914970398 4.6933469772 0.0000000000 0.0000000000 45.4885101318 178.2199096680 -0.9757270217
24.0361061096 4.7014217377 0.0000000000 0.0000000000 45.4866333008 327.2504272461 -0.9753694534
23.9965839386 4.7094902992 0.0000000000 0.0000000000 45.4524993896 216.2822875977 -0.9747872949
23.9683380127 4.7175583839 0.0000000000 0.0000000000 45.4115104675 214.1023559570 -0.9740078449
24.0132637024 4.7256379128 0.0000000000 0.0000000000 45.4370460510 263.3503723145 -0.9731277823
23.9137382507 4.7337107658 0.0000000000 0.0000000000 45.3551254272 166.2984313965 -0.9722856879
24.0059185028 4.7417778969 0.0000000000 0.0000000000 45.4087638855 297.4125976562 -0.9714747071
23.8890800476 4.7498278618 0.0000000000 0.0000000000 45.3029937744 161.0851593018 -0.9708800912
23.9640731812 4.7578816414 0.0000000000 0.0000000000 45.3545112610 275.8737792969 -0.9703095555
23.8717575073 4.7659211159 0.0000000000 0.0000000000 45.2476387024 173.1604614258 -0.9698839188
23.9172801971 4.7739839554 0.0000000000 0.0000000000 45.2769660950 237.7898101807 -0.9694692492
23.8535594940 4.7820372581 0.0000000000 0.0000000000 45.1947708130 175.7521057129 -0.9690224528
23.8740940094 4.7901101112 0.0000000000 0.0000000000 45.1863174438 198.3284454346 -0.9684463739
23.8540325165 4.7981934547 0.0000000000 0.0000000000 45.1550712585 172.7470855713 -0.9678843021
23.8329334259 4.8062877655 0.0000000000 0.0000000000 45.1021919250 165.6412811279 -0.9672705531
23.8642425537 4.8143992424 0.0000000000 0.0000000000 45.1103591919 173.7985992432 -0.9665362239
23.7945137024 4.8225097656 0.0000000000 0.0000000000 45.0289039612 150.6211853027 -0.9658259153
23.8560276031 4.8306379318 0.0000000000 0.0000000000 45.0564422607 170.6510009766 -0.9651586413
23.7641639709 4.8387451172 0.0000000000 0.0000000000 44.9627609253 139.2293395996 -0.9644613266
23.8248672485 4.8468666077 0.0000000000 0.0000000000 44.9999885559 164.8062744141 -0.9639015198
23.7350177765 4.8549633026 0.0000000000 0.0000000000 44.9012184143 129.7797851562 -0.9632025957
23.7958106995 4.8630700111 0.0000000000 0.0000000000 44.9390525818 154.1072235107 -0.9626522660
23.7050151825 4.8711519241 0.0000000000 0.0000000000 44.8416633606 123.8518218994 -0.9621092081
23.7724933624 4.8792266846 0.0000000000 0.0000000000 44.8724517822 144.7274627686 -0.9616193771
23.6798725128 4.8872799873 0.0000000000 0.0000000000 44.7885208130 115.5402603149 -0.9611514807
23.7428131104 4.8953261375 0.0000000000 0.0000000000 44.8066482544 132.3731842041 -0.9606989026
23.6696414948 4.9033541679 0.0000000000 0.0000000000 44.7444038391 108.6231765747 -0.9602543712
23.7074241638 4.9113869667 0.0000000000 0.0000000000 44.7512893677 118.4778289795 -0.9597926736
23.6621208191 4.9194059372 0.0000000000 0.0000000000 44.7058792114 104.2592468262 -0.9593515396
23.6747283936 4.9274225235 0.0000000000 0.0000000000 44.6886177063 106.7562332153 -0.9588214159
23.6505146027 4.9354281425 0.0000000000 0.0000000000 44.6417198181 100.1225433350 -0.9583094120
23.6465969086 4.9434361458 0.0000000000 0.0000000000 44.6123847961 97.4500350952 -0.9577906728
23.6295604706 4.9514374733 0.0000000000 0.0000000000 44.5859909058 96.0957794189 -0.9572359324
23.6164340973 4.9594330788 0.0000000000 0.0000000000 44.5538864136 95.7486114502 -0.9567559361
23.6156272888 4.9674119949 0.0000000000 0.0000000000 44.5368881226 96.8733596802 -0.9562616348
23.5792732239 4.9753780365 0.0000000000 0.0000000000 44.4984893799 96.5853729248 -0.9556809664
23.6035003662 4.9833259583 0.0000000000 0.0000000000 44.4869689941 97.3115005493 -0.9550568461
23.5457382202 4.9912638664 0.0000000000 0.0000000000 44.4404792786 95.7728958130 -0.9544954896
23.5856590271 4.9991993904 0.0000000000 0.0000000000 44.4413375854 98.5660400391 -0.9539162517
23.5162239075 5.0071134567 0.0000000000 0.0000000000 44.3826141357 96.8735885620 -0.9533099532
23.5730571747 5.0150256157 0.0000000000 0.0000000000 44.4036140442 102.7455291748 -0.9526487589
23.4758911133 5.0229077339 0.0000000000 0.0000000000 44.3294105530 102.1068878174 -0.9518869519
23.5711326599 5.0307869911 0.0000000000 0.0000000000 44.3835868835 110.8891983032 -0.9510409832
23.4261322021 5.0386257172 0.0000000000 0.0000000000 44.2863388062 107.1631317139 -0.9499977827
23.5638999939 5.0464582443 0.0000000000 0.0000000000 44.3854026794 122.2419509888 -0.9489730597
23.3793087006 5.0542287827 0.0000000000 0.0000000000 44.2440452576 108.4233398438 -0.9477626681
23.5416793823 5.0620040894 0.0000000000 0.0000000000 44.3642807007 154.0182189941 -0.9473356605
23.3564338684 5.0697240829 0.0000000000 0.0000000000 44.1842880249 120.9868164062 -0.9470415115
23.4939804077 5.0774660110 0.0000000000 0.0000000000 44.2399711609 266.7138671875 -0.9475755095
23.3668346405 5.0851745605 0.0000000000 0.0000000000 44.1118927002 175.9671020508 -0.9479562044
23.4219684601 5.0929074287 0.0000000000 0.0000000000 44.1020050049 327.5954895020 -0.9479938149
23.4018115997 5.1006321907 0.0000000000 0.0000000000 44.0844650269 194.2868957520 -0.9475096464
23.3469238281 5.1083402634 0.0000000000 0.0000000000 44.0356712341 210.1288146973 -0.9465970993
23.4379463196 5.1160678864 0.0000000000 0.0000000000 44.0908775330 301.7919311523 -0.9456796646
23.2982292175 5.1237568855 0.0000000000 0.0000000000 43.9899902344 178.1938476562 -0.9448770285
23.4288711548 5.1314687729 0.0000000000 0.0000000000 44.0420722961 437.0325622559 -0.9446061850
23.2985019684 5.1391563416 0.0000000000 0.0000000000 43.9308242798 190.7728729248 -0.9444763660
23.3600921631 5.1468629837 0.0000000000 0.0000000000 43.9441337585 373.3883666992 -0.9444262981
23.3130207062 5.1545586586 0.0000000000 0.0000000000 43.8880958557 213.2776489258 -0.9441208839
23.2815971375 5.1622595787 0.0000000000 0.0000000000 43.8602027893 246.6489562988 -0.9436186552
23.3220520020 5.1699743271 0.0000000000 0.0000000000 43.8744697571 260.0073547363 -0.9429173470
23.2354717255 5.1776866913 0.0000000000 0.0000000000 43.7963447571 190.6703948975 -0.9422044754
23.3216190338 5.1854171753 0.0000000000 0.0000000000 43.8466072083 297.4830932617 -0.9415827990
23.2279129028 5.1931290627 0.0000000000 0.0000000000 43.7405242920 187.8998413086 -0.9410963655
23.3076438904 5.2008605003 0.0000000000 0.0000000000 43.7728996277 276.7311706543 -0.9407841563
23.2256889343 5.2085781097 0.0000000000 0.0000000000 43.6887626648 192.0914916992 -0.9404909611
23.2649250031 5.2163014412 0.0000000000 0.0000000000 43.6908035278 233.2969665527 -0.9401955009
23.2219047546 5.2240262032 0.0000000000 0.0000000000 43.6453590393 190.9194946289 -0.9397780299
23.2116222382 5.2317614555 0.0000000000 0.0000000000 43.6210784912 194.3103179932 -0.9393498898
23.2231559753 5.2394852638 0.0000000000 0.0000000000 43.6055030823 188.3115081787 -0.9388195872
23.1736087799 5.2471957207 0.0000000000 0.0000000000 43.5547294617 167.1127929688 -0.9382556081
23.2238540649 5.2549028397 0.0000000000 0.0000000000 43.5597305298 179.7832794189 -0.9377161264
23.1483135223 5.2625918388 0.0000000000 0.0000000000 43.4890174866 149.9172821045 -0.9371820688
23.2069034576 5.2702546120 0.0000000000 0.0000000000 43.5088081360 172.7578735352 -0.9366124868
23.1233520508 5.2778978348 0.0000000000 0.0000000000 43.4301261902 142.2809906006 -0.9361320734
23.1800842285 5.2855453491 0.0000000000 0.0000000000 43.4534912109 160.2023315430 -0.9357392192
23.1030254364 5.2931704521 0.0000000000 0.0000000000 43.3754653931 132.4604187012 -0.9353059530
23.1533222198 5.3007965088 0.0000000000 0.0000000000 43.3878097534 141.7647094727 -0.9349156022
23.0946559906 5.3084015846 0.0000000000 0.0000000000 43.3191070557 123.1833877563 -0.9345023632
23.1261272430 5.3160080910 0.0000000000 0.0000000000 43.3160171509 125.5216293335 -0.9340876937
23.0922508240 5.3236007690 0.0000000000 0.0000000000 43.2613525391 119.5268859863 -0.9336556792
23.0966339111 5.3311920166 0.0000000000 0.0000000000 43.2469520569 118.0423202515 -0.9332239032
23.0830669403 5.3387699127 0.0000000000 0.0000000000 43.2047615051 115.8783721924 -0.9327775836
23.0695381165 5.3463425636 0.0000000000 0.0000000000 43.1823730469 116.1109542847 -0.9323320389
23.0636272430 5.3539032936 0.0000000000 0.0000000000 43.1487464905 114.0934829712 -0.9318816066
23.0521049500 5.3614554405 0.0000000000 0.0000000000 43.1163520813 114.8387680054 -0.9314242601
23.0442924500 5.3690013885 0.0000000000 0.0000000000 43.0906295776 114.0176010132 -0.9310050607
23.0352287292 5.3765192032 0.0000000000 0.0000000000 43.0513610840 112.1471328735 -0.9304999709
23.0352249146 5.3840231895 0.0000000000 0.0000000000 43.0341529846 112.3395080566 -0.9300813675
23.0091247559 5.3915181160 0.0000000000 0.0000000000 42.9909133911 108.9908981323 -0.9296278954
23.0259723663 5.3990087509 0.0000000000 0.0000000000 42.9818725586 109.5243453979 -0.9292129874
22.9804058075 5.4064784050 0.0000000000 0.0000000000 42.9281005859 107.2943038940 -0.9287109375
23.0189628601 5.4139432907 0.0000000000 0.0000000000 42.9382133484 109.0214996338 -0.9282321930
22.9540786743 5.4213886261 0.0000000000 0.0000000000 42.8651351929 107.5602874756 -0.9277127385
23.0182781219 5.4288334846 0.0000000000 0.0000000000 42.9074668884 108.3413314819 -0.9271719456
22.9254837036 5.4362554550 0.0000000000 0.0000000000 42.8044090271 105.4637527466 -0.9265179634
23.0249671936 5.4436802864 0.0000000000 0.0000000000 42.8954811096 106.3264541626 -0.9258455038
22.8831100464 5.4510755539 0.0000000000 0.0000000000 42.7499275208 102.5174789429 -0.9250900745
23.0247497559 5.4584689140 0.0000000000 0.0000000000 42.8956565857 105.7664108276 -0.9243769646
22.8499221802 5.4658284187 0.0000000000 0.0000000000 42.6933975220 102.9808197021 -0.9236195087
23.0062675476 5.4731812477 0.0000000000 0.0000000000 42.8584671021 111.3816146851 -0.9232842326
22.8412933350 5.4805078506 0.0000000000 0.0000000000 42.6232414246 108.7934188843 -0.9230148196
22.9694061279 5.4878416061 0.0000000000 0.0000000000 42.7406120300 122.3718566895 -0.9231626391
22.8540897369 5.4951643944 0.0000000000 0.0000000000 42.5468254089 115.5340805054 -0.9232493639
22.9189338684 5.5025134087 0.0000000000 0.0000000000 42.5839233398 126.4309158325 -0.9232875109
22.8742961884 5.5098557472 0.0000000000 0.0000000000 42.5077285767 116.5466079712 -0.9230394363
22.8664894104 5.5171966553 0.0000000000 0.0000000000 42.4673080444 114.1254501343 -0.9225863814
22.9012813568 5.5245547295 0.0000000000 0.0000000000 42.5175323486 109.6435470581 -0.9220054150
22.8194808960 5.5319104195 0.0000000000 0.0000000000 42.4055213928 107.1601486206 -0.9213610291
22.9136543274 5.5392894745 0.0000000000 0.0000000000 42.5123062134 115.0281295776 -0.9208028316
22.7910156250 5.5466647148 0.0000000000 0.0000000000 42.3461189270 109.6215744019 -0.9203196168
22.8964633942 5.5540580750 0.0000000000 0.0000000000 42.4543838501 126.9731979370 -0.9200242162
22.7814083099 5.5614428520 0.0000000000 0.0000000000 42.2725601196 113.2371902466 -0.9197822213
22.8511047363 5.5688390732 0.0000000000 0.0000000000 42.3526725769 130.9154052734 -0.9195932150
22.7877578735 5.5762324333 0.0000000000 0.0000000000 42.2275772095 109.4559936523 -0.9193693399
22.8062133789 5.5836391449 0.0000000000 0.0000000000 42.2491798401 120.3478469849 -0.9190722704
22.7995567322 5.5910515785 0.0000000000 0.0000000000 42.2040748596 103.6385650635 -0.9187216163
22.7798480988 5.5984764099 0.0000000000 0.0000000000 42.1511116028 110.6908111572 -0.9182890654
22.8064365387 5.6059150696 0.0000000000 0.0000000000 42.1770782471 108.6691513062 -0.9178394675
22.7565879822 5.6133551598 0.0000000000 0.0000000000 42.0686149597 111.3878707886 -0.9173503518
22.8046836853 5.6208047867 0.0000000000 0.0000000000 42.1413879395 119.7048263550 -0.9168751836
22.7272205353 5.6282458305 0.0000000000 0.0000000000 42.0013237000 112.5436553955 -0.9163858891
22.7985591888 5.6356878281 0.0000000000 0.0000000000 42.0979537964 124.9386825562 -0.9159781933
22.6984348297 5.6430749893 0.0000000000 0.0000000000 41.9465904236 109.5672454834 -0.9154961109
22.7874164581 5.6504564285 0.0000000000 0.0000000000 42.0441093445 126.8777465820 -0.9151468277
22.6824474335 5.6578149796 0.0000000000 0.0000000000 41.8955993652 110.7854995728 -0.9147385359
22.7600994110 5.6651763916 0.0000000000 0.0000000000 41.9805374146 129.9221954346 -0.9144314528
22.6787528992 5.6725316048 0.0000000000 0.0000000000 41.8509826660 114.8568191528 -0.9141002893
22.7303676605 5.6798882484 0.0000000000 0.0000000000 41.9091911316 128.4418945312 -0.9138022065
22.6753787994 5.6872324944 0.0000000000 0.0000000000 41.8117027283 114.1599349976 -0.9134675264
22.7087631226 5.6945767403 0.0000000000 0.0000000000 41.8376274109 122.3829956055 -0.9131160975
22.6688232422 5.7019209862 0.0000000000 0.0000000000 41.7730293274 114.0305099487 -0.9127697349
22.6874122620 5.7092547417 0.0000000000 0.0000000000 41.7712707520 122.6775817871 -0.9123806357
22.6626644135 5.7165842056 0.0000000000 0.0000000000 41.7352333069 121.9303588867 -0.9120739698
22.6593685150 5.7239098549 0.0000000000 0.0000000000 41.7138710022 129.6860046387 -0.9115772247
22.6540889740 5.7312412262 0.0000000000 0.0000000000 41.6926002502 130.3051605225 -0.9111835957
22.6334171295 5.7385754585 0.0000000000 0.0000000000 41.6592788696 131.0720672607 -0.9107893109
22.6462478638 5.7459106445 0.0000000000 0.0000000000 41.6567535400 128.3950195312 -0.9103781581
22.6146564484 5.7532482147 0.0000000000 0.0000000000 41.6079750061 123.9132080078 -0.9099564552
22.6404190063 5.7605805397 0.0000000000 0.0000000000 41.6217422485 122.3187332153 -0.9095476866
22.5960140228 5.7679095268 0.0000000000 0.0000000000 41.5544586182 119.9834899902 -0.9091070294
22.6364097595 5.7752180099 0.0000000000 0.0000000000 41.5966453552 123.4298248291 -0.9086814523
22.5695915222 5.7825217247 0.0000000000 0.0000000000 41.5028038025 123.6091918945 -0.9082056880
22.6339397430 5.7898221016 0.0000000000 0.0000000000 41.5817375183 128.1262359619 -0.9077290893
22.5417728424 5.7971134186 0.0000000000 0.0000000000 41.4521560669 126.4654541016 -0.9071750045
22.6373653412 5.8044033051 0.0000000000 0.0000000000 41.5729866028 131.0080566406 -0.9066213369
22.5180320740 5.8116798401 0.0000000000 0.0000000000 41.4088973999 128.0745086670 -0.9060404301
22.6325778961 5.8189363480 0.0000000000 0.0000000000 41.5688781738 135.0836486816 -0.9054354429
22.4964485168 5.8261632919 0.0000000000 0.0000000000 41.3716583252 128.6519622803 -0.9048098922
22.6148719788 5.8333983421 0.0000000000 0.0000000000 41.5477256775 141.5541992188 -0.9044727087
22.4781761169 5.8405885696 0.0000000000 0.0000000000 41.3346443176 128.3943939209 -0.9041240811
22.5924930573 5.8477907181 0.0000000000 0.0000000000 41.4806480408 163.6026458740 -0.9040759206
22.4730014801 5.8549818993 0.0000000000 0.0000000000 41.3032608032 137.1091156006 -0.9040201902
22.5600910187 5.8621792793 0.0000000000 0.0000000000 41.3903427124 197.1178283691 -0.9040011168
22.4816856384 5.8693728447 0.0000000000 0.0000000000 41.3012542725 149.4772033691 -0.9038581848
22.5184230804 5.8765683174 0.0000000000 0.0000000000 41.3096771240 177.1308593750 -0.9035851955
22.5032062531 5.8837585449 0.0000000000 0.0000000000 41.3077545166 154.7836456299 -0.9031817317
22.4668560028 5.8909506798 0.0000000000 0.0000000000 41.2587661743 150.3957519531 -0.9027033448
22.5317516327 5.8981533051 0.0000000000 0.0000000000 41.3041419983 159.2523956299 -0.9021869898
22.4274635315 5.9053602219 0.0000000000 0.0000000000 41.2170333862 138.9952087402 -0.9016642570
22.5356578827 5.9125590324 0.0000000000 0.0000000000 41.2909126282 170.7233276367 -0.9012050629
22.4150238037 5.9197621346 0.0000000000 0.0000000000 41.1808433533 138.9438476562 -0.9007721543
22.5026741028 5.9269819260 0.0000000000 0.0000000000 41.2633361816 170.3268737793 -0.9004517794
22.4153785706 5.9342012405 0.0000000000 0.0000000000 41.1496849060 142.6003570557 -0.9001548290
22.4656105042 5.9414348602 0.0000000000 0.0000000000 41.2151451111 166.7207183838 -0.8998852968
22.4086341858 5.9486694336 0.0000000000 0.0000000000 41.1267433167 140.3360900879 -0.8996187449
22.4503459930 5.9559078217 0.0000000000 0.0000000000 41.1539878845 154.1578216553 -0.8993367553
22.4012794495 5.9631533623 0.0000000000 0.0000000000 41.1011085510 133.1942901611 -0.8990368843
22.4352989197 5.9704098701 0.0000000000 0.0000000000 41.0981292725 137.5073852539 -0.8986990452
22.3999271393 5.9776773453 0.0000000000 0.0000000000 41.0738868713 129.0867614746 -0.8983429670
22.4053001404 5.9849486351 0.0000000000 0.0000000000 41.0516967773 129.7339630127 -0.8979718685
22.4029464722 5.9922299385 0.0000000000 0.0000000000 41.0499191284 131.4929046631 -0.8975805044
22.3681621552 5.9995074272 0.0000000000 0.0000000000 41.0091934204 127.6926879883 -0.8971840739
22.4060516357 6.0067882538 0.0000000000 0.0000000000 41.0266952515 130.1207427979 -0.8967803717
22.3395042419 6.0140399933 0.0000000000 0.0000000000 40.9658470154 125.6239624023 -0.8963560462
22.3998317719 6.0212883949 0.0000000000 0.0000000000 41.0072975159 127.8848190308 -0.8959389329
22.3236713409 6.0285286903 0.0000000000 0.0000000000 40.9222984314 126.0206298828 -0.8954976201
22.3827991486 6.0357546806 0.0000000000 0.0000000000 40.9943275452 130.9425811768 -0.8950568438
22.3097324371 6.0429682732 0.0000000000 0.0000000000 40.8784942627 129.3174438477 -0.8945642114
22.3735313416 6.0501708984 0.0000000000 0.0000000000 40.9761657715 135.2123260498 -0.8941044211
22.2899971008 6.0573515892 0.0000000000 0.0000000000 40.8365325928 131.0184020996 -0.8935810328
22.3775081635 6.0645313263 0.0000000000 0.0000000000 40.9500999451 137.7720184326 -0.8931205273
22.2631053925 6.0716896057 0.0000000000 0.0000000000 40.7952003479 131.5733489990 -0.8926209807
22.3737239838 6.0788450241 0.0000000000 0.0000000000 40.9157676697 141.0155029297 -0.8922833204
22.2457923889 6.0859670639 0.0000000000 0.0000000000 40.7533836365 133.0190277100 -0.8918897510
22.3512840271 6.0930867195 0.0000000000 0.0000000000 40.8684234619 148.4748840332 -0.8916813731
22.2437705994 6.1001958847 0.0000000000 0.0000000000 40.7157402039 138.1951904297 -0.8914572597
22.3217926025 6.1073069572 0.0000000000 0.0000000000 40.8070716858 158.4374542236 -0.8913106918
22.2503337860 6.1144099236 0.0000000000 0.0000000000 40.6870269775 142.7661743164 -0.8911145329
22.2934646606 6.1215138435 0.0000000000 0.0000000000 40.7414817810 156.3985137939 -0.8909065723
22.2546176910 6.1286163330 0.0000000000 0.0000000000 40.6757278442 137.1118164062 -0.8906408548
22.2652530670 6.1357159615 0.0000000000 0.0000000000 40.6813926697 141.8442077637 -0.8903190494
22.2563991547 6.1428194046 0.0000000000 0.0000000000 40.6703567505 128.5944366455 -0.8899573684
22.2381763458 6.1499199867 0.0000000000 0.0000000000 40.6289405823 130.2475738525 -0.8895509243
22.2608604431 6.1570291519 0.0000000000 0.0000000000 40.6565132141 124.8673324585 -0.8891448975
22.2116165161 6.1641387939 0.0000000000 0.0000000000 40.5842094421 122.4348831177 -0.8887034059
22.2644081116 6.1712584496 0.0000000000 0.0000000000 40.6366233826 123.5380630493 -0.8882697821
22.1856441498 6.1783771515 0.0000000000 0.0000000000 40.5428085327 117.0585708618 -0.8878008127
22.2616214752 6.1855010986 0.0000000000 0.0000000000 40.6142616272 123.6451950073 -0.8873654008
22.1670074463 6.1926155090 0.0000000000 0.0000000000 40.5041503906 114.0916824341 -0.8868989944
22.2524719238 6.1997203827 0.0000000000 0.0000000000 40.5905113220 124.9243164062 -0.8864887357
22.1540603638 6.2068157196 0.0000000000 0.0000000000 40.4702148438 113.1111831665 -0.8860581517
22.2427806854 6.2139153481 0.0000000000 0.0000000000 40.5609550476 129.0812835693 -0.8857385516
22.1435012817 6.2210102081 0.0000000000 0.0000000000 40.4385681152 117.3701019287 -0.8853418827
22.2289562225 6.2281146049 0.0000000000 0.0000000000 40.5207176208 139.1034240723 -0.8850650191
22.1327133179 6.2352190018 0.0000000000 0.0000000000 40.4111289978 127.9038543701 -0.8847659826
22.2112255096 6.2423334122 0.0000000000 0.0000000000 40.4746131897 153.2232971191 -0.8845278621
22.1271572113 6.2494487762 0.0000000000 0.0000000000 40.3899765015 140.3194885254 -0.8842655420
22.1856861115 6.2565689087 0.0000000000 0.0000000000 40.4289169312 161.9681854248 -0.8840167522
22.1316452026 6.2636938095 0.0000000000 0.0000000000 40.3705291748 145.9607238770 -0.8837337494
22.1565876007 6.2708187103 0.0000000000 0.0000000000 40.3838462830 158.3474884033 -0.8834285140
22.1351680756 6.2779445648 0.0000000000 0.0000000000 40.3494300842 143.3091430664 -0.8831017017
22.1346416473 6.2850713730 0.0000000000 0.0000000000 40.3417510986 148.0550384521 -0.8827563524
22.1322479248 6.2921996117 0.0000000000 0.0000000000 40.3271026611 139.5855560303 -0.8824091554
22.1143684387 6.2993087769 0.0000000000 0.0000000000 40.3039550781 141.2713928223 -0.8820274472
22.1265163422 6.3064250946 0.0000000000 0.0000000000 40.3052482605 139.8672943115 -0.8816482425
22.0937671661 6.3135452271 0.0000000000 0.0000000000 40.2662277222 139.6751403809 -0.8812556863
22.1233558655 6.3206677437 0.0000000000 0.0000000000 40.2811584473 141.6182556152 -0.8808653951
22.0747318268 6.3277754784 0.0000000000 0.0000000000 40.2264785767 139.2539672852 -0.8804337978
22.1240062714 6.3348841667 0.0000000000 0.0000000000 40.2600479126 142.2385101318 -0.8799888492
22.0531520844 6.3419847488 0.0000000000 0.0000000000 40.1879615784 136.9162139893 -0.8795329332
22.1245403290 6.3490796089 0.0000000000 0.0000000000 40.2448463440 140.1186065674 -0.8790457249
22.0272064209 6.3561663628 0.0000000000 0.0000000000 40.1525764465 130.9862060547 -0.8785404563
22.1262989044 6.3632459641 0.0000000000 0.0000000000 40.2290077209 136.5593719482 -0.8780354857
22.0074691772 6.3703093529 0.0000000000 0.0000000000 40.1181030273 125.7056350708 -0.8775153160
22.1231536865 6.3773598671 0.0000000000 0.0000000000 40.2061958313 139.3143615723 -0.8770869374
21.9940452576 6.3843879700 0.0000000000 0.0000000000 40.0853042603 127.9591217041 -0.8766834140
22.1052951813 6.3914160728 0.0000000000 0.0000000000 40.1685409546 154.8145446777 -0.8764548898
21.9866237640 6.3984055519 0.0000000000 0.0000000000 40.0546264648 139.9189758301 -0.8762284517
22.0768470764 6.4053964615 0.0000000000 0.0000000000 40.1159896851 178.9852142334 -0.8761340976
21.9944057465 6.4123764038 0.0000000000 0.0000000000 40.0308532715 155.5019226074 -0.8760021925
22.0462932587 6.4193582535 0.0000000000 0.0000000000 40.0587921143 185.5522003174 -0.8758894205
22.0077877045 6.4263172150 0.0000000000 0.0000000000 40.0151214600 154.9564056396 -0.8755978346
22.0169715881 6.4332761765 0.0000000000 0.0000000000 40.0091743469 163.5258941650 -0.8752922416
22.0174579620 6.4402346611 0.0000000000 0.0000000000 40.0034103394 145.5198364258 -0.8749228120
21.9878616333 6.4471869469 0.0000000000 0.0000000000 39.9689407349 144.3177337646 -0.8745213747
22.0241451263 6.4541363716 0.0000000000 0.0000000000 39.9900703430 145.7125854492 -0.8741021752
21.9591197968 6.4610767365 0.0000000000 0.0000000000 39.9359970093 136.6670532227 -0.8736785650
22.0234394073 6.4680156708 0.0000000000 0.0000000000 39.9717559814 149.5574798584 -0.8732814789
21.9411640167 6.4749474525 0.0000000000 0.0000000000 39.9047088623 134.4046630859 -0.8729004264
22.0153503418 6.4818739891 0.0000000000 0.0000000000 39.9422531128 148.8543243408 -0.8725635409
21.9385776520 6.4887924194 0.0000000000 0.0000000000 39.8746223450 132.9001464844 -0.8722420335
21.9995079041 6.4957151413 0.0000000000 0.0000000000 39.9071617126 146.2511749268 -0.8719555736
21.9385700226 6.5026302338 0.0000000000 0.0000000000 39.8468894958 133.6711883545 -0.8716731071
21.9736785889 6.5095467567 0.0000000000 0.0000000000 39.8697586060 145.1404113770 -0.8713946939
21.9395389557 6.5164527893 0.0000000000 0.0000000000 39.8224067688 132.7708892822 -0.8711153865
21.9465618134 6.5233612061 0.0000000000 0.0000000000 39.8310165405 137.6113586426 -0.8708144426
21.9410037994 6.5302610397 0.0000000000 0.0000000000 39.7981033325 126.4042739868 -0.8705092072
21.9268913269 6.5371613503 0.0000000000 0.0000000000 39.7928924561 128.4803771973 -0.8701709509
21.9370250702 6.5440554619 0.0000000000 0.0000000000 39.7758483887 122.5679092407 -0.8698316813
21.9130764008 6.5509500504 0.0000000000 0.0000000000 39.7573432922 123.8613510132 -0.8694691062
21.9246025085 6.5578455925 0.0000000000 0.0000000000 39.7548141479 123.7580718994 -0.8691208363
21.9022922516 6.5647172928 0.0000000000 0.0000000000 39.7264137268 126.3976287842 -0.8687345982
21.9110393524 6.5715909004 0.0000000000 0.0000000000 39.7387580872 129.9763031006 -0.8683552742
21.8901481628 6.5784564018 0.0000000000 0.0000000000 39.6972999573 132.3824615479 -0.8679796457
21.9026889801 6.5853223801 0.0000000000 0.0000000000 39.7221450806 136.6029968262 -0.8675925732
21.8720378876 6.5921754837 0.0000000000 0.0000000000 39.6635665894 135.4877471924 -0.8672078848
21.9006633759 6.5990276337 0.0000000000 0.0000000000 39.7059288025 137.6845855713 -0.8668173552
21.8509693146 6.6058645248 0.0000000000 0.0000000000 39.6307411194 134.5139160156 -0.8664225936
21.9041976929 6.6126999855 0.0000000000 0.0000000000 39.6875801086 137.1542816162 -0.8660359383
21.8313980103 6.6195120811 0.0000000000 0.0000000000 39.5991706848 133.8491668701 -0.8656293154
21.9094982147 6.6263184547 0.0000000000 0.0000000000 39.6670036316 134.2497253418 -0.8652418852
21.8152141571 6.6331124306 0.0000000000 0.0000000000 39.5688743591 127.7504272461 -0.8648348451
21.9069938660 6.6399016380 0.0000000000 0.0000000000 39.6445045471 126.2991027832 -0.8644700050
21.8017921448 6.6466817856 0.0000000000 0.0000000000 39.5419387817 120.8546447754 -0.8640915751
21.8938293457 6.6534571648 0.0000000000 0.0000000000 39.6173782349 121.6183624268 -0.8637649417
21.7974929810 6.6602210999 0.0000000000 0.0000000000 39.5171661377 116.4122924805 -0.8634346128
21.8737506866 6.6669797897 0.0000000000 0.0000000000 39.5847434998 117.1316986084 -0.8631883264
21.7986698151 6.6737170219 0.0000000000 0.0000000000 39.4969367981 111.8420791626 -0.8628570437
21.8490505219 6.6804537773 0.0000000000 0.0000000000 39.5507316589 116.3414382935 -0.8625929356
21.7978401184 6.6871795654 0.0000000000 0.0000000000 39.4792594910 113.7502899170 -0.8623217940
21.8225460052 6.6939058304 0.0000000000 0.0000000000 39.5086593628 120.9711380005 -0.8620548844
21.7965202332 6.7006235123 0.0000000000 0.0000000000 39.4580764771 116.6055145264 -0.8617702723
21.7966995239 6.7073421478 0.0000000000 0.0000000000 39.4672470093 121.6248703003 -0.8614829779
21.7982978821 6.7140564919 0.0000000000 0.0000000000 39.4313354492 115.1529846191 -0.8611755371
21.7777786255 6.7207736969 0.0000000000 0.0000000000 39.4237823486 119.7742156982 -0.8608654737
21.7990798950 6.7274909019 0.0000000000 0.0000000000 39.3985710144 116.4731369019 -0.8605448008
21.7619171143 6.7342190742 0.0000000000 0.0000000000 39.3815994263 119.1634826660 -0.8602356315
21.7952976227 6.7409405708 0.0000000000 0.0000000000 39.3649749756 115.1026535034 -0.8599038720
21.7513351440 6.7476725578 0.0000000000 0.0000000000 39.3431472778 112.7318420410 -0.8595867157
21.7890281677 6.7543978691 0.0000000000 0.0000000000 39.3334541321 107.6718826294 -0.8592684865
21.7448482513 6.7611331940 0.0000000000 0.0000000000 39.3065223694 104.7171554565 -0.8589410782
21.7810478210 6.7678704262 0.0000000000 0.0000000000 39.3041343689 102.3100357056 -0.8586092591
21.7399845123 6.7746109962 0.0000000000 0.0000000000 39.2717857361 102.6877899170 -0.8582766056
21.7724971771 6.7813520432 0.0000000000 0.0000000000 39.2775535583 105.2323455811 -0.8579270244
21.7284908295 6.7880868912 0.0000000000 0.0000000000 39.2402534485 108.3920822144 -0.8575707078
21.7701168060 6.7948250771 0.0000000000 0.0000000000 39.2540931702 113.3772735596 -0.8571938872
21.7078514099 6.8015551567 0.0000000000 0.0000000000 39.2118721008 116.1747512817 -0.8567806482
21.7773246765 6.8082838058 0.0000000000 0.0000000000 39.2373962402 121.6245651245 -0.8563206792
21.6803207397 6.8149971962 0.0000000000 0.0000000000 39.1870384216 122.9404373169 -0.8557788730
21.7923946381 6.8217077255 0.0000000000 0.0000000000 39.2264213562 130.1622467041 -0.8552486300
21.6456699371 6.8283982277 0.0000000000 0.0000000000 39.1620750427 130.6034851074 -0.8545959592
21.8088989258 6.8350849152 0.0000000000 0.0000000000 39.2066268921 146.0384063721 -0.8541976213
21.6110248566 6.8417510986 0.0000000000 0.0000000000 39.1269836426 145.4440002441 -0.8537197709
21.8127136230 6.8484153748 0.0000000000 0.0000000000 39.1604804993 187.1146545410 -0.8537497520
21.6009750366 6.8550672531 0.0000000000 0.0000000000 39.0792198181 178.6970977783 -0.8537499309
21.7903461456 6.8616981506 0.0000000000 0.0000000000 39.0912513733 276.8356323242 -0.8540059328
21.6279792786 6.8683090210 0.0000000000 0.0000000000 39.0412368774 225.7654113770 -0.8541629910
21.7415084839 6.8749141693 0.0000000000 0.0000000000 39.0402870178 292.1017761230 -0.8541548252
21.6732006073 6.8815264702 0.0000000000 0.0000000000 39.0300025940 216.0227203369 -0.8539362550
21.6867656708 6.8881316185 0.0000000000 0.0000000000 39.0042190552 229.5957183838 -0.8535797596
21.7135963440 6.8947262764 0.0000000000 0.0000000000 39.0223541260 239.3507385254 -0.8531180024
21.6371955872 6.9013214111 0.0000000000 0.0000000000 38.9721679688 221.3703002930 -0.8526533246
21.7412128448 6.9079275131 0.0000000000 0.0000000000 38.9978027344 289.7582397461 -0.8522989750
21.6021022797 6.9145393372 0.0000000000 0.0000000000 38.9373359680 248.4386901855 -0.8519898057
21.7395381927 6.9211564064 0.0000000000 0.0000000000 38.9567222595 312.5051574707 -0.8518574238
21.5925388336 6.9277849197 0.0000000000 0.0000000000 38.9033889771 264.5936889648 -0.8517219424
21.7138938904 6.9344162941 0.0000000000 0.0000000000 38.9130744934 300.8037109375 -0.8516327739
21.6066875458 6.9410357475 0.0000000000 0.0000000000 38.8812942505 256.2771606445 -0.8514798880
21.6817951202 6.9476637840 0.0000000000 0.0000000000 38.8775596619 259.0559082031 -0.8512928486
21.6320991516 6.9543094635 0.0000000000 0.0000000000 38.8687667847 235.6571350098 -0.8510523438
21.6583671570 6.9609322548 0.0000000000 0.0000000000 38.8458480835 220.7188720703 -0.8507695198
21.6511840820 6.9675683975 0.0000000000 0.0000000000 38.8528556824 212.7324523926 -0.8504672050
21.6374893188 6.9742112160 0.0000000000 0.0000000000 38.8106079102 191.3340759277 -0.8501811624
21.6594924927 6.9808588028 0.0000000000 0.0000000000 38.8281517029 195.2579956055 -0.8498838544
21.6092433929 6.9875006676 0.0000000000 0.0000000000 38.7720527649 178.9665222168 -0.8494840860
21.6680030823 6.9941267967 0.0000000000 0.0000000000 38.7972488403 191.5007324219 -0.8491579890
21.5767021179 7.0007495880 0.0000000000 0.0000000000 38.7333412170 174.2679901123 -0.8488231897
21.6761970520 7.0073771477 0.0000000000 0.0000000000 38.7627792358 187.1842956543 -0.8485432863
21.5519275665 7.0140032768 0.0000000000 0.0000000000 38.6974449158 170.6652984619 -0.8482862115
21.6840457916 7.0206317902 0.0000000000 0.0000000000 38.7286720276 183.7403411865 -0.8480191827
21.5404758453 7.0272598267 0.0000000000 0.0000000000 38.6684608459 164.1193695068 -0.8477717638
21.6830825806 7.0338859558 0.0000000000 0.0000000000 38.6947975159 175.0772399902 -0.8476111293
21.5375366211 7.0405149460 0.0000000000 0.0000000000 38.6409988403 153.7243347168 -0.8474066257
21.6688938141 7.0471444130 0.0000000000 0.0000000000 38.6578407288 168.6156616211 -0.8472734094
21.5429344177 7.0537762642 0.0000000000 0.0000000000 38.6118965149 146.1950225830 -0.8471024632
21.6454925537 7.0604124069 0.0000000000 0.0000000000 38.6163902283 160.3042907715 -0.8469486237
21.5542583466 7.0670566559 0.0000000000 0.0000000000 38.5798645020 140.9927215576 -0.8467723131
21.6188907623 7.0737013817 0.0000000000 0.0000000000 38.5742340088 150.0796508789 -0.8465810418
21.5625534058 7.0803556442 0.0000000000 0.0000000000 38.5451850891 135.1785125732 -0.8463767171
21.5920772552 7.0870146751 0.0000000000 0.0000000000 38.5333328247 136.2784423828 -0.8461590409
21.5720329285 7.0936818123 0.0000000000 0.0000000000 38.5103988647 127.4318542480 -0.8459413052
21.5729255676 7.1003541946 0.0000000000 0.0000000000 38.4953346252 125.7918243408 -0.8457076550
21.5822353363 7.1070289612 0.0000000000 0.0000000000 38.4771232605 123.2684707642 -0.8454688787
21.5606956482 7.1137108803 0.0000000000 0.0000000000 38.4596786499 122.3584899902 -0.8452213407
21.5855674744 7.1203789711 0.0000000000 0.0000000000 38.4464340210 123.0503768921 -0.8449679613
21.5478992462 7.1270565987 0.0000000000 0.0000000000 38.4248657227 120.6568908691 -0.8447123766
21.5824108124 7.1337294579 0.0000000000 0.0000000000 38.4160690308 120.1985168457 -0.8444386125
21.5345039368 7.1404094696 0.0000000000 0.0000000000 38.3872718811 117.6383895874 -0.8441595435
21.5830497742 7.1470961571 0.0000000000 0.0000000000 38.3846931458 119.6048202515 -0.8438672423
21.5139026642 7.1537833214 0.0000000000 0.0000000000 38.3494110107 119.8202514648 -0.8435568213
21.5896434784 7.1604752541 0.0000000000 0.0000000000 38.3570251465 123.6283569336 -0.8432276845
21.4892978668 7.1671657562 0.0000000000 0.0000000000 38.3151817322 122.9012145996 -0.8428649902
21.6003894806 7.1738572121 0.0000000000 0.0000000000 38.3370933533 125.3751983643 -0.8424829841
21.4666881561 7.1805443764 0.0000000000 0.0000000000 38.2849998474 121.1461410522 -0.8420433402
21.6100444794 7.1872258186 0.0000000000 0.0000000000 38.3211746216 121.9939880371 -0.8416494131
21.4481086731 7.1938977242 0.0000000000 0.0000000000 38.2574424744 115.1399230957 -0.8411727548
21.6104125977 7.2005443573 0.0000000000 0.0000000000 38.3076782227 118.8366622925 -0.8408747911
21.4398288727 7.2071819305 0.0000000000 0.0000000000 38.2338867188 113.4177932739 -0.8405288458
21.5929317474 7.2138276100 0.0000000000 0.0000000000 38.2827186584 127.7730484009 -0.8404536247
21.4479866028 7.2204661369 0.0000000000 0.0000000000 38.2040786743 123.6258544922 -0.8403583169
21.5582237244 7.2271156311 0.0000000000 0.0000000000 38.2382049561 153.0247497559 -0.8404244781
21.4751625061 7.2337613106 0.0000000000 0.0000000000 38.1757049561 141.0848999023 -0.8404134512
21.5130348206 7.2404189110 0.0000000000 0.0000000000 38.1910934448 169.5269470215 -0.8403868675
21.5109004974 7.2470712662 0.0000000000 0.0000000000 38.1565628052 144.1102294922 -0.8402494192
21.4632358551 7.2537393570 0.0000000000 0.0000000000 38.1517562866 155.1964569092 -0.8400496840
21.5508213043 7.2604022026 0.0000000000 0.0000000000 38.1424674988 142.6050262451 -0.8397642970
21.4136486053 7.2670841217 0.0000000000 0.0000000000 38.1183853149 138.4555511475 -0.8394300938
21.5801315308 7.2737565041 0.0000000000 0.0000000000 38.1263008118 146.7040863037 -0.8391047716
21.3808879852 7.2804470062 0.0000000000 0.0000000000 38.0872192383 132.1385040283 -0.8387404680
21.5827484131 7.2871131897 0.0000000000 0.0000000000 38.1044998169 140.5890655518 -0.8384926915
21.3737792969 7.2937908173 0.0000000000 0.0000000000 38.0584983826 128.0772247314 -0.8382061124
21.5567455292 7.3004536629 0.0000000000 0.0000000000 38.0786666870 134.4876861572 -0.8380593061
21.3933887482 7.3071260452 0.0000000000 0.0000000000 38.0316162109 124.7977981567 -0.8378715515
21.5175361633 7.3137955666 0.0000000000 0.0000000000 38.0528945923 134.1927032471 -0.8377580047
21.4255771637 7.3204684258 0.0000000000 0.0000000000 38.0084457397 127.3794097900 -0.8375929594
21.4780139923 7.3271422386 0.0000000000 0.0000000000 38.0267753601 135.4248657227 -0.8374407887
21.4586315155 7.3338112831 0.0000000000 0.0000000000 37.9880867004 133.7605895996 -0.8372525573
21.4401168823 7.3404703140 0.0000000000 0.0000000000 38.0012550354 139.7557373047 -0.8370548487
21.4869937897 7.3471155167 0.0000000000 0.0000000000 37.9679985046 138.3218231201 -0.8368334174
21.4000186920 7.3537731171 0.0000000000 0.0000000000 37.9764137268 143.7873229980 -0.8365972638
21.5109615326 7.3604092598 0.0000000000 0.0000000000 37.9458045959 142.4878997803 -0.8363440633
21.3576850891 7.3670582771 0.0000000000 0.0000000000 37.9485244751 144.8805541992 -0.8360636830
21.5331001282 7.3736748695 0.0000000000 0.0000000000 37.9185867310 143.4297943115 -0.8357847929
21.3208942413 7.3803138733 0.0000000000 0.0000000000 37.9194831848 142.1418609619 -0.8355043530
21.5496768951 7.3869123459 0.0000000000 0.0000000000 37.8901252747 139.2029876709 -0.8352561593
21.3008022308 7.3935217857 0.0000000000 0.0000000000 37.8946037292 137.4630279541 -0.8349374533
21.5476188660 7.4000921249 0.0000000000 0.0000000000 37.8651542664 135.9913330078 -0.8347576261
21.3037242889 7.4066934586 0.0000000000 0.0000000000 37.8742370605 136.3373718262 -0.8345766664
21.5193347931 7.4132571220 0.0000000000 0.0000000000 37.8435821533 137.6204681396 -0.8344633579
21.3352012634 7.4198436737 0.0000000000 0.0000000000 37.8540649414 139.9336090088 -0.8343243003
21.4701347351 7.4264030457 0.0000000000 0.0000000000 37.8248291016 140.8629302979 -0.8341804147
21.3853492737 7.4329648018 0.0000000000 0.0000000000 37.8295402527 141.5911712646 -0.8340145350
21.4094982147 7.4394841194 0.0000000000 0.0000000000 37.8091926575 140.4087066650 -0.8337986469
21.4313602448 7.4459986687 0.0000000000 0.0000000000 37.8048400879 138.5125427246 -0.8335720301
21.3536033630 7.4525108337 0.0000000000 0.0000000000 37.7931671143 136.4847717285 -0.8333055377
21.4649848938 7.4590005875 0.0000000000 0.0000000000 37.7804260254 134.5502166748 -0.8330514431
21.3188037872 7.4654927254 0.0000000000 0.0000000000 37.7725296021 133.7104797363 -0.8327783942
21.4762744904 7.4719562531 0.0000000000 0.0000000000 37.7591056824 132.9087982178 -0.8325510621
21.3096218109 7.4784336090 0.0000000000 0.0000000000 37.7493438721 132.9544219971 -0.8323143721
21.4611434937 7.4848766327 0.0000000000 0.0000000000 37.7430534363 132.7071990967 -0.8321272731
21.3182449341 7.4913315773 0.0000000000 0.0000000000 37.7260284424 132.6762542725 -0.8319171071
21.4342441559 7.4977612495 0.0000000000 0.0000000000 37.7327613831 131.6192321777 -0.8317261338
21.3358078003 7.5041961670 0.0000000000 0.0000000000 37.7027053833 129.3141021729 -0.8314928412
21.4065704346 7.5106182098 0.0000000000 0.0000000000 37.7255783081 126.9396667480 -0.8312509060
21.3509616852 7.5170302391 0.0000000000 0.0000000000 37.6790695190 124.3723907471 -0.8309550285
21.3858165741 7.5234346390 0.0000000000 0.0000000000 37.7232360840 122.4400558472 -0.8306267858
21.3512592316 7.5298190117 0.0000000000 0.0000000000 37.6576118469 119.0294265747 -0.8302270174
21.3821125031 7.5361919403 0.0000000000 0.0000000000 37.7245712280 116.4832611084 -0.8298032880
21.3271808624 7.5425338745 0.0000000000 0.0000000000 37.6406173706 112.5821075439 -0.8292666674
21.4027309418 7.5488734245 0.0000000000 0.0000000000 37.7272758484 110.6525955200 -0.8287370801
21.2778568268 7.5551834106 0.0000000000 0.0000000000 37.6273460388 107.4556884766 -0.8280845284
21.4349880219 7.5614857674 0.0000000000 0.0000000000 37.7185363770 107.3707580566 -0.8277081847
21.2300910950 7.5677733421 0.0000000000 0.0000000000 37.6076889038 106.5522537231 -0.8272805810
21.4515228271 7.5740447044 0.0000000000 0.0000000000 37.6786003113 111.9867706299 -0.8274560571
21.2184944153 7.5803170204 0.0000000000 0.0000000000 37.5806541443 115.2354888916 -0.8275857568
21.4333610535 7.5865793228 0.0000000000 0.0000000000 37.6163635254 129.4156951904 -0.8280770779
21.2505893707 7.5928535461 0.0000000000 0.0000000000 37.5743980408 133.8853607178 -0.8282988071
21.3899497986 7.5991134644 0.0000000000 0.0000000000 37.5689392090 132.7033996582 -0.8282856345
21.3040599823 7.6053972244 0.0000000000 0.0000000000 37.5798568726 127.5530700684 -0.8279868364
21.3335418701 7.6116285324 0.0000000000 0.0000000000 37.5385017395 128.4146881104 -0.8275496960
21.3566894531 7.6178951263 0.0000000000 0.0000000000 37.5757980347 137.0015869141 -0.8271352053
21.2671718597 7.6241650581 0.0000000000 0.0000000000 37.5117416382 139.1614227295 -0.8267782927
21.3954257965 7.6304602623 0.0000000000 0.0000000000 37.5382156372 161.9506530762 -0.8266550303
21.2226905823 7.6367754936 0.0000000000 0.0000000000 37.4819030762 156.3554229736 -0.8265599012
21.4084796906 7.6431021690 0.0000000000 0.0000000000 37.4856109619 180.4136199951 -0.8266025782
21.2213363647 7.6494626999 0.0000000000 0.0000000000 37.4607467651 162.0476684570 -0.8265604973
21.3854846954 7.6558012962 0.0000000000 0.0000000000 37.4524383545 172.2410583496 -0.8264916539
21.2463283539 7.6621775627 0.0000000000 0.0000000000 37.4579620361 158.4880065918 -0.8263383508
21.3407211304 7.6685433388 0.0000000000 0.0000000000 37.4393653870 163.9500732422 -0.8261451721
21.2837390900 7.6749362946 0.0000000000 0.0000000000 37.4642257690 167.3158111572 -0.8259294629
21.2937507629 7.6813206673 0.0000000000 0.0000000000 37.4307937622 161.9264068604 -0.8257126212
21.3278598785 7.6877131462 0.0000000000 0.0000000000 37.4584884644 179.2193450928 -0.8255010843
21.2433032990 7.6940984726 0.0000000000 0.0000000000 37.4162597656 162.5885925293 -0.8252812624
21.3637924194 7.7004799843 0.0000000000 0.0000000000 37.4332504272 187.8041381836 -0.8250926137
21.2000751495 7.7068605423 0.0000000000 0.0000000000 37.3964385986 163.5723876953 -0.8248758912
21.3762969971 7.7132258415 0.0000000000 0.0000000000 37.4031410217 187.2175140381 -0.8247264028
21.1803264618 7.7196049690 0.0000000000 0.0000000000 37.3776588440 161.6842956543 -0.8245490789
21.3682804108 7.7259607315 0.0000000000 0.0000000000 37.3788566589 174.3480682373 -0.8244484067
21.1956024170 7.7323331833 0.0000000000 0.0000000000 37.3646469116 155.9551086426 -0.8243235350
21.3437957764 7.7386846542 0.0000000000 0.0000000000 37.3636894226 157.8964996338 -0.8242352605
21.2327156067 7.7450466156 0.0000000000 0.0000000000 37.3561401367 151.0135192871 -0.8241251111
21.3075981140 7.7513909340 0.0000000000 0.0000000000 37.3528327942 150.3740234375 -0.8239889145
21.2687225342 7.7577376366 0.0000000000 0.0000000000 37.3452453613 151.9435119629 -0.8238278031
21.2679538727 7.7640752792 0.0000000000 0.0000000000 37.3372421265 150.8573303223 -0.8236457705
21.2962284088 7.7704029083 0.0000000000 0.0000000000 37.3259048462 150.3739318848 -0.8234470487
21.2341384888 7.7767252922 0.0000000000 0.0000000000 37.3127670288 147.0403747559 -0.8232359886
21.3154563904 7.7830333710 0.0000000000 0.0000000000 37.3001213074 145.5012359619 -0.8230268359
21.2114372253 7.7893137932 0.0000000000 0.0000000000 37.2842216492 144.5676727295 -0.8227649927
21.3200683594 7.7955694199 0.0000000000 0.0000000000 37.2752838135 142.2405090332 -0.8226115108
21.1994781494 7.8018298149 0.0000000000 0.0000000000 37.2594146729 139.5070495605 -0.8224000335
21.3149814606 7.8080725670 0.0000000000 0.0000000000 37.2586860657 139.0803375244 -0.8221974373
21.1978626251 7.8143210411 0.0000000000 0.0000000000 37.2376937866 136.0098876953 -0.8219593763
21.3099441528 7.8205523491 0.0000000000 0.0000000000 37.2534561157 137.6538391113 -0.8217142224
21.1967773438 7.8267836571 0.0000000000 0.0000000000 37.2196388245 132.4436492920 -0.8214132190
21.3060588837 7.8330044746 0.0000000000 0.0000000000 37.2583198547 133.9134826660 -0.8211142421
21.1854286194 7.8392200470 0.0000000000 0.0000000000 37.2051696777 128.2729949951 -0.8207300901
21.3054008484 7.8454275131 0.0000000000 0.0000000000 37.2662086487 130.2545623779 -0.8204123378
21.1643733978 7.8516068459 0.0000000000 0.0000000000 37.1907043457 127.7687149048 -0.8200185299
21.3051929474 7.8577871323 0.0000000000 0.0000000000 37.2601432800 133.2808227539 -0.8198299408
21.1426734924 7.8639616966 0.0000000000 0.0000000000 37.1699676514 133.9988708496 -0.8195741773
21.3051223755 7.8701362610 0.0000000000 0.0000000000 37.2307548523 145.2394409180 -0.8196032047
21.1326198578 7.8762893677 0.0000000000 0.0000000000 37.1453590393 148.9774932861 -0.8195450306
21.3007183075 7.8824338913 0.0000000000 0.0000000000 37.1845588684 167.8889312744 -0.8196281195
21.1439056396 7.8885951042 0.0000000000 0.0000000000 37.1272163391 166.1197357178 -0.8196141720
21.2814445496 7.8947544098 0.0000000000 0.0000000000 37.1446075439 169.1121520996 -0.8195982575
21.1698970795 7.9009361267 0.0000000000 0.0000000000 37.1187629700 163.6517639160 -0.8194993138
21.2423782349 7.9071207047 0.0000000000 0.0000000000 37.1116409302 146.7845611572 -0.8193497062
21.2012786865 7.9133276939 0.0000000000 0.0000000000 37.1111679077 149.8372192383 -0.8191490769
21.1968593597 7.9195451736 0.0000000000 0.0000000000 37.0801696777 141.2705535889 -0.8189176321
21.2316513062 7.9257812500 0.0000000000 0.0000000000 37.0974807739 140.3523101807 -0.8186756372
21.1568851471 7.9320297241 0.0000000000 0.0000000000 37.0510749817 145.5201721191 -0.8183884621
21.2561740875 7.9382824898 0.0000000000 0.0000000000 37.0870628357 140.7095031738 -0.8181110024
21.1251869202 7.9445486069 0.0000000000 0.0000000000 37.0289916992 149.1771087646 -0.8177864552
21.2691879272 7.9508109093 0.0000000000 0.0000000000 37.0904998779 144.4064941406 -0.8175012469
21.1029796600 7.9570827484 0.0000000000 0.0000000000 37.0147094727 153.6802673340 -0.8171583414
21.2755508423 7.9633479118 0.0000000000 0.0000000000 37.0986976624 150.5005035400 -0.8169270754
21.0917110443 7.9696168900 0.0000000000 0.0000000000 37.0040473938 159.3164367676 -0.8166256547
21.2767467499 7.9758744240 0.0000000000 0.0000000000 37.0957794189 164.3071746826 -0.8165033460
21.0895175934 7.9821348190 0.0000000000 0.0000000000 36.9916038513 172.1557464600 -0.8163104057
21.2609958649 7.9883837700 0.0000000000 0.0000000000 37.0752182007 195.9467620850 -0.8162969947
21.0995883942 7.9946331978 0.0000000000 0.0000000000 36.9760551453 194.8918304443 -0.8162164688
21.2325363159 8.0008668900 0.0000000000 0.0000000000 37.0378074646 237.6294250488 -0.8162124753
21.1232757568 8.0070981979 0.0000000000 0.0000000000 36.9596519470 208.1515960693 -0.8161503673
21.1997566223 8.0133209229 0.0000000000 0.0000000000 36.9984512329 245.5375366211 -0.8160831928
21.1545963287 8.0195407867 0.0000000000 0.0000000000 36.9461708069 201.9226684570 -0.8159705997
21.1644515991 8.0257644653 0.0000000000 0.0000000000 36.9632225037 218.2543182373 -0.8158356547
21.1799983978 8.0319852829 0.0000000000 0.0000000000 36.9366340637 196.5535888672 -0.8156794310
21.1331157684 8.0382156372 0.0000000000 0.0000000000 36.9372749329 199.1173095703 -0.8155051470
21.1976661682 8.0444421768 0.0000000000 0.0000000000 36.9323234558 194.9721527100 -0.8153210282
21.1146373749 8.0506811142 0.0000000000 0.0000000000 36.9147109985 191.2824554443 -0.8151275516
21.2046756744 8.0569124222 0.0000000000 0.0000000000 36.9310569763 194.0315856934 -0.8149355054
21.1027870178 8.0631523132 0.0000000000 0.0000000000 36.8926963806 185.5747985840 -0.8147326112
21.2032470703 8.0693826675 0.0000000000 0.0000000000 36.9323844910 190.1372070312 -0.8145357370
21.0966529846 8.0756177902 0.0000000000 0.0000000000 36.8737869263 180.7536773682 -0.8143125176
21.1969985962 8.0818338394 0.0000000000 0.0000000000 36.9396133423 183.3229064941 -0.8140969872
21.0928058624 8.0880489349 0.0000000000 0.0000000000 36.8582115173 175.0634765625 -0.8138378859
21.1904582977 8.0942344666 0.0000000000 0.0000000000 36.9529151917 177.9162750244 -0.8136021495
21.0880832672 8.1004037857 0.0000000000 0.0000000000 36.8421821594 172.0466003418 -0.8133076429
21.1855564117 8.1065683365 0.0000000000 0.0000000000 36.9573783875 185.7273864746 -0.8131026626
21.0822830200 8.1127243042 0.0000000000 0.0000000000 36.8244132996 186.6381988525 -0.8128724694
21.1842460632 8.1188774109 0.0000000000 0.0000000000 36.9401130676 215.2455749512 -0.8127731085
21.0757942200 8.1250267029 0.0000000000 0.0000000000 36.8065986633 214.3511199951 -0.8126578331
21.1787376404 8.1311721802 0.0000000000 0.0000000000 36.9032554626 246.2867126465 -0.8126616478
21.0735111237 8.1373147964 0.0000000000 0.0000000000 36.7947006226 228.9234161377 -0.8126384020
21.1662044525 8.1434555054 0.0000000000 0.0000000000 36.8611068726 253.6546020508 -0.8126493692
21.0811710358 8.1496000290 0.0000000000 0.0000000000 36.7901954651 223.4267120361 -0.8126126528
21.1499938965 8.1557435989 0.0000000000 0.0000000000 36.8254585266 235.8591003418 -0.8125692010
21.0952930450 8.1618947983 0.0000000000 0.0000000000 36.7921180725 207.4278717041 -0.8124722242
21.1303329468 8.1680459976 0.0000000000 0.0000000000 36.7968559265 207.2172088623 -0.8123571873
21.1057682037 8.1742019653 0.0000000000 0.0000000000 36.7930145264 189.7404785156 -0.8121920824
21.1134109497 8.1803598404 0.0000000000 0.0000000000 36.7677383423 182.6395721436 -0.8120287657
21.1127414703 8.1865272522 0.0000000000 0.0000000000 36.7860183716 176.0756378174 -0.8118429184
21.0985755920 8.1926975250 0.0000000000 0.0000000000 36.7398071289 166.9319610596 -0.8116619587
21.1207523346 8.1988735199 0.0000000000 0.0000000000 36.7792015076 166.9662628174 -0.8114588857
21.0789413452 8.2050447464 0.0000000000 0.0000000000 36.7184104919 156.6405639648 -0.8112491965
21.1303787231 8.2112159729 0.0000000000 0.0000000000 36.7748603821 160.7126922607 -0.8110302687
21.0545253754 8.2173786163 0.0000000000 0.0000000000 36.7033653259 150.1149444580 -0.8107835054
21.1478919983 8.2235374451 0.0000000000 0.0000000000 36.7701187134 157.5021820068 -0.8105303049
21.0228691101 8.2296867371 0.0000000000 0.0000000000 36.6901359558 147.2505645752 -0.8102310300
21.1756725311 8.2358245850 0.0000000000 0.0000000000 36.7576675415 162.2515258789 -0.8099846840
20.9837112427 8.2419614792 0.0000000000 0.0000000000 36.6742134094 153.7830505371 -0.8096500039
21.2044353485 8.2480783463 0.0000000000 0.0000000000 36.7311439514 180.2180633545 -0.8094894886
20.9463691711 8.2541999817 0.0000000000 0.0000000000 36.6541290283 172.9709625244 -0.8091924787
21.2172622681 8.2602920532 0.0000000000 0.0000000000 36.6930274963 209.5959167480 -0.8092033267
20.9355087280 8.2664022446 0.0000000000 0.0000000000 36.6330337524 198.5951995850 -0.8090662956
21.2037734985 8.2724781036 0.0000000000 0.0000000000 36.6510505676 234.9791412354 -0.8091853857
20.9588317871 8.2785730362 0.0000000000 0.0000000000 36.6129989624 212.1061401367 -0.8091853857
21.1644077301 8.2846441269 0.0000000000 0.0000000000 36.6127204895 231.8862304688 -0.8092665672
21.0056056976 8.2907323837 0.0000000000 0.0000000000 36.5946311951 195.9274291992 -0.8092649579
21.1091060638 8.2968053818 0.0000000000 0.0000000000 36.5835113525 200.4640655518 -0.8092113137
