#         rmsthk      stdthk       rmsvel       stdvel       rmsdiv       stddiv       rmsusurf       stdusurf
0.0000000000 0.0000000000 -20.4014396667 124.7089004517 0.0000000000 0.0000000000 0.0000000000 0.0000000000
0.0133877788 0.4252307713 -23.2589435577 120.2798995972 0.0000000000 0.0000000000 0.0000000000 0.0000000000
0.0301543120 0.8570140600 -24.9291553497 117.8551864624 0.0000000000 0.0000000000 0.0000000000 0.0000000000
0.0499970801 1.2863408327 -26.0440101624 116.3479156494 0.0000000000 0.0000000000 0.0000000000 0.0000000000
0.0723375231 1.7089662552 -26.8419895172 115.3612213135 0.0000000000 0.0000000000 0.0000000000 0.0000000000
0.0965855569 2.1229043007 -27.4016628265 114.7072448730 0.0000000000 0.0000000000 0.0000000000 0.0000000000
0.1224993169 2.5275716782 -27.7796554565 114.2666091919 0.0000000000 0.0000000000 0.0000000000 0.0000000000
0.1499646902 2.9232461452 -28.0469703674 113.9573745728 0.0000000000 0.0000000000 0.0000000000 0.0000000000
0.1787546426 3.3104605675 -28.2479686737 113.7335815430 0.0000000000 0.0000000000 0.0000000000 0.0000000000
0.2085442394 3.6898512840 -28.3894824982 113.5694961548 0.0000000000 0.0000000000 0.0000000000 0.0000000000
0.2391684949 4.0622477531 -28.4822387695 113.4489669800 0.0000000000 0.0000000000 0.0000000000 0.0000000000
0.2705307305 4.4284405708 -28.5431289673 113.3587570190 0.0000000000 0.0000000000 0.0000000000 0.0000000000
0.3024875522 4.7891569138 -28.5825023651 113.2890625000 0.0000000000 0.0000000000 0.0000000000 0.0000000000
0.3350243866 5.1450295448 -28.5977210999 113.2343215942 0.0000000000 0.0000000000 0.0000000000 0.0000000000
0.3681094944 5.4967246056 -28.5897197723 113.1903305054 0.0000000000 0.0000000000 0.0000000000 0.0000000000
0.4017239809 5.8447060585 -28.5611648560 113.1545715332 0.0000000000 0.0000000000 0.0000000000 0.0000000000
0.4359186888 6.1891736984 -28.5137653351 113.1254882812 0.0000000000 0.0000000000 0.0000000000 0.0000000000
0.4706945717 6.5302877426 -28.4474468231 113.1016921997 0.0000000000 0.0000000000 0.0000000000 0.0000000000
0.5060295463 6.8683042526 -28.3618030548 113.0822601318 0.0000000000 0.0000000000 0.0000000000 0.0000000000
0.5419024229 7.2033834457 -28.2564716339 113.0666580200 0.0000000000 0.0000000000 0.0000000000 0.0000000000
0.5783244967 7.5355987549 -28.1315612793 113.0540924072 0.0000000000 0.0000000000 0.0000000000 0.0000000000
0.6152106524 7.8652229309 -27.9881896973 113.0434341431 0.0000000000 0.0000000000 0.0000000000 0.0000000000
0.6525061727 8.1925153732 -27.8247451782 113.0353546143 0.0000000000 0.0000000000 0.0000000000 0.0000000000
0.6902135015 8.5175838470 -27.6392421722 113.0297775269 0.0000000000 0.0000000000 0.0000000000 0.0000000000
0.7283352613 8.8406476974 -27.4290199280 113.0272445679 0.0000000000 0.0000000000 0.0000000000 0.0000000000
0.7669127584 9.1619606018 -27.1936035156 113.0272140503 0.0000000000 0.0000000000 0.0000000000 0.0000000000
0.8059623241 9.4817304611 -26.9320163727 113.0300369263 0.0000000000 0.0000000000 0.0000000000 0.0000000000
0.8455052972 9.8001518250 -26.6447048187 113.0353469849 0.0000000000 0.0000000000 0.0000000000 0.0000000000
0.8855498433 10.1173725128 -26.3349380493 113.0415725708 0.0000000000 0.0000000000 0.0000000000 0.0000000000
0.9261131883 10.4335126877 -26.0004272461 113.0487899780 0.0000000000 0.0000000000 0.0000000000 0.0000000000
0.9672136307 10.7487449646 -25.6367397308 113.0573577881 0.0000000000 0.0000000000 0.0000000000 0.0000000000
1.0089269876 11.0631427765 -25.2392063141 113.0677490234 0.0000000000 0.0000000000 0.0000000000 0.0000000000
1.0513131618 11.3768281937 -24.7929592133 113.0819473267 0.0000000000 0.0000000000 0.0000000000 0.0000000000
1.0944362879 11.6898393631 -24.2686080933 113.1057662964 0.0000000000 0.0000000000 0.0000000000 0.0000000000
1.1383378506 12.0021858215 -23.6453342438 113.1444931030 0.0000000000 0.0000000000 0.0000000000 0.0000000000
1.1831140518 12.3137588501 -22.8999462128 113.2050476074 0.0000000000 0.0000000000 0.0000000000 0.0000000000
1.2288382053 12.6245040894 -22.0473213196 113.2844467163 0.0000000000 0.0000000000 0.0000000000 0.0000000000
1.2756565809 12.9342908859 -21.1187705994 113.3767318726 0.0000000000 0.0000000000 0.0000000000 0.0000000000
1.3236697912 13.2429618835 -20.1332588196 113.4794540405 0.0000000000 0.0000000000 0.0000000000 0.0000000000
1.3730175495 13.5502214432 -19.1116085052 113.5902709961 0.0000000000 0.0000000000 0.0000000000 0.0000000000
1.4237670898 13.8558216095 -18.0760097504 113.7059326172 0.0000000000 0.0000000000 0.0000000000 0.0000000000
1.4760298729 14.1594734192 -17.0563411713 113.8220901489 0.0000000000 0.0000000000 0.0000000000 0.0000000000
1.5298427343 14.4612426758 -16.0872268677 113.9338073730 0.0000000000 0.0000000000 0.0000000000 0.0000000000
1.5852602720 14.7613258362 -15.1941156387 114.0371551514 0.0000000000 0.0000000000 0.0000000000 0.0000000000
1.6423465014 15.0600137711 -14.3910961151 114.1301574707 0.0000000000 0.0000000000 0.0000000000 0.0000000000
1.7011406422 15.3576402664 -13.6802711487 114.2124404907 0.0000000000 0.0000000000 0.0000000000 0.0000000000
1.7616065741 15.6545648575 -13.0585994720 114.2841796875 0.0000000000 0.0000000000 0.0000000000 0.0000000000
1.8236845732 15.9510545731 -12.5162992477 114.3465499878 0.0000000000 0.0000000000 0.0000000000 0.0000000000
1.8872190714 16.2474269867 -12.0378046036 114.4012298584 0.0000000000 0.0000000000 0.0000000000 0.0000000000
1.9520850182 16.5438632965 -11.6008653641 114.4514236450 0.0000000000 0.0000000000 0.0000000000 0.0000000000
2.0181043148 16.8405075073 -11.1783733368 114.5008926392 0.0000000000 0.0000000000 0.0000000000 0.0000000000
2.0850548744 17.1373882294 -10.7415437698 114.5541610718 0.0000000000 0.0000000000 0.0000000000 0.0000000000
2.1527605057 17.4344501495 -10.2611370087 114.6155548096 0.0000000000 0.0000000000 0.0000000000 0.0000000000
2.2210166454 17.7317295074 -9.7051267624 114.6902313232 0.0000000000 0.0000000000 0.0000000000 0.0000000000
2.2897353172 18.0292663574 -9.0395231247 114.7845153809 0.0000000000 0.0000000000 0.0000000000 0.0000000000
2.3587973118 18.3271598816 -8.2275056839 114.9059600830 0.0000000000 0.0000000000 0.0000000000 0.0000000000
2.4280309677 18.6253795624 -7.2265987396 115.0643615723 0.0000000000 0.0000000000 0.0000000000 0.0000000000
2.4971711636 18.9238281250 -5.9890127182 115.2735824585 0.0000000000 0.0000000000 0.0000000000 0.0000000000
2.5661475658 19.2226619720 -4.4443693161 115.5562210083 0.0000000000 0.0000000000 0.0000000000 0.0000000000
2.6349253654 19.5220890045 -2.5474450588 115.9280700684 0.0000000000 0.0000000000 0.0000000000 0.0000000000
2.7035746574 19.8223609924 -0.2787385583 116.3991546631 0.0000000000 0.0000000000 0.0000000000 0.0000000000
2.7722325325 20.1241016388 2.3812923431 116.9827957153 0.0000000000 0.0000000000 0.0000000000 0.0000000000
2.8406696320 20.4275302887 5.4629707336 117.7008590698 0.0000000000 0.0000000000 0.0000000000 0.0000000000
2.9086024761 20.7325725555 9.0827722549 118.6078872681 0.0000000000 0.0000000000 0.0000000000 0.0000000000
2.9767024517 21.0396919250 13.3253145218 119.7519531250 0.0000000000 0.0000000000 0.0000000000 0.0000000000
3.0457990170 21.3490161896 18.0907039642 121.1256484985 0.0000000000 0.0000000000 0.0000000000 0.0000000000
3.1178283691 21.6610774994 23.4852924347 122.8097915649 0.0000000000 0.0000000000 0.0000000000 0.0000000000
3.1963906288 21.9776706696 29.3800106049 124.8194427490 0.0000000000 0.0000000000 0.0000000000 0.0000000000
3.2844851017 22.3003959656 35.7101135254 127.2438583374 0.0000000000 0.0000000000 0.0000000000 0.0000000000
3.3832654953 22.6306190491 42.4861564636 130.2433471680 0.0000000000 0.0000000000 0.0000000000 0.0000000000
3.4903550148 22.9694042206 49.9656677246 134.1681671143 0.0000000000 0.0000000000 0.0000000000 0.0000000000
3.6011085510 23.3140487671 58.7872810364 139.8136138916 0.0000000000 0.0000000000 0.0000000000 0.0000000000
3.7092702389 23.6638431549 69.7052001953 148.5633239746 0.0000000000 0.0000000000 0.0000000000 0.0000000000
3.8056237698 24.0188388824 81.1923294067 159.1239471436 0.0000000000 0.0000000000 0.0000000000 0.0000000000
3.8784496784 24.3754234314 89.2641220093 167.6194458008 0.0000000000 0.0000000000 0.0000000000 0.0000000000
3.9211862087 24.7276592255 90.6672134399 171.0006561279 0.0000000000 0.0000000000 0.0000000000 0.0000000000
3.9360630512 25.0745620728 83.0437774658 167.3969726562 0.0000000000 0.0000000000 0.0000000000 0.0000000000
3.9286696911 25.4184856415 66.8238677979 157.1866912842 0.0000000000 0.0000000000 0.0000000000 0.0000000000
3.9064767361 25.7601776123 45.9777526855 143.9512176514 0.0000000000 0.0000000000 0.0000000000 0.0000000000
3.8768615723 26.0978851318 26.4009723663 132.9061737061 0.0000000000 0.0000000000 0.0000000000 0.0000000000
3.8466868401 26.4288139343 10.0835132599 125.0604934692 0.0000000000 0.0000000000 0.0000000000 0.0000000000
3.8205182552 26.7497177124 -3.1296195984 119.7315902710 0.0000000000 0.0000000000 0.0000000000 0.0000000000
3.8000178337 27.0582733154 -13.7999219894 116.1735687256 0.0000000000 0.0000000000 0.0000000000 0.0000000000
3.7854621410 27.3526744843 -21.1636466980 114.2825546265 0.0000000000 0.0000000000 0.0000000000 0.0000000000
3.7761919498 27.6320247650 -26.1218585968 113.2863082886 0.0000000000 0.0000000000 0.0000000000 0.0000000000
3.7713782787 27.8962478638 -28.5713596344 112.9722137451 0.0000000000 0.0000000000 0.0000000000 0.0000000000
3.7705996037 28.1461429596 -30.2814712524 112.7569503784 0.0000000000 0.0000000000 0.0000000000 0.0000000000
3.7736227512 28.3830642700 -31.3753089905 112.6391754150 0.0000000000 0.0000000000 0.0000000000 0.0000000000
3.7799763680 28.6080398560 -31.6511020660 112.6657180786 0.0000000000 0.0000000000 0.0000000000 0.0000000000
3.7891848087 28.8221912384 -31.6603126526 112.7220458984 0.0000000000 0.0000000000 0.0000000000 0.0000000000
3.8009803295 29.0267391205 -31.6527538300 112.7654113770 0.0000000000 0.0000000000 0.0000000000 0.0000000000
3.8151113987 29.2228622437 -31.7002620697 112.7887649536 0.0000000000 0.0000000000 0.0000000000 0.0000000000
3.8313195705 29.4115200043 -31.7721462250 112.8024902344 0.0000000000 0.0000000000 0.0000000000 0.0000000000
3.8493428230 29.5935688019 -31.8534946442 112.8114776611 0.0000000000 0.0000000000 0.0000000000 0.0000000000
3.8689374924 29.7698402405 -31.9414348602 112.8176727295 0.0000000000 0.0000000000 0.0000000000 0.0000000000
3.8899059296 29.9410858154 -32.0408859253 112.8207778931 0.0000000000 0.0000000000 0.0000000000 0.0000000000
3.9121043682 30.1080150604 -32.1496620178 112.8214035034 0.0000000000 0.0000000000 0.0000000000 0.0000000000
3.9353625774 30.2711639404 -32.2655067444 112.8199615479 0.0000000000 0.0000000000 0.0000000000 0.0000000000
3.9595465660 30.4309654236 -32.3863906860 112.8166275024 0.0000000000 0.0000000000 0.0000000000 0.0000000000
3.9845373631 30.5878295898 -32.5099868774 112.8118133545 0.0000000000 0.0000000000 0.0000000000 0.0000000000
