#         COST_U        COST_H      COST_D       COST_S       REGU_H       REGU_S          HPO           COSTGLEN 
100.2356491089 0.0000000000 0.0000000000 0.0000000000 59.7493324280 0.0000000000 0.2707986832
100.0228118896 0.0005614794 0.0000000000 0.0000000000 58.8313102722 879.0871582031 0.1962981522
100.0963516235 0.0023792065 0.0000000000 0.0000000000 56.5072174072 41376.5039062500 0.1471937895
100.0613861084 0.0054933373 0.0000000000 0.0000000000 54.3790321350 36510.0859375000 0.1065490022
99.9280624390 0.0098397806 0.0000000000 0.0000000000 52.2363700867 25367.9140625000 0.0692226514
99.7537307739 0.0152720306 0.0000000000 0.0000000000 50.1945610046 15375.7568359375 0.0296853408
99.5291976929 0.0215179063 0.0000000000 0.0000000000 48.6780319214 17147.5214843750 -0.0055376366
99.2357177734 0.0283121150 0.0000000000 0.0000000000 47.6751136780 21027.5000000000 -0.0371548161
98.8703613281 0.0355431624 0.0000000000 0.0000000000 47.0288314819 19200.6250000000 -0.0664171502
98.4293289185 0.0431939587 0.0000000000 0.0000000000 46.7113075256 15807.8339843750 -0.0938744992
97.9182357788 0.0512852073 0.0000000000 0.0000000000 46.6068382263 14060.5478515625 -0.1202461571
97.3541564941 0.0598472506 0.0000000000 0.0000000000 46.6501274109 13060.8378906250 -0.1451678872
96.7587890625 0.0689049736 0.0000000000 0.0000000000 46.8037185669 11733.0429687500 -0.1696701497
96.1509399414 0.0784739405 0.0000000000 0.0000000000 47.0540122986 10253.2539062500 -0.1963139772
95.5222625732 0.0885586217 0.0000000000 0.0000000000 47.4062080383 9165.4179687500 -0.2265017033
94.8630371094 0.0991559625 0.0000000000 0.0000000000 47.8278465271 8492.8613281250 -0.2597836256
94.2166519165 0.1102605984 0.0000000000 0.0000000000 48.2564125061 7815.7358398438 -0.2938412428
93.5944442749 0.1218733415 0.0000000000 0.0000000000 48.6277656555 7036.3388671875 -0.3259841204
93.1394577026 0.1340080798 0.0000000000 0.0000000000 49.0021400452 6365.5004882812 -0.3521468043
92.9061126709 0.1466866136 0.0000000000 0.0000000000 49.4493026733 5819.4033203125 -0.3713873923
92.8325500488 0.1599296927 0.0000000000 0.0000000000 49.9128723145 5290.6132812500 -0.3893306851
92.8175277710 0.1737534702 0.0000000000 0.0000000000 50.2718391418 4726.6005859375 -0.4041227698
92.6769027710 0.1881675124 0.0000000000 0.0000000000 50.4853591919 4208.7988281250 -0.4183771312
92.2387390137 0.2031676322 0.0000000000 0.0000000000 50.5637016296 3809.2475585938 -0.4326273501
91.4869766235 0.2187393606 0.0000000000 0.0000000000 50.5068588257 3480.5996093750 -0.4520856142
90.5002746582 0.2348616123 0.0000000000 0.0000000000 50.3323631287 3164.3037109375 -0.4773992896
89.3709716797 0.2515048981 0.0000000000 0.0000000000 50.0284652710 2853.1767578125 -0.5054497719
88.1874618530 0.2686375976 0.0000000000 0.0000000000 49.6361846924 2557.0178222656 -0.5317922235
86.9931488037 0.2862255871 0.0000000000 0.0000000000 49.1922798157 2294.8212890625 -0.5525671244
85.8126068115 0.3042332232 0.0000000000 0.0000000000 48.7227516174 2074.3984375000 -0.5657767057
84.6764755249 0.3226248622 0.0000000000 0.0000000000 48.2352638245 1883.1535644531 -0.5792012811
83.6089401245 0.3413652182 0.0000000000 0.0000000000 47.7319908142 1706.5073242188 -0.5951448679
82.6210479736 0.3604190350 0.0000000000 0.0000000000 47.2178840637 1544.9145507812 -0.6110720634
81.7114334106 0.3797494471 0.0000000000 0.0000000000 46.7026863098 1401.8586425781 -0.6231858134
80.8534088135 0.3993228376 0.0000000000 0.0000000000 46.1949424744 1271.3137207031 -0.6317419410
80.0180664062 0.4191060960 0.0000000000 0.0000000000 45.7005424500 1149.4134521484 -0.6380558014
79.1974029541 0.4390728474 0.0000000000 0.0000000000 45.2199592590 1036.9570312500 -0.6428928375
78.3855972290 0.4591977000 0.0000000000 0.0000000000 44.7497367859 940.5493164062 -0.6471266747
77.5802688599 0.4794597626 0.0000000000 0.0000000000 44.2869071960 857.1057739258 -0.6514076591
76.7872390747 0.4998404086 0.0000000000 0.0000000000 43.8244972229 775.9401855469 -0.6558501720
76.0163726807 0.5203227997 0.0000000000 0.0000000000 43.3588333130 697.8267211914 -0.6601016521
75.2929916382 0.5408905745 0.0000000000 0.0000000000 42.8881187439 631.4378051758 -0.6638632417
74.6512985229 0.5615284443 0.0000000000 0.0000000000 42.4132766724 577.4307861328 -0.6672871709
74.1223144531 0.5822216272 0.0000000000 0.0000000000 41.9370422363 523.7880249023 -0.6708225012
73.7216415405 0.6029576063 0.0000000000 0.0000000000 41.4630012512 468.5694580078 -0.6743042469
73.4421157837 0.6237232089 0.0000000000 0.0000000000 40.9947929382 422.6470642090 -0.6775192022
73.2639083862 0.6445061564 0.0000000000 0.0000000000 40.5359992981 384.7815856934 -0.6805350184
73.1635284424 0.6652938128 0.0000000000 0.0000000000 40.0890312195 349.7180480957 -0.6835545897
73.1263732910 0.6860784888 0.0000000000 0.0000000000 39.6546745300 316.7898559570 -0.6869375706
73.1500244141 0.7068523765 0.0000000000 0.0000000000 39.2319526672 285.5978393555 -0.6909345984
73.2437820435 0.7276097536 0.0000000000 0.0000000000 38.8186950684 258.3318481445 -0.6952586174
73.4177398682 0.7483448386 0.0000000000 0.0000000000 38.4113502502 234.6047515869 -0.6992294788
73.6722030640 0.7690507770 0.0000000000 0.0000000000 38.0067596436 212.3770141602 -0.7026470304
73.9924240112 0.7897185087 0.0000000000 0.0000000000 37.6024856567 192.2312622070 -0.7061336637
74.3518371582 0.8103437424 0.0000000000 0.0000000000 37.1973037720 174.3668518066 -0.7097536325
74.7233352661 0.8309208751 0.0000000000 0.0000000000 36.7920227051 157.5104980469 -0.7133239508
75.0930175781 0.8514436483 0.0000000000 0.0000000000 36.3879508972 141.6958007812 -0.7167174220
75.4570312500 0.8719062805 0.0000000000 0.0000000000 35.9870872498 128.1167144775 -0.7198099494
75.8061981201 0.8923028708 0.0000000000 0.0000000000 35.5930442810 116.1766662598 -0.7227291465
76.1237106323 0.9126279950 0.0000000000 0.0000000000 35.2093505859 104.8833465576 -0.7253491282
76.3932952881 0.9328793287 0.0000000000 0.0000000000 34.8400802612 94.5521392822 -0.7277055383
76.6014251709 0.9530512691 0.0000000000 0.0000000000 34.4870605469 85.6320343018 -0.7302862406
76.7463760376 0.9731495380 0.0000000000 0.0000000000 34.1500167847 77.7694702148 -0.7330445051
76.8361511230 0.9931728244 0.0000000000 0.0000000000 33.8273773193 70.7395477295 -0.7356268764
76.8787078857 1.0131272078 0.0000000000 0.0000000000 33.5158920288 64.0930023193 -0.7380647063
76.8776702881 1.0330158472 0.0000000000 0.0000000000 33.2131843567 57.6701736450 -0.7402889729
76.8322982788 1.0528398752 0.0000000000 0.0000000000 32.9171600342 52.2413673401 -0.7423940301
76.7472381592 1.0725989342 0.0000000000 0.0000000000 32.6260452271 47.5518188477 -0.7443621755
76.6368865967 1.0922919512 0.0000000000 0.0000000000 32.3386077881 43.0010719299 -0.7462391257
76.5143203735 1.1119179726 0.0000000000 0.0000000000 32.0553245544 38.9655990601 -0.7481997609
76.3870010376 1.1314750910 0.0000000000 0.0000000000 31.7781009674 35.2274780273 -0.7500249147
76.2622222900 1.1509615183 0.0000000000 0.0000000000 31.5080661774 31.6958007812 -0.7517504692
76.1477966309 1.1703743935 0.0000000000 0.0000000000 31.2456073761 28.7403373718 -0.7534055114
76.0484771729 1.1897104979 0.0000000000 0.0000000000 30.9911994934 26.1544532776 -0.7551800609
75.9665222168 1.2089653015 0.0000000000 0.0000000000 30.7445831299 23.7915668488 -0.7569880486
75.9028854370 1.2281377316 0.0000000000 0.0000000000 30.5048732758 21.5353145599 -0.7588084340
75.8585968018 1.2472248077 0.0000000000 0.0000000000 30.2704963684 19.4509811401 -0.7606229782
75.8317489624 1.2662298679 0.0000000000 0.0000000000 30.0391159058 17.7109394073 -0.7624710202
75.8143692017 1.2851544619 0.0000000000 0.0000000000 29.8091392517 16.1738948822 -0.7642676234
75.7973098755 1.3039989471 0.0000000000 0.0000000000 29.5793991089 14.7124099731 -0.7660230398
75.7741394043 1.3227626085 0.0000000000 0.0000000000 29.3494091034 13.2776422501 -0.7677960992
75.7429428101 1.3414430618 0.0000000000 0.0000000000 29.1199893951 12.0338926315 -0.7695375085
75.7005996704 1.3600391150 0.0000000000 0.0000000000 28.8924140930 11.0892162323 -0.7712233067
75.6442642212 1.3785469532 0.0000000000 0.0000000000 28.6683235168 10.0903291702 -0.7728580236
75.5718078613 1.3969644308 0.0000000000 0.0000000000 28.4479827881 9.0968189240 -0.7744956017
75.4845046997 1.4152896404 0.0000000000 0.0000000000 28.2319049835 8.3395786285 -0.7760838270
75.3849258423 1.4335201979 0.0000000000 0.0000000000 28.0202636719 7.6408252716 -0.7776376605
75.2765960693 1.4516541958 0.0000000000 0.0000000000 27.8125000000 6.9272518158 -0.7791569829
75.1635437012 1.4696918726 0.0000000000 0.0000000000 27.6078739166 6.3092260361 -0.7806381583
75.0514984131 1.4876334667 0.0000000000 0.0000000000 27.4054832458 5.8296532631 -0.7821069956
74.9456710815 1.5054805279 0.0000000000 0.0000000000 27.2057991028 5.4048871994 -0.7836139202
74.8484420776 1.5232369900 0.0000000000 0.0000000000 27.0090370178 4.9513931274 -0.7851353288
74.7608489990 1.5409061909 0.0000000000 0.0000000000 26.8151226044 4.5470395088 -0.7866746187
74.6845779419 1.5584912300 0.0000000000 0.0000000000 26.6242542267 4.1978874207 -0.7882105112
74.6198120117 1.5759967566 0.0000000000 0.0000000000 26.4376716614 3.8473248482 -0.7897227407
74.5652160645 1.5934286118 0.0000000000 0.0000000000 26.2554855347 3.5349073410 -0.7912002206
74.5172042847 1.6107909679 0.0000000000 0.0000000000 26.0774192810 3.2918779850 -0.7926626801
74.4746551514 1.6280890703 0.0000000000 0.0000000000 25.9039897919 3.1090464592 -0.7940900326
74.4354171753 1.6453208923 0.0000000000 0.0000000000 25.7333869934 2.9693658352 -0.7954743505
74.3954238892 1.6624958515 0.0000000000 0.0000000000 25.5628948212 2.8596978188 -0.7968375683
74.3532485962 1.6796160936 0.0000000000 0.0000000000 25.3907203674 2.7336792946 -0.7981818318
74.3084106445 1.6966828108 0.0000000000 0.0000000000 25.2143039703 2.5472841263 -0.7995206714
74.2611160278 1.7136962414 0.0000000000 0.0000000000 25.0328578949 2.3781177998 -0.8008617163
74.2123413086 1.7306536436 0.0000000000 0.0000000000 24.8446350098 2.2801697254 -0.8022007346
74.1642761230 1.7475541830 0.0000000000 0.0000000000 24.6494445801 2.1722114086 -0.8035295606
74.1187057495 1.7643952370 0.0000000000 0.0000000000 24.4464321136 2.1122078896 -0.8048486114
74.0777206421 1.7811721563 0.0000000000 0.0000000000 24.2335605621 2.1205389500 -0.8061490655
74.0428085327 1.7978812456 0.0000000000 0.0000000000 24.0101947784 1.9599043131 -0.8074257970
74.0139389038 1.8145188093 0.0000000000 0.0000000000 23.7777404785 1.7007721663 -0.8086836338
73.9889907837 1.8310807943 0.0000000000 0.0000000000 23.5387573242 1.6313256025 -0.8099352717
73.9658966064 1.8475662470 0.0000000000 0.0000000000 23.2985134125 1.6721246243 -0.8111991286
73.9420623779 1.8639744520 0.0000000000 0.0000000000 23.0636119843 1.6473083496 -0.8124836683
73.9125518799 1.8803049326 0.0000000000 0.0000000000 22.8343181610 1.6224557161 -0.8137775064
73.8735198975 1.8965585232 0.0000000000 0.0000000000 22.6133270264 1.6747249365 -0.8150810003
73.8226699829 1.9127361774 0.0000000000 0.0000000000 22.4017219543 1.7501941919 -0.8163979650
73.7577362061 1.9288394451 0.0000000000 0.0000000000 22.2000484467 1.7361493111 -0.8177247047
73.6789703369 1.9448691607 0.0000000000 0.0000000000 22.0084552765 1.6792041063 -0.8190611601
73.5891799927 1.9608244896 0.0000000000 0.0000000000 21.8264904022 1.7793915272 -0.8204038739
73.4925537109 1.9767091274 0.0000000000 0.0000000000 21.6534652710 1.9420853853 -0.8217576742
73.3947219849 1.9925222397 0.0000000000 0.0000000000 21.4916667938 1.9872584343 -0.8231210113
73.3002624512 2.0082650185 0.0000000000 0.0000000000 21.3404388428 1.9912679195 -0.8244976997
73.2140045166 2.0239379406 0.0000000000 0.0000000000 21.2008190155 1.9583266973 -0.8258821964
73.1384429932 2.0395405293 0.0000000000 0.0000000000 21.0710468292 1.8972618580 -0.8272668719
73.0735855103 2.0550718307 0.0000000000 0.0000000000 20.9480438232 2.0121421814 -0.8286464214
73.0165863037 2.0705323219 0.0000000000 0.0000000000 20.8294048309 2.1768214703 -0.8300185800
72.9636459351 2.0859227180 0.0000000000 0.0000000000 20.7136192322 2.1460058689 -0.8313812613
72.9124374390 2.1012434959 0.0000000000 0.0000000000 20.6020431519 2.0347909927 -0.8327386379
72.8585510254 2.1164970398 0.0000000000 0.0000000000 20.4928836823 1.9294739962 -0.8340886831
72.8006362915 2.1316859722 0.0000000000 0.0000000000 20.3865127563 1.8372117281 -0.8354228139
72.7325744629 2.1468102932 0.0000000000 0.0000000000 20.2824268341 2.0588281155 -0.8367134333
72.6587142944 2.1618733406 0.0000000000 0.0000000000 20.1817836761 2.5665359497 -0.8379554749
72.5746383667 2.1768772602 0.0000000000 0.0000000000 20.0830383301 2.6111423969 -0.8391870856
72.4950866699 2.1918234825 0.0000000000 0.0000000000 19.9841651917 1.9947654009 -0.8406338692
72.4169311523 2.2067141533 0.0000000000 0.0000000000 19.8848628998 2.1788561344 -0.8421285748
72.3560791016 2.2215490341 0.0000000000 0.0000000000 19.7834739685 2.5751791000 -0.8435162902
72.3150405884 2.2363288403 0.0000000000 0.0000000000 19.6800804138 2.1519603729 -0.8448104858
72.2897567749 2.2510504723 0.0000000000 0.0000000000 19.5752563477 1.9496554136 -0.8460309505
72.2822723389 2.2657117844 0.0000000000 0.0000000000 19.4702320099 2.0715992451 -0.8473352790
72.2778625488 2.2803127766 0.0000000000 0.0000000000 19.3650436401 2.1370935440 -0.8488248587
72.2782135010 2.2948553562 0.0000000000 0.0000000000 19.2626399994 2.3915975094 -0.8502599001
72.2723999023 2.3093411922 0.0000000000 0.0000000000 19.1640281677 2.4146242142 -0.8515740633
72.2530517578 2.3237700462 0.0000000000 0.0000000000 19.0691680908 2.4298717976 -0.8528013825
72.2194595337 2.3381447792 0.0000000000 0.0000000000 18.9757137299 2.4766170979 -0.8540428877
72.1607437134 2.3524634838 0.0000000000 0.0000000000 18.8812561035 2.6145236492 -0.8554758430
72.0933609009 2.3667268753 0.0000000000 0.0000000000 18.7868251801 2.7307517529 -0.8569017649
72.0231628418 2.3809330463 0.0000000000 0.0000000000 18.6944923401 2.4358000755 -0.8582677245
71.9601745605 2.3950817585 0.0000000000 0.0000000000 18.6052265167 2.2831761837 -0.8595890403
71.9131393433 2.4091725349 0.0000000000 0.0000000000 18.5190963745 2.5567183495 -0.8609033227
71.8793563843 2.4232065678 0.0000000000 0.0000000000 18.4359512329 2.8251218796 -0.8622847199
71.8702621460 2.4371855259 0.0000000000 0.0000000000 18.3515357971 2.9649994373 -0.8637057543
71.8745346069 2.4511113167 0.0000000000 0.0000000000 18.2651195526 3.2105967999 -0.8651532531
71.8944625854 2.4649856091 0.0000000000 0.0000000000 18.1767616272 3.7060666084 -0.8666045666
71.9189682007 2.4788088799 0.0000000000 0.0000000000 18.0882835388 4.3320436478 -0.8680514693
71.9462585449 2.4925861359 0.0000000000 0.0000000000 18.0016365051 4.7284679413 -0.8694905639
71.9706039429 2.5063159466 0.0000000000 0.0000000000 17.9165973663 4.6751050949 -0.8709170818
71.9901351929 2.5199992657 0.0000000000 0.0000000000 17.8324337006 4.3305096626 -0.8723413348
72.0092620850 2.5336346626 0.0000000000 0.0000000000 17.7482757568 4.0877194405 -0.8737511039
72.0283050537 2.5472216606 0.0000000000 0.0000000000 17.6628265381 3.8915028572 -0.8751322627
72.0589828491 2.5607604980 0.0000000000 0.0000000000 17.5768203735 3.6989996433 -0.8764531612
72.0909957886 2.5742430687 0.0000000000 0.0000000000 17.4908046722 3.5244700909 -0.8777621388
72.1374664307 2.5876760483 0.0000000000 0.0000000000 17.4056053162 3.5335223675 -0.8792963028
72.1808547974 2.6010589600 0.0000000000 0.0000000000 17.3196125031 3.8770356178 -0.8809242845
72.2305831909 2.6143853664 0.0000000000 0.0000000000 17.2335071564 4.1508173943 -0.8825083375
72.2748260498 2.6276602745 0.0000000000 0.0000000000 17.1472110748 4.3155646324 -0.8840489984
72.3159637451 2.6408829689 0.0000000000 0.0000000000 17.0600128174 4.5966739655 -0.8855723143
72.3537063599 2.6540496349 0.0000000000 0.0000000000 16.9731788635 4.7641024590 -0.8870835304
72.3888397217 2.6671571732 0.0000000000 0.0000000000 16.8861064911 4.6367182732 -0.8885683417
72.4332122803 2.6802020073 0.0000000000 0.0000000000 16.7992210388 4.4582180977 -0.8900164366
72.4769744873 2.6931865215 0.0000000000 0.0000000000 16.7126808167 4.5281934738 -0.8914526701
72.5358047485 2.7061085701 0.0000000000 0.0000000000 16.6271457672 4.7868943214 -0.8930089474
72.5914916992 2.7189652920 0.0000000000 0.0000000000 16.5420570374 4.9931735992 -0.8946073055
72.6577301025 2.7317581177 0.0000000000 0.0000000000 16.4579448700 5.2661905289 -0.8961616158
72.7231140137 2.7444846630 0.0000000000 0.0000000000 16.3751525879 5.9346327782 -0.8976522088
72.7910156250 2.7571475506 0.0000000000 0.0000000000 16.2934017181 6.8162765503 -0.8990973830
72.8644943237 2.7697467804 0.0000000000 0.0000000000 16.2132816315 6.8400363922 -0.9005163908
72.9341506958 2.7822828293 0.0000000000 0.0000000000 16.1364383698 6.6473093033 -0.9019131064
73.0057983398 2.7947597504 0.0000000000 0.0000000000 16.0622367859 6.9124608040 -0.9033064246
73.0575485229 2.8071768284 0.0000000000 0.0000000000 15.9931411743 6.9656405449 -0.9047169089
73.1044616699 2.8195405006 0.0000000000 0.0000000000 15.9259653091 7.4733805656 -0.9061700702
73.1319427490 2.8318479061 0.0000000000 0.0000000000 15.8630561829 7.1659832001 -0.9076287150
73.1588973999 2.8441164494 0.0000000000 0.0000000000 15.7997322083 6.6903767586 -0.9090816379
73.1826934814 2.8563535213 0.0000000000 0.0000000000 15.7367353439 6.6177439690 -0.9105058312
73.2114334106 2.8685655594 0.0000000000 0.0000000000 15.6725521088 6.5576243401 -0.9119086266
73.2426376343 2.8807535172 0.0000000000 0.0000000000 15.6082382202 6.7913289070 -0.9132902622
73.2688446045 2.8929226398 0.0000000000 0.0000000000 15.5458879471 7.1090879440 -0.9146603942
73.2934417725 2.9050741196 0.0000000000 0.0000000000 15.4843683243 7.0514240265 -0.9160215259
73.3046340942 2.9172105789 0.0000000000 0.0000000000 15.4254293442 6.6247844696 -0.9173693061
73.3160324097 2.9293301105 0.0000000000 0.0000000000 15.3656978607 6.8082447052 -0.9187248349
73.3207778931 2.9414298534 0.0000000000 0.0000000000 15.3082075119 7.6525564194 -0.9200697541
73.3312835693 2.9535121918 0.0000000000 0.0000000000 15.2504243851 8.3125886917 -0.9214091301
73.3390197754 2.9655797482 0.0000000000 0.0000000000 15.1949920654 8.0315351486 -0.9227248430
73.3507919312 2.9776370525 0.0000000000 0.0000000000 15.1399660110 7.6688284874 -0.9240183830
73.3618316650 2.9896845818 0.0000000000 0.0000000000 15.0861892700 8.4962768555 -0.9252927899
73.3723602295 3.0017137527 0.0000000000 0.0000000000 15.0346584320 9.8947982788 -0.9265498519
73.3893508911 3.0137395859 0.0000000000 0.0000000000 14.9854469299 10.4143972397 -0.9277927279
73.4081497192 3.0257630348 0.0000000000 0.0000000000 14.9391241074 10.0813951492 -0.9290230870
73.4413070679 3.0377843380 0.0000000000 0.0000000000 14.8902797699 9.9312486649 -0.9302429557
73.4765014648 3.0498001575 0.0000000000 0.0000000000 14.8413600922 9.8839473724 -0.9314560890
73.5218505859 3.0618081093 0.0000000000 0.0000000000 14.7904577255 9.7195510864 -0.9326680303
73.5562820435 3.0738062859 0.0000000000 0.0000000000 14.7427253723 9.8895864487 -0.9338757992
73.5918045044 3.0857946873 0.0000000000 0.0000000000 14.6934556961 10.7409582138 -0.9350819588
73.6119461060 3.0977749825 0.0000000000 0.0000000000 14.6443691254 11.5033922195 -0.9362842441
73.6286926270 3.1097490788 0.0000000000 0.0000000000 14.5915241241 11.4021406174 -0.9374883175
73.6295700073 3.1217133999 0.0000000000 0.0000000000 14.5406856537 10.7397518158 -0.9386806488
73.6308898926 3.1336715221 0.0000000000 0.0000000000 14.4890480042 10.2179536819 -0.9398775101
73.6212234497 3.1456267834 0.0000000000 0.0000000000 14.4404354095 10.3129587173 -0.9410626292
73.6305160522 3.1575803757 0.0000000000 0.0000000000 14.3881359100 10.7425174713 -0.9422523975
73.6392517090 3.1695325375 0.0000000000 0.0000000000 14.3371543884 11.1298236847 -0.9434286952
73.6686859131 3.1814849377 0.0000000000 0.0000000000 14.2827777863 11.5968379974 -0.9446117878
73.6799468994 3.1934368610 0.0000000000 0.0000000000 14.2333621979 12.1757249832 -0.9457747936
73.7042922974 3.2053773403 0.0000000000 0.0000000000 14.1813182831 12.4681758881 -0.9469516277
73.6929626465 3.2173156738 0.0000000000 0.0000000000 14.1386880875 12.6430759430 -0.9481155276
73.6974487305 3.2292535305 0.0000000000 0.0000000000 14.0928335190 13.2027578354 -0.9493377209
73.6724243164 3.2411894798 0.0000000000 0.0000000000 14.0546360016 13.7964906693 -0.9505541325
73.6760330200 3.2531268597 0.0000000000 0.0000000000 14.0115861893 13.9044666290 -0.9517979026
73.6629028320 3.2650585175 0.0000000000 0.0000000000 13.9734296799 13.7167224884 -0.9530289173
73.6635360718 3.2769834995 0.0000000000 0.0000000000 13.9350643158 13.7280673981 -0.9542637467
73.6390762329 3.2888979912 0.0000000000 0.0000000000 13.9020080566 14.1705560684 -0.9554922581
73.6241226196 3.3008029461 0.0000000000 0.0000000000 13.8691978455 14.9634094238 -0.9567255974
73.5953140259 3.3126928806 0.0000000000 0.0000000000 13.8404979706 15.4166660309 -0.9579533935
73.5838012695 3.3245639801 0.0000000000 0.0000000000 13.8123579025 15.5555839539 -0.9591809511
73.5519180298 3.3364145756 0.0000000000 0.0000000000 13.7885122299 16.6565551758 -0.9603952169
73.5395965576 3.3482403755 0.0000000000 0.0000000000 13.7649335861 18.7289829254 -0.9616097808
73.4940109253 3.3600387573 0.0000000000 0.0000000000 13.7437562943 19.7019538879 -0.9627959728
73.4902648926 3.3718044758 0.0000000000 0.0000000000 13.7197599411 18.9266204834 -0.9640513062
73.4413375854 3.3835237026 0.0000000000 0.0000000000 13.6980066299 18.4222736359 -0.9653177857
73.4307479858 3.3951961994 0.0000000000 0.0000000000 13.6741399765 19.2585525513 -0.9666529298
73.3865737915 3.4068138599 0.0000000000 0.0000000000 13.6511259079 19.5658130646 -0.9679527283
73.3818588257 3.4183766842 0.0000000000 0.0000000000 13.6285638809 18.5047531128 -0.9692500830
73.3617477417 3.4298834801 0.0000000000 0.0000000000 13.6094598770 17.6357078552 -0.9705257416
73.3481979370 3.4413361549 0.0000000000 0.0000000000 13.5941896439 17.9596061707 -0.9717943668
73.3208084106 3.4527351856 0.0000000000 0.0000000000 13.5841598511 18.6929626465 -0.9730597138
73.3015823364 3.4640791416 0.0000000000 0.0000000000 13.5835990906 18.8491230011 -0.9743220806
73.2813796997 3.4753658772 0.0000000000 0.0000000000 13.5911216736 18.6816730499 -0.9755801558
73.2666473389 3.4866006374 0.0000000000 0.0000000000 13.6003780365 18.9713611603 -0.9768257737
73.2432632446 3.4977877140 0.0000000000 0.0000000000 13.6007852554 19.0002250671 -0.9780771136
73.2251434326 3.5089297295 0.0000000000 0.0000000000 13.5943832397 18.0460662842 -0.9793262482
73.2017669678 3.5200262070 0.0000000000 0.0000000000 13.5828323364 17.5616493225 -0.9805780053
73.1945190430 3.5310704708 0.0000000000 0.0000000000 13.5658884048 18.4913177490 -0.9818258286
73.1671905518 3.5420594215 0.0000000000 0.0000000000 13.5478181839 20.0096454620 -0.9830549359
73.1692886353 3.5529975891 0.0000000000 0.0000000000 13.5318002701 21.1398220062 -0.9842591882
73.1213226318 3.5638847351 0.0000000000 0.0000000000 13.5162820816 21.4837055206 -0.9854031205
73.1370239258 3.5747263432 0.0000000000 0.0000000000 13.5079336166 21.8056869507 -0.9865605831
73.0671081543 3.5855135918 0.0000000000 0.0000000000 13.4892435074 22.7536220551 -0.9876877666
73.1050186157 3.5962493420 0.0000000000 0.0000000000 13.4840011597 23.5273265839 -0.9889692664
73.0580902100 3.6069254875 0.0000000000 0.0000000000 13.4671907425 23.2299327850 -0.9902255535
73.0987243652 3.6175513268 0.0000000000 0.0000000000 13.4546880722 22.5209178925 -0.9914476275
73.0944519043 3.6281201839 0.0000000000 0.0000000000 13.4261951447 22.7381229401 -0.9926185012
73.1015167236 3.6386280060 0.0000000000 0.0000000000 13.3963804245 23.7064247131 -0.9937663674
73.0953750610 3.6490702629 0.0000000000 0.0000000000 13.3622283936 23.8357868195 -0.9948996902
73.1006240845 3.6594452858 0.0000000000 0.0000000000 13.3244857788 23.0781288147 -0.9960235357
73.0955734253 3.6697485447 0.0000000000 0.0000000000 13.2848377228 23.0012855530 -0.9971356392
73.1000518799 3.6799783707 0.0000000000 0.0000000000 13.2424373627 24.7077331543 -0.9982404113
73.1389541626 3.6901366711 0.0000000000 0.0000000000 13.1989660263 27.6577243805 -0.9993261099
73.1204147339 3.7002196312 0.0000000000 0.0000000000 13.1542539597 30.2814865112 -1.0003942251
73.1433334351 3.7102303505 0.0000000000 0.0000000000 13.1071739197 31.3803405762 -1.0014215708
73.1012039185 3.7201578617 0.0000000000 0.0000000000 13.0574579239 30.6304950714 -1.0023568869
73.1860351562 3.7300028801 0.0000000000 0.0000000000 13.0058298111 29.4303169250 -1.0033646822
73.0872344971 3.7397418022 0.0000000000 0.0000000000 12.9491043091 29.0746803284 -1.0044149160
73.1924133301 3.7493810654 0.0000000000 0.0000000000 12.8916368484 29.5471649170 -1.0056114197
73.1241378784 3.7589101791 0.0000000000 0.0000000000 12.8327293396 30.0221290588 -1.0068000555
73.1734390259 3.7683486938 0.0000000000 0.0000000000 12.7750577927 30.3514041901 -1.0079342127
73.1719665527 3.7776889801 0.0000000000 0.0000000000 12.7152137756 30.7836627960 -1.0090243816
73.1636199951 3.7869319916 0.0000000000 0.0000000000 12.6630840302 31.5350914001 -1.0101039410
73.1618652344 3.7960803509 0.0000000000 0.0000000000 12.6134033203 32.2991409302 -1.0111774206
73.1585388184 3.8051364422 0.0000000000 0.0000000000 12.5681238174 32.4940261841 -1.0122394562
73.1613006592 3.8141028881 0.0000000000 0.0000000000 12.5280523300 31.6948871613 -1.0133086443
73.1366729736 3.8229882717 0.0000000000 0.0000000000 12.4912633896 30.2223243713 -1.0143502951
73.1987152100 3.8318004608 0.0000000000 0.0000000000 12.4482851028 29.3795604706 -1.0153520107
73.1012802124 3.8405334949 0.0000000000 0.0000000000 12.4230985641 29.7679290771 -1.0162758827
73.2249603271 3.8492062092 0.0000000000 0.0000000000 12.3730812073 30.8296165466 -1.0172678232
73.0937957764 3.8577990532 0.0000000000 0.0000000000 12.3536682129 31.9795589447 -1.0183199644
73.2322769165 3.8663375378 0.0000000000 0.0000000000 12.3035802841 33.4219474792 -1.0195708275
73.1432647705 3.8747942448 0.0000000000 0.0000000000 12.2797832489 34.6336212158 -1.0207481384
73.2020416260 3.8831870556 0.0000000000 0.0000000000 12.2393655777 35.4903793335 -1.0218604803
73.1841354370 3.8915042877 0.0000000000 0.0000000000 12.2086620331 36.5666618347 -1.0229361057
73.1725845337 3.8997492790 0.0000000000 0.0000000000 12.1796922684 38.2271423340 -1.0239945650
73.1646347046 3.9079208374 0.0000000000 0.0000000000 12.1512022018 39.6780586243 -1.0250468254
73.1987686157 3.9160203934 0.0000000000 0.0000000000 12.1207981110 39.7876167297 -1.0260913372
73.1738662720 3.9240477085 0.0000000000 0.0000000000 12.0984401703 38.3080673218 -1.0271250010
73.2154083252 3.9320120811 0.0000000000 0.0000000000 12.0671472549 36.6254463196 -1.0281251669
73.1520004272 3.9399077892 0.0000000000 0.0000000000 12.0541763306 36.6980781555 -1.0290735960
73.2499847412 3.9477584362 0.0000000000 0.0000000000 12.0158147812 38.9371986389 -1.0299546719
73.1203689575 3.9555437565 0.0000000000 0.0000000000 12.0241498947 40.6180725098 -1.0307465792
73.3223037720 3.9632937908 0.0000000000 0.0000000000 11.9673643112 40.6799926758 -1.0318212509
73.1554183960 3.9709646702 0.0000000000 0.0000000000 11.9863338470 40.9343070984 -1.0329551697
73.3100433350 3.9786009789 0.0000000000 0.0000000000 11.9448556900 41.8555946350 -1.0340040922
73.2772369385 3.9861555099 0.0000000000 0.0000000000 11.9325466156 42.9784622192 -1.0349954367
73.2840042114 3.9936697483 0.0000000000 0.0000000000 11.9224023819 44.0269203186 -1.0359656811
73.2698135376 4.0011167526 0.0000000000 0.0000000000 11.9087228775 44.9942703247 -1.0368808508
73.3829879761 4.0085072517 0.0000000000 0.0000000000 11.8715152740 46.3379364014 -1.0377606153
73.2506332397 4.0158267021 0.0000000000 0.0000000000 11.8925962448 47.2814712524 -1.0386064053
73.4472885132 4.0230937004 0.0000000000 0.0000000000 11.8390865326 47.7427940369 -1.0394860506
73.3228149414 4.0302929878 0.0000000000 0.0000000000 11.8510189056 47.1954002380 -1.0403521061
73.4330825806 4.0374584198 0.0000000000 0.0000000000 11.8175582886 46.5701065063 -1.0412709713
73.3531494141 4.0445470810 0.0000000000 0.0000000000 11.8183021545 47.2523460388 -1.0421340466
73.4928741455 4.0516200066 0.0000000000 0.0000000000 11.7802772522 49.2089653015 -1.0429534912
73.3630905151 4.0586094856 0.0000000000 0.0000000000 11.7900314331 50.2159385681 -1.0438096523
73.5297775269 4.0655856133 0.0000000000 0.0000000000 11.7430944443 49.7386436462 -1.0446417332
73.3669509888 4.0724797249 0.0000000000 0.0000000000 11.7523746490 48.3181686401 -1.0455012321
73.5157623291 4.0793457031 0.0000000000 0.0000000000 11.7104463577 47.7343063354 -1.0464520454
73.3962554932 4.0861358643 0.0000000000 0.0000000000 11.7118968964 48.1698989868 -1.0473752022
73.4985809326 4.0928907394 0.0000000000 0.0000000000 11.6805086136 50.0909690857 -1.0482506752
73.4360809326 4.0995826721 0.0000000000 0.0000000000 11.6743640900 53.4717369080 -1.0490708351
73.4608993530 4.1062192917 0.0000000000 0.0000000000 11.6532239914 57.2314529419 -1.0498685837
73.4248428345 4.1127743721 0.0000000000 0.0000000000 11.6451501846 59.0617561340 -1.0506247282
73.5010147095 4.1192727089 0.0000000000 0.0000000000 11.6195735931 58.3404960632 -1.0513606071
73.4198303223 4.1257009506 0.0000000000 0.0000000000 11.6219825745 56.3196144104 -1.0520405769
73.5393753052 4.1320838928 0.0000000000 0.0000000000 11.5889101028 54.6639175415 -1.0526645184
73.3849868774 4.1383790970 0.0000000000 0.0000000000 11.6045837402 53.7735443115 -1.0532531738
73.5526428223 4.1446342468 0.0000000000 0.0000000000 11.5605697632 53.9543495178 -1.0538702011
73.3924102783 4.1507978439 0.0000000000 0.0000000000 11.5862894058 54.4347419739 -1.0545359850
73.5484237671 4.1569480896 0.0000000000 0.0000000000 11.5371541977 55.5610618591 -1.0551477671
73.4412536621 4.1629962921 0.0000000000 0.0000000000 11.5595045090 56.7360382080 -1.0559010506
73.5314941406 4.1690373421 0.0000000000 0.0000000000 11.5132761002 58.7843818665 -1.0566374063
73.3973693848 4.1749815941 0.0000000000 0.0000000000 11.5325698853 60.3705406189 -1.0574227571
73.5607070923 4.1808962822 0.0000000000 0.0000000000 11.4945659637 60.5467376709 -1.0581625700
73.4346466064 4.1867470741 0.0000000000 0.0000000000 11.5037765503 59.1692619324 -1.0588352680
73.5266876221 4.1925511360 0.0000000000 0.0000000000 11.4872207642 57.6323432922 -1.0595235825
73.5001525879 4.1983170509 0.0000000000 0.0000000000 11.4802703857 56.3380889893 -1.0601707697
73.5055694580 4.2040305138 0.0000000000 0.0000000000 11.4759654999 56.2019119263 -1.0607941151
73.5240936279 4.2096896172 0.0000000000 0.0000000000 11.4680414200 58.5805702209 -1.0613783598
73.5281677246 4.2152915001 0.0000000000 0.0000000000 11.4598388672 62.5028305054 -1.0619410276
73.5671539307 4.2208280563 0.0000000000 0.0000000000 11.4521331787 65.3182296753 -1.0624731779
73.5040664673 4.2263183594 0.0000000000 0.0000000000 11.4527988434 66.1331939697 -1.0629799366
73.6106872559 4.2317624092 0.0000000000 0.0000000000 11.4285860062 66.5938873291 -1.0634791851
73.4883880615 4.2371463776 0.0000000000 0.0000000000 11.4456958771 67.6238174438 -1.0639089346
73.6392135620 4.2425003052 0.0000000000 0.0000000000 11.4050521851 68.9248199463 -1.0642940998
73.5288238525 4.2477803230 0.0000000000 0.0000000000 11.4369316101 69.8129119873 -1.0646799803
73.6834030151 4.2530527115 0.0000000000 0.0000000000 11.3856477737 70.5522155762 -1.0649703741
73.6181716919 4.2582306862 0.0000000000 0.0000000000 11.4264755249 69.7563552856 -1.0654063225
73.7028808594 4.2634167671 0.0000000000 0.0000000000 11.3775482178 69.1460266113 -1.0658909082
73.6191253662 4.2685031891 0.0000000000 0.0000000000 11.4196386337 68.9931182861 -1.0666766167
73.7526855469 4.2735853195 0.0000000000 0.0000000000 11.3772382736 70.4291610718 -1.0673874617
73.6202392578 4.2785940170 0.0000000000 0.0000000000 11.4142532349 71.3200454712 -1.0679861307
73.7442321777 4.2835564613 0.0000000000 0.0000000000 11.3994283676 70.6950073242 -1.0684952736
73.6988525391 4.2884817123 0.0000000000 0.0000000000 11.4009037018 69.4798431396 -1.0689759254
73.7107238770 4.2933492661 0.0000000000 0.0000000000 11.4159069061 68.8080291748 -1.0694898367
73.7203445435 4.2981915474 0.0000000000 0.0000000000 11.4039716721 69.3079681396 -1.0699628592
73.6858673096 4.3029737473 0.0000000000 0.0000000000 11.4191913605 70.4272155762 -1.0703378916
73.7978897095 4.3077254295 0.0000000000 0.0000000000 11.4002847672 72.5455703735 -1.0706894398
73.6422348022 4.3124227524 0.0000000000 0.0000000000 11.4325428009 75.3528671265 -1.0710937977
73.8339080811 4.3170819283 0.0000000000 0.0000000000 11.3996200562 77.8773803711 -1.0716958046
73.7285766602 4.3216762543 0.0000000000 0.0000000000 11.4343004227 78.8533859253 -1.0721821785
73.7458267212 4.3262457848 0.0000000000 0.0000000000 11.4119548798 79.0150222778 -1.0725638866
73.8686752319 4.3307528496 0.0000000000 0.0000000000 11.4320678711 79.1416473389 -1.0729355812
73.7655334473 4.3352503777 0.0000000000 0.0000000000 11.4084444046 80.7876052856 -1.0732796192
73.8371200562 4.3396668434 0.0000000000 0.0000000000 11.4340772629 83.0329895020 -1.0735943317
73.9338531494 4.3440866470 0.0000000000 0.0000000000 11.3851900101 85.3572006226 -1.0737909079
73.7810745239 4.3484177589 0.0000000000 0.0000000000 11.4335937500 85.9809570312 -1.0740860701
73.9451904297 4.3527488708 0.0000000000 0.0000000000 11.3765840530 86.0093460083 -1.0745867491
73.8764343262 4.3569879532 0.0000000000 0.0000000000 11.4137010574 85.5455017090 -1.0752381086
73.8735046387 4.3611989021 0.0000000000 0.0000000000 11.3803882599 86.2154617310 -1.0757205486
73.9880218506 4.3653125763 0.0000000000 0.0000000000 11.3873119354 86.9505920410 -1.0761661530
73.9117202759 4.3693809509 0.0000000000 0.0000000000 11.3776159286 87.5885848999 -1.0765790939
73.9134979248 4.3733773232 0.0000000000 0.0000000000 11.3812122345 87.6252899170 -1.0769137144
74.0540008545 4.3773236275 0.0000000000 0.0000000000 11.3653783798 87.6275100708 -1.0771999359
73.8990554810 4.3812246323 0.0000000000 0.0000000000 11.3875751495 88.0536880493 -1.0774517059
74.0912170410 4.3850727081 0.0000000000 0.0000000000 11.3656606674 88.7072906494 -1.0777473450
73.9749374390 4.3888788223 0.0000000000 0.0000000000 11.3858938217 88.7156906128 -1.0780372620
74.0669555664 4.3926544189 0.0000000000 0.0000000000 11.3672866821 87.7602767944 -1.0783642530
74.0580520630 4.3963885307 0.0000000000 0.0000000000 11.3952236176 86.7495880127 -1.0786045790
74.0993881226 4.4001297951 0.0000000000 0.0000000000 11.3621997833 87.1896667480 -1.0787059069
74.1523895264 4.4038190842 0.0000000000 0.0000000000 11.4022169113 87.9059906006 -1.0787836313
74.0879745483 4.4075474739 0.0000000000 0.0000000000 11.3619985580 88.7273864746 -1.0787087679
74.1855087280 4.4111976624 0.0000000000 0.0000000000 11.4101409912 88.0746765137 -1.0789242983
74.1470870972 4.4148988724 0.0000000000 0.0000000000 11.3554506302 88.2039947510 -1.0792745352
74.1425933838 4.4185233116 0.0000000000 0.0000000000 11.4069948196 88.4373245239 -1.0799018145
74.1647644043 4.4221858978 0.0000000000 0.0000000000 11.3653249741 89.9515228271 -1.0804271698
74.1297073364 4.4258208275 0.0000000000 0.0000000000 11.3787117004 91.6998291016 -1.0808087587
74.2070007324 4.4294533730 0.0000000000 0.0000000000 11.3748435974 93.6625289917 -1.0810381174
74.1017227173 4.4330987930 0.0000000000 0.0000000000 11.3665714264 95.3692779541 -1.0812224150
74.2840423584 4.4367055893 0.0000000000 0.0000000000 11.3685359955 96.4176177979 -1.0814750195
74.1427154541 4.4403038025 0.0000000000 0.0000000000 11.3605575562 97.5356979370 -1.0817385912
74.1974334717 4.4438543320 0.0000000000 0.0000000000 11.3635377884 98.5517883301 -1.0819797516
74.2828674316 4.4473776817 0.0000000000 0.0000000000 11.3532476425 99.6041107178 -1.0821447372
74.1361923218 4.4508709908 0.0000000000 0.0000000000 11.3563566208 100.9979248047 -1.0822414160
74.2897872925 4.4543461800 0.0000000000 0.0000000000 11.3510370255 103.3720016479 -1.0823942423
74.1638412476 4.4578132629 0.0000000000 0.0000000000 11.3516998291 106.6816101074 -1.0825361013
74.2696762085 4.4612793922 0.0000000000 0.0000000000 11.3407125473 110.3797302246 -1.0827921629
74.1928939819 4.4647393227 0.0000000000 0.0000000000 11.3606863022 113.8248748779 -1.0829764605
74.2177734375 4.4682359695 0.0000000000 0.0000000000 11.3331470490 116.8985443115 -1.0830628872
74.2961120605 4.4716992378 0.0000000000 0.0000000000 11.3694458008 118.0475463867 -1.0831241608
74.1884918213 4.4752058983 0.0000000000 0.0000000000 11.3339805603 118.0912094116 -1.0831197500
74.3130493164 4.4786720276 0.0000000000 0.0000000000 11.3779087067 117.0436630249 -1.0831680298
74.2824859619 4.4821901321 0.0000000000 0.0000000000 11.3341293335 117.5422210693 -1.0832997561
74.2620544434 4.4856491089 0.0000000000 0.0000000000 11.3850831985 118.4880218506 -1.0837004185
74.2943420410 4.4891257286 0.0000000000 0.0000000000 11.3506736755 120.1956176758 -1.0840771198
74.3398056030 4.4925498962 0.0000000000 0.0000000000 11.3770456314 120.3347015381 -1.0844136477
74.2889480591 4.4959602356 0.0000000000 0.0000000000 11.3734073639 119.0624084473 -1.0846551657
74.2851562500 4.4993348122 0.0000000000 0.0000000000 11.3787851334 116.7620697021 -1.0848307610
74.4168243408 4.5026664734 0.0000000000 0.0000000000 11.3808517456 114.9491424561 -1.0849860907
74.2471313477 4.5059666634 0.0000000000 0.0000000000 11.3867616653 114.4537811279 -1.0851339102
74.4072570801 4.5092267990 0.0000000000 0.0000000000 11.3872966766 114.7870712280 -1.0853074789
74.3425598145 4.5124640465 0.0000000000 0.0000000000 11.3871860504 115.0661621094 -1.0854579210
74.3398895264 4.5156674385 0.0000000000 0.0000000000 11.3866930008 114.7687911987 -1.0855805874
74.3538894653 4.5188264847 0.0000000000 0.0000000000 11.3997612000 114.2227096558 -1.0856457949
74.3866424561 4.5219736099 0.0000000000 0.0000000000 11.3767004013 114.2737808228 -1.0856380463
74.3580398560 4.5250835419 0.0000000000 0.0000000000 11.4085474014 114.3656311035 -1.0856020451
74.3566970825 4.5282039642 0.0000000000 0.0000000000 11.3689842224 115.2617187500 -1.0855587721
74.4322280884 4.5312795639 0.0000000000 0.0000000000 11.4110832214 114.8955307007 -1.0856978893
74.3312301636 4.5343732834 0.0000000000 0.0000000000 11.3710126877 113.7142181396 -1.0858479738
74.4469757080 4.5374193192 0.0000000000 0.0000000000 11.4118385315 110.8174743652 -1.0860913992
74.3555755615 4.5404815674 0.0000000000 0.0000000000 11.3835515976 109.2641525269 -1.0863041878
74.3891143799 4.5434961319 0.0000000000 0.0000000000 11.4140939713 109.4420318604 -1.0865192413
74.4299087524 4.5465116501 0.0000000000 0.0000000000 11.4008722305 111.6174926758 -1.0866835117
74.3239974976 4.5495009422 0.0000000000 0.0000000000 11.4226398468 113.6747131348 -1.0868190527
74.4763870239 4.5524764061 0.0000000000 0.0000000000 11.4184217453 115.0583801270 -1.0869798660
74.3438568115 4.5554437637 0.0000000000 0.0000000000 11.4325466156 115.7398757935 -1.0871075392
74.4465484619 4.5584139824 0.0000000000 0.0000000000 11.4355163574 116.1236572266 -1.0872400999
74.4126815796 4.5614023209 0.0000000000 0.0000000000 11.4454107285 116.4957885742 -1.0873460770
74.4096984863 4.5644125938 0.0000000000 0.0000000000 11.4508895874 117.4462280273 -1.0874334574
74.4477996826 4.5674324036 0.0000000000 0.0000000000 11.4668064117 119.4686203003 -1.0875115395
74.4168090820 4.5704655647 0.0000000000 0.0000000000 11.4650373459 122.1028442383 -1.0875636339
74.4516067505 4.5734877586 0.0000000000 0.0000000000 11.4893951416 123.3164062500 -1.0875955820
74.4380874634 4.5765233040 0.0000000000 0.0000000000 11.4783229828 123.0067672729 -1.0875494480
74.4545364380 4.5795392990 0.0000000000 0.0000000000 11.5107440948 121.3739624023 -1.0874663591
74.4737777710 4.5825796127 0.0000000000 0.0000000000 11.4869918823 120.3245544434 -1.0874557495
74.4847335815 4.5855898857 0.0000000000 0.0000000000 11.5320405960 119.5736083984 -1.0875761509
74.4397354126 4.5886254311 0.0000000000 0.0000000000 11.5015287399 120.3821945190 -1.0876555443
74.6220321655 4.5916261673 0.0000000000 0.0000000000 11.5405187607 120.6514587402 -1.0877357721
74.3824615479 4.5946679115 0.0000000000 0.0000000000 11.5268993378 120.9008178711 -1.0877541304
74.6314239502 4.5977020264 0.0000000000 0.0000000000 11.5536766052 120.0033721924 -1.0878467560
74.5161895752 4.6007781029 0.0000000000 0.0000000000 11.5306959152 119.9348220825 -1.0878993273
74.4974594116 4.6038417816 0.0000000000 0.0000000000 11.5771646500 119.9783401489 -1.0880625248
74.5983200073 4.6069340706 0.0000000000 0.0000000000 11.5474119186 121.0747833252 -1.0882632732
74.5659713745 4.6100182533 0.0000000000 0.0000000000 11.5784721375 121.9782409668 -1.0884175301
74.5141143799 4.6130928993 0.0000000000 0.0000000000 11.5803432465 123.3540649414 -1.0885286331
74.5854644775 4.6161599159 0.0000000000 0.0000000000 11.5887203217 124.7627334595 -1.0886073112
74.5929870605 4.6192321777 0.0000000000 0.0000000000 11.5938978195 125.6139678955 -1.0886703730
74.5086898804 4.6223049164 0.0000000000 0.0000000000 11.6144800186 125.1068420410 -1.0887138844
74.6300659180 4.6253781319 0.0000000000 0.0000000000 11.6072921753 124.3904953003 -1.0887522697
74.5550537109 4.6284275055 0.0000000000 0.0000000000 11.6259584427 125.4672088623 -1.0887676477
74.5632247925 4.6314678192 0.0000000000 0.0000000000 11.6276597977 129.6360931396 -1.0887740850
74.5961074829 4.6344752312 0.0000000000 0.0000000000 11.6431493759 135.0837860107 -1.0887243748
74.6006622314 4.6374540329 0.0000000000 0.0000000000 11.6336507797 139.2758941650 -1.0886721611
74.5595855713 4.6403656006 0.0000000000 0.0000000000 11.6710739136 140.2668762207 -1.0885816813
74.6011505127 4.6432728767 0.0000000000 0.0000000000 11.6389598846 140.6727600098 -1.0884864330
74.6913146973 4.6461043358 0.0000000000 0.0000000000 11.6852884293 142.0409545898 -1.0884457827
74.4493789673 4.6489553452 0.0000000000 0.0000000000 11.6538600922 147.2130432129 -1.0882921219
74.8364944458 4.6517071724 0.0000000000 0.0000000000 11.6944437027 152.0733947754 -1.0883090496
74.4508056641 4.6544961929 0.0000000000 0.0000000000 11.6614961624 156.0269927979 -1.0882910490
74.7057495117 4.6571984291 0.0000000000 0.0000000000 11.7066087723 156.9518280029 -1.0885157585
74.5814132690 4.6599421501 0.0000000000 0.0000000000 11.6719675064 158.9522705078 -1.0887471437
74.5627670288 4.6626319885 0.0000000000 0.0000000000 11.7090768814 161.3446807861 -1.0890207291
74.6047286987 4.6653456688 0.0000000000 0.0000000000 11.6958570480 165.4119110107 -1.0892261267
74.5360946655 4.6680345535 0.0000000000 0.0000000000 11.7068252563 169.5024719238 -1.0893434286
74.6302566528 4.6707081795 0.0000000000 0.0000000000 11.7144517899 172.8145751953 -1.0894354582
74.4942398071 4.6733803749 0.0000000000 0.0000000000 11.7170915604 174.5900878906 -1.0895059109
74.6570510864 4.6760377884 0.0000000000 0.0000000000 11.7265281677 173.7147827148 -1.0895866156
74.5164031982 4.6787014008 0.0000000000 0.0000000000 11.7293443680 170.5423431396 -1.0896623135
74.5571670532 4.6813349724 0.0000000000 0.0000000000 11.7425680161 166.1859130859 -1.0897254944
74.6039886475 4.6839509010 0.0000000000 0.0000000000 11.7392072678 162.9239196777 -1.0897789001
74.4859848022 4.6865324974 0.0000000000 0.0000000000 11.7611131668 160.7575225830 -1.0897227526
74.5852203369 4.6891055107 0.0000000000 0.0000000000 11.7521944046 158.9578857422 -1.0896574259
74.4840011597 4.6916556358 0.0000000000 0.0000000000 11.7859563828 156.4110107422 -1.0896024704
74.5142288208 4.6942191124 0.0000000000 0.0000000000 11.7668457031 154.5798034668 -1.0897289515
74.5877532959 4.6967444420 0.0000000000 0.0000000000 11.8146924973 152.2645874023 -1.0897681713
74.3646087646 4.6993069649 0.0000000000 0.0000000000 11.7922821045 149.6747131348 -1.0896459818
74.7152404785 4.7018065453 0.0000000000 0.0000000000 11.8394279480 144.1293487549 -1.0896034241
74.3329238892 4.7043685913 0.0000000000 0.0000000000 11.8178138733 138.8233489990 -1.0894155502
74.6170730591 4.7068657875 0.0000000000 0.0000000000 11.8716039658 134.0469207764 -1.0896000862
74.4529113770 4.7094159126 0.0000000000 0.0000000000 11.8329076767 132.4402008057 -1.0897960663
74.4890670776 4.7119035721 0.0000000000 0.0000000000 11.8912019730 130.8291473389 -1.0901594162
74.4535369873 4.7144417763 0.0000000000 0.0000000000 11.8704414368 129.9532165527 -1.0905131102
74.4776535034 4.7169661522 0.0000000000 0.0000000000 11.8925437927 129.3818511963 -1.0907145739
74.4799652100 4.7195024490 0.0000000000 0.0000000000 11.9038915634 130.2709960938 -1.0908048153
74.3317794800 4.7220506668 0.0000000000 0.0000000000 11.9061193466 132.1796264648 -1.0908656120
74.5789566040 4.7245774269 0.0000000000 0.0000000000 11.9259738922 133.7967376709 -1.0909370184
74.2990570068 4.7271280289 0.0000000000 0.0000000000 11.9258527756 135.0269165039 -1.0910216570
74.4600067139 4.7296700478 0.0000000000 0.0000000000 11.9422435760 136.0192108154 -1.0911259651
74.4188766479 4.7322235107 0.0000000000 0.0000000000 11.9453506470 137.5313415527 -1.0911952257
74.3327636719 4.7347564697 0.0000000000 0.0000000000 11.9580440521 139.0146636963 -1.0912802219
74.4249343872 4.7372713089 0.0000000000 0.0000000000 11.9683351517 139.8186035156 -1.0913293362
74.3482131958 4.7397708893 0.0000000000 0.0000000000 11.9707899094 139.9908752441 -1.0914181471
74.3666381836 4.7422466278 0.0000000000 0.0000000000 11.9958810806 139.9542541504 -1.0914348364
74.3657608032 4.7447328568 0.0000000000 0.0000000000 11.9863986969 141.0397338867 -1.0914176702
74.3351287842 4.7471880913 0.0000000000 0.0000000000 12.0246219635 142.6101379395 -1.0912680626
74.3715209961 4.7496471405 0.0000000000 0.0000000000 11.9998531342 144.5739440918 -1.0911774635
74.3381195068 4.7520380020 0.0000000000 0.0000000000 12.0569591522 144.9016723633 -1.0914279222
74.2791671753 4.7544460297 0.0000000000 0.0000000000 12.0171756744 145.2374114990 -1.0914652348
74.5544509888 4.7567758560 0.0000000000 0.0000000000 12.0626621246 144.7033538818 -1.0915026665
74.0855941772 4.7591614723 0.0000000000 0.0000000000 12.0452337265 146.0918884277 -1.0914490223
74.5717544556 4.7614493370 0.0000000000 0.0000000000 12.0732574463 147.7054443359 -1.0914939642
74.2507476807 4.7638087273 0.0000000000 0.0000000000 12.0474872589 150.7590789795 -1.0915015936
74.2701568604 4.7661051750 0.0000000000 0.0000000000 12.1051101685 152.2935485840 -1.0917859077
74.3932647705 4.7684550285 0.0000000000 0.0000000000 12.0584020615 153.3671569824 -1.0920318365
74.3017959595 4.7707648277 0.0000000000 0.0000000000 12.1007843018 152.4247741699 -1.0922726393
74.2204055786 4.7730927467 0.0000000000 0.0000000000 12.0994148254 152.2536010742 -1.0923969746
74.3433837891 4.7753958702 0.0000000000 0.0000000000 12.1048736572 153.7327728271 -1.0924649239
74.3192596436 4.7776923180 0.0000000000 0.0000000000 12.1187381744 156.9845123291 -1.0925236940
74.1225738525 4.7799897194 0.0000000000 0.0000000000 12.1473598480 160.6960144043 -1.0924961567
74.4117050171 4.7823004723 0.0000000000 0.0000000000 12.1360502243 163.4399566650 -1.0925315619
74.1605148315 4.7846322060 0.0000000000 0.0000000000 12.1726427078 164.3009033203 -1.0924745798
74.2212524414 4.7869901657 0.0000000000 0.0000000000 12.1686525345 164.4283142090 -1.0925141573
74.3087387085 4.7893466949 0.0000000000 0.0000000000 12.1992177963 164.3810424805 -1.0924998522
74.1371917725 4.7917566299 0.0000000000 0.0000000000 12.1919612885 165.6268615723 -1.0924086571
74.3001480103 4.7941322327 0.0000000000 0.0000000000 12.2516279221 166.3222198486 -1.0923552513
74.1251525879 4.7965850830 0.0000000000 0.0000000000 12.2203083038 167.7821655273 -1.0921316147
74.3753967285 4.7989649773 0.0000000000 0.0000000000 12.2944355011 166.9645996094 -1.0921241045
