#         rmsthk      stdthk       rmsvel       stdvel       rmsdiv       stddiv       rmsusurf       stdusurf
-0.0000001338 0.0000293706 -42.5719604492 90.0351104736 0.0000000000 0.0000000000 0.0000000000 0.0000000000
0.0072777038 0.5025848746 -43.7202301025 89.4677658081 0.0000000000 0.0000000000 0.0000000000 0.0000000000
0.0162338726 1.0345704556 -44.5467453003 89.1876754761 0.0000000000 0.0000000000 0.0000000000 0.0000000000
0.0263350531 1.5720306635 -45.1007194519 88.9627685547 0.0000000000 0.0000000000 0.0000000000 0.0000000000
0.0374483876 2.1039240360 -45.4632148743 88.7665405273 0.0000000000 0.0000000000 0.0000000000 0.0000000000
0.0493673943 2.6210641861 -45.6020164490 88.6384124756 0.0000000000 0.0000000000 0.0000000000 0.0000000000
0.0616695397 3.1111490726 -45.3397102356 88.6166000366 0.0000000000 0.0000000000 0.0000000000 0.0000000000
0.0738140643 3.5686137676 -44.8121147156 88.6467514038 0.0000000000 0.0000000000 0.0000000000 0.0000000000
0.0858121961 3.9983820915 -44.1774291992 88.6799545288 0.0000000000 0.0000000000 0.0000000000 0.0000000000
0.0974506289 4.4076962471 -43.5171966553 88.6913223267 0.0000000000 0.0000000000 0.0000000000 0.0000000000
0.1086208001 4.8027639389 -42.8191642761 88.6908187866 0.0000000000 0.0000000000 0.0000000000 0.0000000000
0.1191894487 5.1881651878 -42.0627822876 88.6913452148 0.0000000000 0.0000000000 0.0000000000 0.0000000000
0.1290621310 5.5669183731 -41.2049636841 88.6985778809 0.0000000000 0.0000000000 0.0000000000 0.0000000000
0.1382536739 5.9408869743 -40.1711120605 88.7325820923 0.0000000000 0.0000000000 0.0000000000 0.0000000000
0.1468421519 6.3110866547 -38.9349212646 88.7933044434 0.0000000000 0.0000000000 0.0000000000 0.0000000000
0.1549838930 6.6780304909 -37.4079322815 88.9068450928 0.0000000000 0.0000000000 0.0000000000 0.0000000000
0.1626503021 7.0420737267 -35.4695243835 89.1294021606 0.0000000000 0.0000000000 0.0000000000 0.0000000000
0.1696579605 7.4036622047 -33.1145629883 89.4530105591 0.0000000000 0.0000000000 0.0000000000 0.0000000000
0.1758741885 7.7635498047 -29.8479919434 90.0898971558 0.0000000000 0.0000000000 0.0000000000 0.0000000000
0.1808569431 8.1225767136 -26.3354682922 90.7967071533 0.0000000000 0.0000000000 0.0000000000 0.0000000000
0.1841707677 8.4814167023 -22.7949752808 91.4551086426 0.0000000000 0.0000000000 0.0000000000 0.0000000000
0.1854918450 8.8405122757 -19.6301059723 91.9117889404 0.0000000000 0.0000000000 0.0000000000 0.0000000000
0.1843961924 9.2000732422 -17.3021316528 92.0230560303 0.0000000000 0.0000000000 0.0000000000 0.0000000000
0.1805149466 9.5599517822 -15.8288602829 91.7632446289 0.0000000000 0.0000000000 0.0000000000 0.0000000000
0.1739522517 9.9197998047 -15.0901269913 91.1958618164 0.0000000000 0.0000000000 0.0000000000 0.0000000000
0.1651484370 10.2791261673 -14.8670282364 90.4228439331 0.0000000000 0.0000000000 0.0000000000 0.0000000000
0.1548021138 10.6373491287 -14.9296207428 89.5384674072 0.0000000000 0.0000000000 0.0000000000 0.0000000000
0.1436801702 10.9939193726 -15.0311384201 88.6274185181 0.0000000000 0.0000000000 0.0000000000 0.0000000000
0.1324552447 11.3483018875 -14.9957475662 87.7342453003 0.0000000000 0.0000000000 0.0000000000 0.0000000000
0.1216594353 11.7000064850 -14.7849168777 86.8686447144 0.0000000000 0.0000000000 0.0000000000 0.0000000000
0.1117408574 12.0485973358 -14.4422969818 86.0287399292 0.0000000000 0.0000000000 0.0000000000 0.0000000000
0.1030965000 12.3936967850 -14.0018873215 85.2210617065 0.0000000000 0.0000000000 0.0000000000 0.0000000000
0.0961497873 12.7349624634 -13.4519186020 84.4539871216 0.0000000000 0.0000000000 0.0000000000 0.0000000000
0.0913945287 13.0720643997 -12.6897449493 83.7437973022 0.0000000000 0.0000000000 0.0000000000 0.0000000000
0.0896346569 13.4047346115 -11.6629133224 83.0852661133 0.0000000000 0.0000000000 0.0000000000 0.0000000000
0.0911457166 13.7327861786 -10.4218931198 82.4558944702 0.0000000000 0.0000000000 0.0000000000 0.0000000000
0.0959940106 14.0560855865 -9.0509290695 81.8402404785 0.0000000000 0.0000000000 0.0000000000 0.0000000000
0.1040978879 14.3745651245 -7.6958689690 81.2216491699 0.0000000000 0.0000000000 0.0000000000 0.0000000000
0.1152242124 14.6882133484 -6.5220971107 80.5916290283 0.0000000000 0.0000000000 0.0000000000 0.0000000000
0.1291062534 14.9970502853 -5.6886367798 79.9540634155 0.0000000000 0.0000000000 0.0000000000 0.0000000000
0.1454584599 15.3011150360 -5.3076972961 79.3211212158 0.0000000000 0.0000000000 0.0000000000 0.0000000000
0.1639921963 15.6004438400 -5.3993511200 78.7165679932 0.0000000000 0.0000000000 0.0000000000 0.0000000000
0.1844333708 15.8950862885 -5.8898043633 78.1662979126 0.0000000000 0.0000000000 0.0000000000 0.0000000000
0.2065349072 16.1850872040 -6.6342039108 77.6916046143 0.0000000000 0.0000000000 0.0000000000 0.0000000000
0.2300912589 16.4705181122 -7.4507389069 77.3044586182 0.0000000000 0.0000000000 0.0000000000 0.0000000000
0.2549455464 16.7514305115 -8.1743717194 77.0049972534 0.0000000000 0.0000000000 0.0000000000 0.0000000000
0.2809651792 17.0278797150 -8.6844587326 76.7879943848 0.0000000000 0.0000000000 0.0000000000 0.0000000000
0.3080430925 17.2999229431 -8.9189252853 76.6462707520 0.0000000000 0.0000000000 0.0000000000 0.0000000000
0.3360619843 17.5676517487 -8.8736324310 76.5743560791 0.0000000000 0.0000000000 0.0000000000 0.0000000000
0.3648737669 17.8311653137 -8.5835514069 76.5692977905 0.0000000000 0.0000000000 0.0000000000 0.0000000000
0.3943212628 18.0905742645 -8.1129846573 76.6305847168 0.0000000000 0.0000000000 0.0000000000 0.0000000000
0.4242316782 18.3459854126 -7.5591316223 76.7547302246 0.0000000000 0.0000000000 0.0000000000 0.0000000000
0.4544632733 18.5974769592 -7.0431284904 76.9330291748 0.0000000000 0.0000000000 0.0000000000 0.0000000000
0.4849184752 18.8451099396 -6.6935148239 77.1517028809 0.0000000000 0.0000000000 0.0000000000 0.0000000000
0.5155664682 19.0889720917 -6.5979733467 77.3951339722 0.0000000000 0.0000000000 0.0000000000 0.0000000000
0.5464679003 19.3291435242 -6.7785282135 77.6460723877 0.0000000000 0.0000000000 0.0000000000 0.0000000000
0.5776520967 19.5656833649 -7.1854944229 77.8909454346 0.0000000000 0.0000000000 0.0000000000 0.0000000000
0.6091709137 19.7986545563 -7.7156090736 78.1215057373 0.0000000000 0.0000000000 0.0000000000 0.0000000000
0.6410213113 20.0281143188 -8.2433423996 78.3311996460 0.0000000000 0.0000000000 0.0000000000 0.0000000000
0.6732146740 20.2541198730 -8.6548128128 78.5144577026 0.0000000000 0.0000000000 0.0000000000 0.0000000000
0.7057461143 20.4767475128 -8.8743448257 78.6689071655 0.0000000000 0.0000000000 0.0000000000 0.0000000000
0.7386223078 20.6960735321 -8.8721714020 78.7903442383 0.0000000000 0.0000000000 0.0000000000 0.0000000000
0.7718873620 20.9122123718 -8.6583309174 78.8757019043 0.0000000000 0.0000000000 0.0000000000 0.0000000000
0.8055925965 21.1253070831 -8.2821960449 78.9234237671 0.0000000000 0.0000000000 0.0000000000 0.0000000000
0.8397516012 21.3354625702 -7.8306035995 78.9315872192 0.0000000000 0.0000000000 0.0000000000 0.0000000000
0.8743672967 21.5428104401 -7.4011902809 78.8998794556 0.0000000000 0.0000000000 0.0000000000 0.0000000000
0.9094329476 21.7474346161 -7.0770735741 78.8290710449 0.0000000000 0.0000000000 0.0000000000 0.0000000000
0.9449370503 21.9494094849 -6.9060726166 78.7232131958 0.0000000000 0.0000000000 0.0000000000 0.0000000000
0.9808071852 22.1488018036 -6.8893733025 78.5918350220 0.0000000000 0.0000000000 0.0000000000 0.0000000000
1.0169465542 22.3456687927 -6.9906086922 78.4462051392 0.0000000000 0.0000000000 0.0000000000 0.0000000000
1.0532578230 22.5400619507 -7.1494369507 78.2985687256 0.0000000000 0.0000000000 0.0000000000 0.0000000000
1.0896297693 22.7320346832 -7.2999720573 78.1585388184 0.0000000000 0.0000000000 0.0000000000 0.0000000000
1.1259673834 22.9216213226 -7.3901991844 78.0329284668 0.0000000000 0.0000000000 0.0000000000 0.0000000000
1.1621861458 23.1088523865 -7.3848309517 77.9268722534 0.0000000000 0.0000000000 0.0000000000 0.0000000000
1.1981998682 23.2937488556 -7.2734813690 77.8442153931 0.0000000000 0.0000000000 0.0000000000 0.0000000000
1.2339267731 23.4763565063 -7.0747332573 77.7868804932 0.0000000000 0.0000000000 0.0000000000 0.0000000000
1.2692990303 23.6567115784 -6.8326964378 77.7534866333 0.0000000000 0.0000000000 0.0000000000 0.0000000000
1.3042209148 23.8348999023 -6.6085162163 77.7391586304 0.0000000000 0.0000000000 0.0000000000 0.0000000000
1.3385802507 24.0109920502 -6.4585571289 77.7370300293 0.0000000000 0.0000000000 0.0000000000 0.0000000000
1.3722816706 24.1850452423 -6.4244027138 77.7405853271 0.0000000000 0.0000000000 0.0000000000 0.0000000000
1.4052121639 24.3571014404 -6.5091156960 77.7437362671 0.0000000000 0.0000000000 0.0000000000 0.0000000000
1.4372401237 24.5272026062 -6.6776771545 77.7429199219 0.0000000000 0.0000000000 0.0000000000 0.0000000000
1.4682614803 24.6953792572 -6.8718361855 77.7345809937 0.0000000000 0.0000000000 0.0000000000 0.0000000000
1.4981613159 24.8616504669 -7.0334887505 77.7175750732 0.0000000000 0.0000000000 0.0000000000 0.0000000000
1.5268315077 25.0260448456 -7.1217451096 77.6907882690 0.0000000000 0.0000000000 0.0000000000 0.0000000000
1.5541616678 25.1885871887 -7.1209487915 77.6531982422 0.0000000000 0.0000000000 0.0000000000 0.0000000000
1.5800662041 25.3493080139 -7.0454311371 77.6028671265 0.0000000000 0.0000000000 0.0000000000 0.0000000000
1.6044372320 25.5082378387 -6.9230442047 77.5401000977 0.0000000000 0.0000000000 0.0000000000 0.0000000000
1.6272178888 25.6654129028 -6.7874360085 77.4676818848 0.0000000000 0.0000000000 0.0000000000 0.0000000000
1.6483740807 25.8208789825 -6.6730227470 77.3886718750 0.0000000000 0.0000000000 0.0000000000 0.0000000000
1.6678915024 25.9746856689 -6.6073894501 77.3049621582 0.0000000000 0.0000000000 0.0000000000 0.0000000000
1.6857978106 26.1268978119 -6.5992760658 77.2191238403 0.0000000000 0.0000000000 0.0000000000 0.0000000000
1.7021673918 26.2775650024 -6.6366825104 77.1342773438 0.0000000000 0.0000000000 0.0000000000 0.0000000000
1.7171262503 26.4267387390 -6.6942148209 77.0527191162 0.0000000000 0.0000000000 0.0000000000 0.0000000000
1.7308318615 26.5744762421 -6.7378020287 76.9758453369 0.0000000000 0.0000000000 0.0000000000 0.0000000000
1.7434476614 26.7208404541 -6.7357149124 76.9051971436 0.0000000000 0.0000000000 0.0000000000 0.0000000000
1.7551288605 26.8658809662 -6.6756181717 76.8407058716 0.0000000000 0.0000000000 0.0000000000 0.0000000000
1.7660503387 27.0096321106 -6.5662198067 76.7817916870 0.0000000000 0.0000000000 0.0000000000 0.0000000000
1.7763884068 27.1521415710 -6.4331407547 76.7277069092 0.0000000000 0.0000000000 0.0000000000 0.0000000000
1.7862794399 27.2934474945 -6.3102722168 76.6769104004 0.0000000000 0.0000000000 0.0000000000 0.0000000000
1.7957998514 27.4335975647 -6.2228903770 76.6285934448 0.0000000000 0.0000000000 0.0000000000 0.0000000000
1.8050025702 27.5726184845 -6.1786494255 76.5827941895 0.0000000000 0.0000000000 0.0000000000 0.0000000000
1.8139203787 27.7105216980 -6.1685829163 76.5399780273 0.0000000000 0.0000000000 0.0000000000 0.0000000000
1.8225468397 27.8473072052 -6.1730084419 76.5008392334 0.0000000000 0.0000000000 0.0000000000 0.0000000000
1.8308571577 27.9829826355 -6.1681580544 76.4659500122 0.0000000000 0.0000000000 0.0000000000 0.0000000000
1.8387976885 28.1175518036 -6.1362724304 76.4354858398 0.0000000000 0.0000000000 0.0000000000 0.0000000000
1.8463159800 28.2509918213 -6.0747709274 76.4103393555 0.0000000000 0.0000000000 0.0000000000 0.0000000000
1.8533554077 28.3832988739 -5.9908399582 76.3895874023 0.0000000000 0.0000000000 0.0000000000 0.0000000000
1.8598425388 28.5144596100 -5.9053196907 76.3715362549 0.0000000000 0.0000000000 0.0000000000 0.0000000000
1.8657087088 28.6444683075 -5.8364214897 76.3543243408 0.0000000000 0.0000000000 0.0000000000 0.0000000000
1.8709020615 28.7733306885 -5.7963747978 76.3358230591 0.0000000000 0.0000000000 0.0000000000 0.0000000000
1.8754264116 28.9010601044 -5.7815952301 76.3135833740 0.0000000000 0.0000000000 0.0000000000 0.0000000000
1.8793342113 29.0276622772 -5.7741446495 76.2848663330 0.0000000000 0.0000000000 0.0000000000 0.0000000000
1.8827018738 29.1531620026 -5.7530183792 76.2475509644 0.0000000000 0.0000000000 0.0000000000 0.0000000000
1.8856209517 29.2775630951 -5.7051897049 76.2000350952 0.0000000000 0.0000000000 0.0000000000 0.0000000000
1.8881863356 29.4008922577 -5.6323809624 76.1424179077 0.0000000000 0.0000000000 0.0000000000 0.0000000000
1.8904603720 29.5231628418 -5.5459923744 76.0751037598 0.0000000000 0.0000000000 0.0000000000 0.0000000000
1.8925000429 29.6443843842 -5.4624547958 76.0006790161 0.0000000000 0.0000000000 0.0000000000 0.0000000000
1.8943139315 29.7645874023 -5.3930292130 75.9232559204 0.0000000000 0.0000000000 0.0000000000 0.0000000000
1.8958982229 29.8837852478 -5.3420095444 75.8467407227 0.0000000000 0.0000000000 0.0000000000 0.0000000000
1.8972414732 30.0019950867 -5.3032655716 75.7750320435 0.0000000000 0.0000000000 0.0000000000 0.0000000000
1.8983178139 30.1192378998 -5.2684445381 75.7115936279 0.0000000000 0.0000000000 0.0000000000 0.0000000000
1.8990747929 30.2355213165 -5.2323517799 75.6589584351 0.0000000000 0.0000000000 0.0000000000 0.0000000000
1.8994443417 30.3508567810 -5.1922440529 75.6170501709 0.0000000000 0.0000000000 0.0000000000 0.0000000000
1.8993742466 30.4652576447 -5.1519541740 75.5826034546 0.0000000000 0.0000000000 0.0000000000 0.0000000000
1.8988302946 30.5787429810 -5.1154108047 75.5526428223 0.0000000000 0.0000000000 0.0000000000 0.0000000000
1.8978012800 30.6913337708 -5.0823440552 75.5228500366 0.0000000000 0.0000000000 0.0000000000 0.0000000000
1.8962830305 30.8030471802 -5.0454864502 75.4905700684 0.0000000000 0.0000000000 0.0000000000 0.0000000000
1.8943111897 30.9139175415 -5.0037469864 75.4506683350 0.0000000000 0.0000000000 0.0000000000 0.0000000000
1.8919459581 31.0239467621 -4.9509139061 75.4034881592 0.0000000000 0.0000000000 0.0000000000 0.0000000000
1.8892552853 31.1331615448 -4.8967890739 75.3426895142 0.0000000000 0.0000000000 0.0000000000 0.0000000000
1.8863153458 31.2415828705 -4.8322758675 75.2765121460 0.0000000000 0.0000000000 0.0000000000 0.0000000000
1.8831906319 31.3492298126 -4.7841949463 75.2003097534 0.0000000000 0.0000000000 0.0000000000 0.0000000000
1.8799326420 31.4561138153 -4.7247910500 75.1269989014 0.0000000000 0.0000000000 0.0000000000 0.0000000000
1.8765522242 31.5622501373 -4.6667795181 75.0582885742 0.0000000000 0.0000000000 0.0000000000 0.0000000000
1.8730589151 31.6676406860 -4.6055760384 75.0008392334 0.0000000000 0.0000000000 0.0000000000 0.0000000000
1.8694353104 31.7722816467 -4.5503005981 74.9575729370 0.0000000000 0.0000000000 0.0000000000 0.0000000000
1.8656587601 31.8761596680 -4.5336575508 74.9208374023 0.0000000000 0.0000000000 0.0000000000 0.0000000000
1.8617515564 31.9792842865 -4.5282564163 74.8957138062 0.0000000000 0.0000000000 0.0000000000 0.0000000000
1.8577508926 32.0816726685 -4.5216498375 74.8715667725 0.0000000000 0.0000000000 0.0000000000 0.0000000000
1.8537240028 32.1833381653 -4.4776458740 74.8474273682 0.0000000000 0.0000000000 0.0000000000 0.0000000000
1.8497152328 32.2842826843 -4.4082498550 74.8190536499 0.0000000000 0.0000000000 0.0000000000 0.0000000000
1.8457316160 32.3845405579 -4.3655905724 74.7780914307 0.0000000000 0.0000000000 0.0000000000 0.0000000000
1.8417679071 32.4840965271 -4.3457159996 74.7290420532 0.0000000000 0.0000000000 0.0000000000 0.0000000000
1.8378044367 32.5829620361 -4.3500275612 74.6691055298 0.0000000000 0.0000000000 0.0000000000 0.0000000000
1.8338299990 32.6811408997 -4.3340759277 74.6075210571 0.0000000000 0.0000000000 0.0000000000 0.0000000000
1.8298060894 32.7786293030 -4.2912483215 74.5489578247 0.0000000000 0.0000000000 0.0000000000 0.0000000000
1.8256715536 32.8754348755 -4.2466983795 74.4942398071 0.0000000000 0.0000000000 0.0000000000 0.0000000000
1.8213964701 32.9715843201 -4.2030196190 74.4506835938 0.0000000000 0.0000000000 0.0000000000 0.0000000000
1.8169597387 33.0670852661 -4.1817870140 74.4135055542 0.0000000000 0.0000000000 0.0000000000 0.0000000000
1.8123732805 33.1619567871 -4.1566672325 74.3874206543 0.0000000000 0.0000000000 0.0000000000 0.0000000000
1.8076406717 33.2562179565 -4.1303434372 74.3633956909 0.0000000000 0.0000000000 0.0000000000 0.0000000000
1.8027726412 33.3498764038 -4.0849685669 74.3426818848 0.0000000000 0.0000000000 0.0000000000 0.0000000000
1.7977484465 33.4429664612 -4.0278534889 74.3196563721 0.0000000000 0.0000000000 0.0000000000 0.0000000000
1.7925299406 33.5354881287 -3.9716730118 74.2947006226 0.0000000000 0.0000000000 0.0000000000 0.0000000000
1.7870582342 33.6274604797 -3.9324305058 74.2664566040 0.0000000000 0.0000000000 0.0000000000 0.0000000000
1.7812776566 33.7188758850 -3.9116840363 74.2355728149 0.0000000000 0.0000000000 0.0000000000 0.0000000000
1.7751412392 33.8097419739 -3.8898537159 74.2071228027 0.0000000000 0.0000000000 0.0000000000 0.0000000000
1.7686147690 33.9000549316 -3.8675279617 74.1798706055 0.0000000000 0.0000000000 0.0000000000 0.0000000000
1.7616900206 33.9897918701 -3.8289291859 74.1616058350 0.0000000000 0.0000000000 0.0000000000 0.0000000000
1.7543451786 34.0789756775 -3.8121638298 74.1442260742 0.0000000000 0.0000000000 0.0000000000 0.0000000000
1.7466012239 34.1676101685 -3.7820420265 74.1333465576 0.0000000000 0.0000000000 0.0000000000 0.0000000000
1.7384556532 34.2556762695 -3.7534718513 74.1168441772 0.0000000000 0.0000000000 0.0000000000 0.0000000000
1.7298882008 34.3431892395 -3.7154140472 74.0956497192 0.0000000000 0.0000000000 0.0000000000 0.0000000000
1.7208235264 34.4301605225 -3.6886584759 74.0665130615 0.0000000000 0.0000000000 0.0000000000 0.0000000000
1.7111796141 34.5165786743 -3.6785111427 74.0306701660 0.0000000000 0.0000000000 0.0000000000 0.0000000000
1.7008464336 34.6024246216 -3.6737844944 73.9956436157 0.0000000000 0.0000000000 0.0000000000 0.0000000000
1.6897046566 34.6876907349 -3.6713178158 73.9619216919 0.0000000000 0.0000000000 0.0000000000 0.0000000000
1.6776158810 34.7723960876 -3.6449186802 73.9384918213 0.0000000000 0.0000000000 0.0000000000 0.0000000000
1.6644839048 34.8565406799 -3.6319172382 73.9196701050 0.0000000000 0.0000000000 0.0000000000 0.0000000000
1.6502741575 34.9401092529 -3.6048238277 73.9112014771 0.0000000000 0.0000000000 0.0000000000 0.0000000000
1.6349511147 35.0231094360 -3.5850367546 73.9026184082 0.0000000000 0.0000000000 0.0000000000 0.0000000000
1.6184793711 35.1055374146 -3.5570719242 73.8958816528 0.0000000000 0.0000000000 0.0000000000 0.0000000000
1.6008340120 35.1874046326 -3.5268323421 73.8861923218 0.0000000000 0.0000000000 0.0000000000 0.0000000000
1.5820474625 35.2687263489 -3.4974465370 73.8781204224 0.0000000000 0.0000000000 0.0000000000 0.0000000000
1.5621969700 35.3494949341 -3.4549295902 73.8746566772 0.0000000000 0.0000000000 0.0000000000 0.0000000000
1.5413440466 35.4297332764 -3.4174449444 73.8732070923 0.0000000000 0.0000000000 0.0000000000 0.0000000000
1.5196042061 35.5094375610 -3.3691210747 73.8738174438 0.0000000000 0.0000000000 0.0000000000 0.0000000000
1.4971272945 35.5886383057 -3.3398740292 73.8681869507 0.0000000000 0.0000000000 0.0000000000 0.0000000000
1.4740989208 35.6673316956 -3.2939596176 73.8584823608 0.0000000000 0.0000000000 0.0000000000 0.0000000000
1.4506820440 35.7455978394 -3.2525308132 73.8386383057 0.0000000000 0.0000000000 0.0000000000 0.0000000000
1.4270898104 35.8234863281 -3.2029068470 73.8126449585 0.0000000000 0.0000000000 0.0000000000 0.0000000000
1.4034774303 35.9010429382 -3.1653220654 73.7836151123 0.0000000000 0.0000000000 0.0000000000 0.0000000000
1.3799654245 35.9782562256 -3.1358215809 73.7578811646 0.0000000000 0.0000000000 0.0000000000 0.0000000000
1.3566113710 36.0551605225 -3.1020045280 73.7386856079 0.0000000000 0.0000000000 0.0000000000 0.0000000000
1.3334001303 36.1317787170 -3.0870077610 73.7221908569 0.0000000000 0.0000000000 0.0000000000 0.0000000000
1.3103377819 36.2081184387 -3.0661823750 73.7055053711 0.0000000000 0.0000000000 0.0000000000 0.0000000000
1.2873991728 36.2841720581 -3.0609896183 73.6790008545 0.0000000000 0.0000000000 0.0000000000 0.0000000000
1.2645703554 36.3599243164 -3.0321054459 73.6480636597 0.0000000000 0.0000000000 0.0000000000 0.0000000000
1.2418286800 36.4353981018 -3.0021934509 73.6107635498 0.0000000000 0.0000000000 0.0000000000 0.0000000000
1.2191821337 36.5106086731 -2.9599583149 73.5762329102 0.0000000000 0.0000000000 0.0000000000 0.0000000000
1.1965860128 36.5855827332 -2.9347834587 73.5479125977 0.0000000000 0.0000000000 0.0000000000 0.0000000000
1.1740427017 36.6603164673 -2.9030604362 73.5258636475 0.0000000000 0.0000000000 0.0000000000 0.0000000000
1.1515896320 36.7347946167 -2.8578109741 73.5075912476 0.0000000000 0.0000000000 0.0000000000 0.0000000000
1.1292659044 36.8090667725 -2.8087520599 73.4903640747 0.0000000000 0.0000000000 0.0000000000 0.0000000000
1.1071102619 36.8831634521 -2.7578170300 73.4757995605 0.0000000000 0.0000000000 0.0000000000 0.0000000000
1.0851355791 36.9570770264 -2.7321870327 73.4617080688 0.0000000000 0.0000000000 0.0000000000 0.0000000000
1.0634059906 37.0307884216 -2.6903557777 73.4511489868 0.0000000000 0.0000000000 0.0000000000 0.0000000000
1.0419548750 37.1042861938 -2.6568162441 73.4407806396 0.0000000000 0.0000000000 0.0000000000 0.0000000000
1.0208318233 37.1775550842 -2.6052639484 73.4337997437 0.0000000000 0.0000000000 0.0000000000 0.0000000000
1.0000420809 37.2506027222 -2.5900671482 73.4223480225 0.0000000000 0.0000000000 0.0000000000 0.0000000000
0.9796240330 37.3234367371 -2.5691316128 73.4030151367 0.0000000000 0.0000000000 0.0000000000 0.0000000000
0.9595799446 37.3960723877 -2.5660512447 73.3687286377 0.0000000000 0.0000000000 0.0000000000 0.0000000000
0.9399102330 37.4684867859 -2.5334997177 73.3294448853 0.0000000000 0.0000000000 0.0000000000 0.0000000000
0.9205788374 37.5407104492 -2.5230910778 73.2886276245 0.0000000000 0.0000000000 0.0000000000 0.0000000000
0.9015744925 37.6127510071 -2.4947755337 73.2521362305 0.0000000000 0.0000000000 0.0000000000 0.0000000000
0.8828914165 37.6846351624 -2.4999206066 73.2176208496 0.0000000000 0.0000000000 0.0000000000 0.0000000000
0.8645353913 37.7563552856 -2.4609491825 73.1856689453 0.0000000000 0.0000000000 0.0000000000 0.0000000000
0.8464611769 37.8279228210 -2.4379925728 73.1482772827 0.0000000000 0.0000000000 0.0000000000 0.0000000000
0.8286756873 37.8993263245 -2.3704073429 73.1098937988 0.0000000000 0.0000000000 0.0000000000 0.0000000000
0.8111317754 37.9705390930 -2.3804967403 73.0675354004 0.0000000000 0.0000000000 0.0000000000 0.0000000000
0.7938462496 38.0415763855 -2.3236260414 73.0257186890 0.0000000000 0.0000000000 0.0000000000 0.0000000000
0.7767360806 38.1124763489 -2.3206293583 72.9748229980 0.0000000000 0.0000000000 0.0000000000 0.0000000000
0.7598189712 38.1832160950 -2.2314307690 72.9193801880 0.0000000000 0.0000000000 0.0000000000 0.0000000000
0.7430266142 38.2538223267 -2.2194528580 72.8577651978 0.0000000000 0.0000000000 0.0000000000 0.0000000000
0.7263995409 38.3242530823 -2.1598432064 72.7973861694 0.0000000000 0.0000000000 0.0000000000 0.0000000000
0.7099040151 38.3945121765 -2.1426637173 72.7372817993 0.0000000000 0.0000000000 0.0000000000 0.0000000000
0.6935536861 38.4645729065 -2.0767865181 72.6795654297 0.0000000000 0.0000000000 0.0000000000 0.0000000000
0.6773050427 38.5344352722 -2.0598661900 72.6171493530 0.0000000000 0.0000000000 0.0000000000 0.0000000000
0.6611755490 38.6040763855 -2.0223500729 72.5526504517 0.0000000000 0.0000000000 0.0000000000 0.0000000000
0.6451885700 38.6734695435 -2.0290994644 72.4865798950 0.0000000000 0.0000000000 0.0000000000 0.0000000000
0.6294530034 38.7426185608 -1.9620777369 72.4226684570 0.0000000000 0.0000000000 0.0000000000 0.0000000000
0.6139614582 38.8114814758 -1.9708210230 72.3598556519 0.0000000000 0.0000000000 0.0000000000 0.0000000000
0.5988575816 38.8800582886 -1.9045449495 72.2982559204 0.0000000000 0.0000000000 0.0000000000 0.0000000000
0.5841270089 38.9483070374 -1.9630273581 72.2333068848 0.0000000000 0.0000000000 0.0000000000 0.0000000000
0.5699673295 39.0161590576 -1.8483110666 72.1635513306 0.0000000000 0.0000000000 0.0000000000 0.0000000000
0.5562924147 39.0836143494 -1.8686141968 72.0983657837 0.0000000000 0.0000000000 0.0000000000 0.0000000000
0.5432382226 39.1506195068 -1.7921930552 72.0385894775 0.0000000000 0.0000000000 0.0000000000 0.0000000000
0.5307137966 39.2171859741 -1.8203620911 71.9818801880 0.0000000000 0.0000000000 0.0000000000 0.0000000000
0.5187745094 39.2833099365 -1.7596414089 71.9199981689 0.0000000000 0.0000000000 0.0000000000 0.0000000000
0.5073534846 39.3489990234 -1.7208054066 71.8535156250 0.0000000000 0.0000000000 0.0000000000 0.0000000000
0.4964413941 39.4142646790 -1.6855788231 71.7897567749 0.0000000000 0.0000000000 0.0000000000 0.0000000000
0.4859968126 39.4791030884 -1.6962984800 71.7267761230 0.0000000000 0.0000000000 0.0000000000 0.0000000000
0.4760434926 39.5434951782 -1.6465654373 71.6516799927 0.0000000000 0.0000000000 0.0000000000 0.0000000000
0.4665682614 39.6074829102 -1.6007200480 71.5773925781 0.0000000000 0.0000000000 0.0000000000 0.0000000000
0.4575664997 39.6710891724 -1.5742242336 71.5133056641 0.0000000000 0.0000000000 0.0000000000 0.0000000000
0.4490292668 39.7343292236 -1.5773631334 71.4518966675 0.0000000000 0.0000000000 0.0000000000 0.0000000000
0.4409236014 39.7972030640 -1.5272870064 71.3792419434 0.0000000000 0.0000000000 0.0000000000 0.0000000000
0.4331308007 39.8596801758 -1.5135995150 71.3082351685 0.0000000000 0.0000000000 0.0000000000 0.0000000000
0.4254830778 39.9217453003 -1.4615099430 71.2431259155 0.0000000000 0.0000000000 0.0000000000 0.0000000000
0.4177075922 39.9834289551 -1.4963088036 71.1792907715 0.0000000000 0.0000000000 0.0000000000 0.0000000000
0.4097160399 40.0447273254 -1.3826377392 71.1064910889 0.0000000000 0.0000000000 0.0000000000 0.0000000000
0.4011727571 40.1056861877 -1.4738694429 71.0344619751 0.0000000000 0.0000000000 0.0000000000 0.0000000000
0.3921677172 40.1662483215 -1.3299512863 70.9652557373 0.0000000000 0.0000000000 0.0000000000 0.0000000000
0.3822959661 40.2264328003 -1.4827852249 70.9108657837 0.0000000000 0.0000000000 0.0000000000 0.0000000000
0.3716374934 40.2862052917 -1.2744761705 70.8411712646 0.0000000000 0.0000000000 0.0000000000 0.0000000000
0.3597062230 40.3456192017 -1.3353205919 70.7935180664 0.0000000000 0.0000000000 0.0000000000 0.0000000000
0.3465719223 40.4046287537 -1.2826123238 70.7515792847 0.0000000000 0.0000000000 0.0000000000 0.0000000000
0.3322061300 40.4632225037 -1.2324504852 70.6945648193 0.0000000000 0.0000000000 0.0000000000 0.0000000000
0.3167339265 40.5213661194 -1.1746256351 70.6358871460 0.0000000000 0.0000000000 0.0000000000 0.0000000000
0.3003093898 40.5790596008 -1.1890459061 70.5861129761 0.0000000000 0.0000000000 0.0000000000 0.0000000000
0.2832283974 40.6362724304 -1.1328984499 70.5297317505 0.0000000000 0.0000000000 0.0000000000 0.0000000000
0.2657180429 40.6929931641 -1.0783439875 70.4839477539 0.0000000000 0.0000000000 0.0000000000 0.0000000000
0.2479927093 40.7492332458 -1.1166574955 70.4483566284 0.0000000000 0.0000000000 0.0000000000 0.0000000000
0.2304731309 40.8049736023 -1.0065201521 70.3999557495 0.0000000000 0.0000000000 0.0000000000 0.0000000000
0.2132701129 40.8602256775 -1.0820578337 70.3622055054 0.0000000000 0.0000000000 0.0000000000 0.0000000000
0.1968174428 40.9149398804 -0.9525097013 70.3174896240 0.0000000000 0.0000000000 0.0000000000 0.0000000000
0.1810898334 40.9691162109 -1.1546814442 70.2898101807 0.0000000000 0.0000000000 0.0000000000 0.0000000000
0.1666870117 41.0226249695 -0.8156869411 70.2331008911 0.0000000000 0.0000000000 0.0000000000 0.0000000000
0.1531808376 41.0755119324 -1.1576756239 70.2397537231 0.0000000000 0.0000000000 0.0000000000 0.0000000000
0.1412020028 41.1277236938 -0.8711722493 70.1804275513 0.0000000000 0.0000000000 0.0000000000 0.0000000000
0.1303107589 41.1793632507 -0.9594820738 70.1599884033 0.0000000000 0.0000000000 0.0000000000 0.0000000000
0.1207164526 41.2303924561 -0.9664435387 70.1419982910 0.0000000000 0.0000000000 0.0000000000 0.0000000000
0.1124256775 41.2808303833 -0.8860431314 70.0863952637 0.0000000000 0.0000000000 0.0000000000 0.0000000000
0.1053686291 41.3306808472 -0.8859348297 70.0447463989 0.0000000000 0.0000000000 0.0000000000 0.0000000000
0.0995536596 41.3799667358 -0.9068734646 70.0100479126 0.0000000000 0.0000000000 0.0000000000 0.0000000000
0.0949959382 41.4286994934 -0.8374302983 69.9417953491 0.0000000000 0.0000000000 0.0000000000 0.0000000000
0.0915964246 41.4769401550 -0.7706526518 69.8916168213 0.0000000000 0.0000000000 0.0000000000 0.0000000000
0.0891810730 41.5247192383 -0.9264609218 69.8536376953 0.0000000000 0.0000000000 0.0000000000 0.0000000000
0.0879729018 41.5720138550 -0.5828924179 69.7575302124 0.0000000000 0.0000000000 0.0000000000 0.0000000000
0.0873506442 41.6189308167 -1.0057944059 69.7628631592 0.0000000000 0.0000000000 0.0000000000 0.0000000000
0.0879292861 41.6653556824 -0.4929854870 69.6485519409 0.0000000000 0.0000000000 0.0000000000 0.0000000000
0.0888633355 41.7114372253 -0.8993445039 69.6647491455 0.0000000000 0.0000000000 0.0000000000 0.0000000000
0.0907674506 41.7570266724 -0.5172829628 69.5801467896 0.0000000000 0.0000000000 0.0000000000 0.0000000000
0.0929841399 41.8022155762 -0.6824851036 69.5669937134 0.0000000000 0.0000000000 0.0000000000 0.0000000000
0.0957557559 41.8469543457 -0.6113177538 69.5164947510 0.0000000000 0.0000000000 0.0000000000 0.0000000000
0.0989039317 41.8912544250 -0.5504513383 69.4550704956 0.0000000000 0.0000000000 0.0000000000 0.0000000000
0.1023005024 41.9351158142 -0.5867347717 69.4337539673 0.0000000000 0.0000000000 0.0000000000 0.0000000000
0.1058633924 41.9785423279 -0.5648817420 69.3783187866 0.0000000000 0.0000000000 0.0000000000 0.0000000000
0.1095359400 42.0215339661 -0.4339781702 69.3200378418 0.0000000000 0.0000000000 0.0000000000 0.0000000000
0.1130378246 42.0641479492 -0.6232712269 69.3114013672 0.0000000000 0.0000000000 0.0000000000 0.0000000000
0.1165889502 42.1063499451 -0.2929639518 69.1944122314 0.0000000000 0.0000000000 0.0000000000 0.0000000000
0.1197126433 42.1482734680 -0.6967887282 69.2193298340 0.0000000000 0.0000000000 0.0000000000 0.0000000000
0.1230227575 42.1898002625 -0.1384760886 69.0927734375 0.0000000000 0.0000000000 0.0000000000 0.0000000000
0.1256017089 42.2311019897 -0.7849712968 69.1574554443 0.0000000000 0.0000000000 0.0000000000 0.0000000000
0.1284854263 42.2719459534 0.0454362780 68.9718933105 0.0000000000 0.0000000000 0.0000000000 0.0000000000
0.1303611696 42.3125648499 -0.7539762259 69.1253814697 0.0000000000 0.0000000000 0.0000000000 0.0000000000
0.1323249042 42.3527145386 0.0101072313 68.8945770264 0.0000000000 0.0000000000 0.0000000000 0.0000000000
0.1333103031 42.3926124573 -0.5027684569 69.0113372803 0.0000000000 0.0000000000 0.0000000000 0.0000000000
0.1338681281 42.4321174622 -0.2018925846 68.8998947144 0.0000000000 0.0000000000 0.0000000000 0.0000000000
0.1335795522 42.4712867737 -0.3061026633 68.8573913574 0.0000000000 0.0000000000 0.0000000000 0.0000000000
0.1327375323 42.5100517273 -0.1910248250 68.8908691406 0.0000000000 0.0000000000 0.0000000000 0.0000000000
0.1309331954 42.5485000610 -0.3674184084 68.8360214233 0.0000000000 0.0000000000 0.0000000000 0.0000000000
0.1287707537 42.5865592957 0.1233521700 68.7325363159 0.0000000000 0.0000000000 0.0000000000 0.0000000000
0.1254463792 42.6244125366 -0.6463763714 68.8767623901 0.0000000000 0.0000000000 0.0000000000 0.0000000000
0.1221923456 42.6618270874 0.4929921031 68.5443496704 0.0000000000 0.0000000000 0.0000000000 0.0000000000
0.1175398827 42.6991195679 -0.8214088678 68.8611450195 0.0000000000 0.0000000000 0.0000000000 0.0000000000
0.1133894026 42.7359466553 0.6030436754 68.4656524658 0.0000000000 0.0000000000 0.0000000000 0.0000000000
0.1077752709 42.7726745605 -0.6678158045 68.7382507324 0.0000000000 0.0000000000 0.0000000000 0.0000000000
0.1026860923 42.8089370728 0.3743545413 68.4677581787 0.0000000000 0.0000000000 0.0000000000 0.0000000000
0.0965558439 42.8450241089 -0.3531276286 68.5839385986 0.0000000000 0.0000000000 0.0000000000 0.0000000000
0.0906860903 42.8806800842 0.1725567430 68.4722213745 0.0000000000 0.0000000000 0.0000000000 0.0000000000
0.0841772780 42.9161262512 -0.1455988586 68.4992828369 0.0000000000 0.0000000000 0.0000000000 0.0000000000
0.0777321234 42.9512062073 0.1431687176 68.4090957642 0.0000000000 0.0000000000 0.0000000000 0.0000000000
0.0709022507 42.9859695435 -0.1292543411 68.4314804077 0.0000000000 0.0000000000 0.0000000000 0.0000000000
0.0641623661 43.0202789307 0.2007095665 68.3194046021 0.0000000000 0.0000000000 0.0000000000 0.0000000000
0.0570186935 43.0542640686 -0.1549406201 68.3710861206 0.0000000000 0.0000000000 0.0000000000 0.0000000000
0.0501167215 43.0878524780 0.3284661472 68.2499847412 0.0000000000 0.0000000000 0.0000000000 0.0000000000
0.0427150466 43.1211776733 -0.2923371792 68.3567962646 0.0000000000 0.0000000000 0.0000000000 0.0000000000
0.0359261148 43.1540184021 0.6166403294 68.1222381592 0.0000000000 0.0000000000 0.0000000000 0.0000000000
0.0283961520 43.1866302490 -0.6421926022 68.3951568604 0.0000000000 0.0000000000 0.0000000000 0.0000000000
0.0221395921 43.2187271118 1.0454457998 67.9502868652 0.0000000000 0.0000000000 0.0000000000 0.0000000000
0.0146082668 43.2507400513 -0.9003733397 68.4425277710 0.0000000000 0.0000000000 0.0000000000 0.0000000000
0.0086081978 43.2821922302 1.1548713446 67.8641052246 0.0000000000 0.0000000000 0.0000000000 0.0000000000
0.0011292285 43.3135910034 -0.6373345852 68.2885894775 0.0000000000 0.0000000000 0.0000000000 0.0000000000
-0.0051634540 43.3444557190 0.6410332322 67.9621887207 0.0000000000 0.0000000000 0.0000000000 0.0000000000
-0.0123275267 43.3751449585 0.0487641357 68.0403060913 0.0000000000 0.0000000000 0.0000000000 0.0000000000
-0.0191249885 43.4054832458 0.1340953112 68.0665664673 0.0000000000 0.0000000000 0.0000000000 0.0000000000
-0.0259776395 43.4355506897 0.4068931937 67.9309997559 0.0000000000 0.0000000000 0.0000000000 0.0000000000
-0.0329987109 43.4654083252 0.1022470817 68.0094909668 0.0000000000 0.0000000000 0.0000000000 0.0000000000
-0.0397742204 43.4949684143 0.3001514375 67.9316635132 0.0000000000 0.0000000000 0.0000000000 0.0000000000
-0.0465378091 43.5242233276 0.3362106383 67.8964843750 0.0000000000 0.0000000000 0.0000000000 0.0000000000
-0.0532623082 43.5531616211 0.1484209150 67.9334564209 0.0000000000 0.0000000000 0.0000000000 0.0000000000
-0.0596625395 43.5817527771 0.4229799807 67.8216705322 0.0000000000 0.0000000000 0.0000000000 0.0000000000
-0.0660735816 43.6100730896 0.2493010908 67.8797149658 0.0000000000 0.0000000000 0.0000000000 0.0000000000
-0.0724056289 43.6381416321 0.1761968583 67.8277587891 0.0000000000 0.0000000000 0.0000000000 0.0000000000
-0.0783950686 43.6658859253 0.6515035033 67.7400436401 0.0000000000 0.0000000000 0.0000000000 0.0000000000
-0.0850857273 43.6934547424 -0.3194749653 67.9322357178 0.0000000000 0.0000000000 0.0000000000 0.0000000000
-0.0908315033 43.7206230164 1.2436712980 67.5571594238 0.0000000000 0.0000000000 0.0000000000 0.0000000000
-0.0982494429 43.7477340698 -0.8523737192 68.0649337769 0.0000000000 0.0000000000 0.0000000000 0.0000000000
-0.1039719209 43.7743415833 1.6581302881 67.4235992432 0.0000000000 0.0000000000 0.0000000000 0.0000000000
-0.1119054779 43.8009719849 -0.8785940409 68.0368194580 0.0000000000 0.0000000000 0.0000000000 0.0000000000
-0.1179763228 43.8270759583 1.2784811258 67.5037460327 0.0000000000 0.0000000000 0.0000000000 0.0000000000
-0.1255041510 43.8531341553 -0.0283472221 67.7687072754 0.0000000000 0.0000000000 0.0000000000 0.0000000000
-0.1321310848 43.8788070679 0.3803223073 67.7110137939 0.0000000000 0.0000000000 0.0000000000 0.0000000000
-0.1384786367 43.9042282104 0.7996622920 67.5461349487 0.0000000000 0.0000000000 0.0000000000 0.0000000000
-0.1446736455 43.9294433594 -0.0169853624 67.7557144165 0.0000000000 0.0000000000 0.0000000000 0.0000000000
-0.1493827850 43.9543495178 0.8874902725 67.5041809082 0.0000000000 0.0000000000 0.0000000000 0.0000000000
-0.1535411179 43.9791145325 0.1807116121 67.6463241577 0.0000000000 0.0000000000 0.0000000000 0.0000000000
-0.1559659690 44.0035667419 0.6179416180 67.5424423218 0.0000000000 0.0000000000 0.0000000000 0.0000000000
-0.1572540998 44.0278549194 0.3673678935 67.5513153076 0.0000000000 0.0000000000 0.0000000000 0.0000000000
-0.1568567008 44.0518531799 0.6438831687 67.5373306274 0.0000000000 0.0000000000 0.0000000000 0.0000000000
-0.1558653116 44.0756454468 0.1822239757 67.5583496094 0.0000000000 0.0000000000 0.0000000000 0.0000000000
-0.1537059247 44.0990943909 1.0257477760 67.3901748657 0.0000000000 0.0000000000 0.0000000000 0.0000000000
-0.1521946341 44.1224174500 -0.1387521774 67.6412353516 0.0000000000 0.0000000000 0.0000000000 0.0000000000
-0.1498396099 44.1454010010 1.3522170782 67.2469329834 0.0000000000 0.0000000000 0.0000000000 0.0000000000
-0.1489905119 44.1683158875 -0.2994381487 67.6482467651 0.0000000000 0.0000000000 0.0000000000 0.0000000000
-0.1474438012 44.1908149719 1.4464124441 67.2233505249 0.0000000000 0.0000000000 0.0000000000 0.0000000000
-0.1478478312 44.2133140564 -0.2788665593 67.5760726929 0.0000000000 0.0000000000 0.0000000000 0.0000000000
-0.1473924071 44.2353515625 1.4173331261 67.2365493774 0.0000000000 0.0000000000 0.0000000000 0.0000000000
-0.1489518881 44.2573699951 -0.2449068278 67.5356979370 0.0000000000 0.0000000000 0.0000000000 0.0000000000
-0.1495399028 44.2789115906 1.4045659304 67.1896896362 0.0000000000 0.0000000000 0.0000000000 0.0000000000
-0.1517556310 44.3002967834 -0.0563630760 67.5240097046 0.0000000000 0.0000000000 0.0000000000 0.0000000000
-0.1533033699 44.3211860657 1.1341507435 67.2302246094 0.0000000000 0.0000000000 0.0000000000 0.0000000000
-0.1557924598 44.3418235779 0.3924886882 67.3947601318 0.0000000000 0.0000000000 0.0000000000 0.0000000000
-0.1581864208 44.3620872498 0.6552710533 67.3208007812 0.0000000000 0.0000000000 0.0000000000 0.0000000000
-0.1609005183 44.3820915222 0.8074647188 67.2422103882 0.0000000000 0.0000000000 0.0000000000 0.0000000000
-0.1640220881 44.4018478394 0.4352111220 67.3721313477 0.0000000000 0.0000000000 0.0000000000 0.0000000000
-0.1672503799 44.4213294983 0.8108123541 67.2243576050 0.0000000000 0.0000000000 0.0000000000 0.0000000000
-0.1709870994 44.4405937195 0.7045085430 67.2640838623 0.0000000000 0.0000000000 0.0000000000 0.0000000000
-0.1752302945 44.4596862793 0.3645730019 67.3003158569 0.0000000000 0.0000000000 0.0000000000 0.0000000000
-0.1793396324 44.4785652161 1.2797440290 67.1176605225 0.0000000000 0.0000000000 0.0000000000 0.0000000000
-0.1848519295 44.4974670410 -0.2052841634 67.4300613403 0.0000000000 0.0000000000 0.0000000000 0.0000000000
-0.1893151402 44.5160980225 1.8443193436 66.9781112671 0.0000000000 0.0000000000 0.0000000000 0.0000000000
-0.1959573627 44.5349082947 -0.6878307462 67.5273818970 0.0000000000 0.0000000000 0.0000000000 0.0000000000
-0.2006306946 44.5533256531 2.1369185448 66.9095001221 0.0000000000 0.0000000000 0.0000000000 0.0000000000
-0.2077948004 44.5719718933 -0.6516891122 67.4895401001 0.0000000000 0.0000000000 0.0000000000 0.0000000000
-0.2127182037 44.5902519226 1.7497711182 66.9854278564 0.0000000000 0.0000000000 0.0000000000 0.0000000000
-0.2192622870 44.6086921692 0.1654268801 67.2823715210 0.0000000000 0.0000000000 0.0000000000 0.0000000000
-0.2245731652 44.6270027161 0.7819491029 67.1427078247 0.0000000000 0.0000000000 0.0000000000 0.0000000000
-0.2296829373 44.6452827454 1.0518798828 67.0648345947 0.0000000000 0.0000000000 0.0000000000 0.0000000000
-0.2347999513 44.6636238098 0.2283706516 67.2645950317 0.0000000000 0.0000000000 0.0000000000 0.0000000000
-0.2387223244 44.6817703247 1.2510744333 66.9939727783 0.0000000000 0.0000000000 0.0000000000 0.0000000000
-0.2428502738 44.6998634338 0.4025436640 67.2041549683 0.0000000000 0.0000000000 0.0000000000 0.0000000000
-0.2460112870 44.7177124023 0.8990772963 67.0792007446 0.0000000000 0.0000000000 0.0000000000 0.0000000000
-0.2489477247 44.7354202271 0.8437139392 67.0611724854 0.0000000000 0.0000000000 0.0000000000 0.0000000000
-0.2514819801 44.7529716492 0.5734139085 67.1479797363 0.0000000000 0.0000000000 0.0000000000 0.0000000000
-0.2534908950 44.7704277039 0.9375436902 67.0186691284 0.0000000000 0.0000000000 0.0000000000 0.0000000000
-0.2553561330 44.7878417969 0.7229040861 67.0866394043 0.0000000000 0.0000000000 0.0000000000 0.0000000000
-0.2568702698 44.8052444458 0.5534389615 67.0863723755 0.0000000000 0.0000000000 0.0000000000 0.0000000000
-0.2575879693 44.8226089478 1.2443161011 66.9533081055 0.0000000000 0.0000000000 0.0000000000 0.0000000000
-0.2586809397 44.8401489258 0.0104357023 67.1931686401 0.0000000000 0.0000000000 0.0000000000 0.0000000000
-0.2581134140 44.8575325012 1.7041230202 66.8193817139 0.0000000000 0.0000000000 0.0000000000 0.0000000000
-0.2584567666 44.8751144409 -0.3097612560 67.2719955444 0.0000000000 0.0000000000 0.0000000000 0.0000000000
-0.2566341758 44.8924980164 1.8794804811 66.7950210571 0.0000000000 0.0000000000 0.0000000000 0.0000000000
-0.2559209466 44.9101333618 -0.3088474274 67.2413101196 0.0000000000 0.0000000000 0.0000000000 0.0000000000
-0.2529797852 44.9274749756 1.7262623310 66.8392944336 0.0000000000 0.0000000000 0.0000000000 0.0000000000
-0.2510884702 44.9448966980 0.0907020941 67.1597442627 0.0000000000 0.0000000000 0.0000000000 0.0000000000
-0.2478128672 44.9620475769 1.2541807890 66.9181823730 0.0000000000 0.0000000000 0.0000000000 0.0000000000
-0.2449657172 44.9791297913 0.6701801419 67.0450744629 0.0000000000 0.0000000000 0.0000000000 0.0000000000
-0.2418281734 44.9960212708 0.7537994981 67.0212783813 0.0000000000 0.0000000000 0.0000000000 0.0000000000
-0.2387028486 45.0126991272 1.0393314362 66.9351959229 0.0000000000 0.0000000000 0.0000000000 0.0000000000
-0.2359541357 45.0292015076 0.5811322331 67.0794219971 0.0000000000 0.0000000000 0.0000000000 0.0000000000
-0.2332047820 45.0455093384 1.0195640326 66.9589462280 0.0000000000 0.0000000000 0.0000000000 0.0000000000
-0.2309786975 45.0616836548 0.8047784567 67.0051193237 0.0000000000 0.0000000000 0.0000000000 0.0000000000
-0.2290374935 45.0776863098 0.6634952426 67.0345993042 0.0000000000 0.0000000000 0.0000000000 0.0000000000
-0.2271311432 45.0934600830 1.2247384787 66.9255905151 0.0000000000 0.0000000000 0.0000000000 0.0000000000
-0.2261471152 45.1091690063 0.2379432023 67.1163253784 0.0000000000 0.0000000000 0.0000000000 0.0000000000
-0.2244844586 45.1246871948 1.6247861385 66.8474121094 0.0000000000 0.0000000000 0.0000000000 0.0000000000
-0.2243672609 45.1402435303 -0.1247564927 67.1976242065 0.0000000000 0.0000000000 0.0000000000 0.0000000000
-0.2230853140 45.1555786133 1.8938932419 66.7920227051 0.0000000000 0.0000000000 0.0000000000 0.0000000000
-0.2237709314 45.1709823608 -0.2308155447 67.2329025269 0.0000000000 0.0000000000 0.0000000000 0.0000000000
-0.2232197672 45.1861572266 1.8329205513 66.8044128418 0.0000000000 0.0000000000 0.0000000000 0.0000000000
-0.2245425135 45.2013969421 0.0699787140 67.1614532471 0.0000000000 0.0000000000 0.0000000000 0.0000000000
-0.2250691354 45.2164001465 1.3809217215 66.9087066650 0.0000000000 0.0000000000 0.0000000000 0.0000000000
-0.2268009782 45.2313919067 0.6309752464 67.0349578857 0.0000000000 0.0000000000 0.0000000000 0.0000000000
-0.2285339683 45.2462539673 0.8788295984 67.0061340332 0.0000000000 0.0000000000 0.0000000000 0.0000000000
-0.2308176160 45.2610282898 0.9777096510 66.9491729736 0.0000000000 0.0000000000 0.0000000000 0.0000000000
-0.2335684150 45.2757644653 0.7408482432 67.0251235962 0.0000000000 0.0000000000 0.0000000000 0.0000000000
-0.2366538793 45.2905082703 0.9374027252 66.9655075073 0.0000000000 0.0000000000 0.0000000000 0.0000000000
-0.2402898222 45.3053321838 0.9117080569 66.9752960205 0.0000000000 0.0000000000 0.0000000000 0.0000000000
-0.2444227338 45.3202590942 0.7108646631 67.0199661255 0.0000000000 0.0000000000 0.0000000000 0.0000000000
-0.2487559915 45.3352241516 1.1640611887 66.9274749756 0.0000000000 0.0000000000 0.0000000000 0.0000000000
-0.2540342808 45.3502464294 0.4934070706 67.0612564087 0.0000000000 0.0000000000 0.0000000000 0.0000000000
-0.2592437267 45.3652076721 1.3374620676 66.8961791992 0.0000000000 0.0000000000 0.0000000000 0.0000000000
-0.2657317221 45.3802299500 0.3378585577 67.0851898193 0.0000000000 0.0000000000 0.0000000000 0.0000000000
-0.2719327509 45.3951377869 1.4912203550 66.8654708862 0.0000000000 0.0000000000 0.0000000000 0.0000000000
-0.2796656489 45.4101562500 0.0985255986 67.1324615479 0.0000000000 0.0000000000 0.0000000000 0.0000000000
-0.2867222726 45.4250259399 1.7675964832 66.8226699829 0.0000000000 0.0000000000 0.0000000000 0.0000000000
-0.2957319319 45.4400024414 -0.1578339040 67.1873245239 0.0000000000 0.0000000000 0.0000000000 0.0000000000
-0.3037510216 45.4548072815 1.9683401585 66.7691116333 0.0000000000 0.0000000000 0.0000000000 0.0000000000
-0.3139015734 45.4697914124 -0.2045987099 67.2139205933 0.0000000000 0.0000000000 0.0000000000 0.0000000000
-0.3230624497 45.4847412109 1.8702144623 66.7846984863 0.0000000000 0.0000000000 0.0000000000 0.0000000000
-0.3341775835 45.4998741150 0.0356683582 67.1254043579 0.0000000000 0.0000000000 0.0000000000 0.0000000000
-0.3444695771 45.5149421692 1.5542421341 66.8527984619 0.0000000000 0.0000000000 0.0000000000 0.0000000000
-0.3563852608 45.5301361084 0.3993143439 67.0353012085 0.0000000000 0.0000000000 0.0000000000 0.0000000000
-0.3678728342 45.5452766418 1.2431066036 66.8896331787 0.0000000000 0.0000000000 0.0000000000 0.0000000000
-0.3802718818 45.5603713989 0.6894390583 66.9865646362 0.0000000000 0.0000000000 0.0000000000 0.0000000000
-0.3926281631 45.5754051208 1.0271445513 66.9049911499 0.0000000000 0.0000000000 0.0000000000 0.0000000000
-0.4052360058 45.5904617310 0.8452717066 66.9455490112 0.0000000000 0.0000000000 0.0000000000 0.0000000000
-0.4176425636 45.6055145264 0.9706063867 66.9373931885 0.0000000000 0.0000000000 0.0000000000 0.0000000000
-0.4300405979 45.6205596924 0.8440706134 66.9266738892 0.0000000000 0.0000000000 0.0000000000 0.0000000000
-0.4418960214 45.6354827881 1.0182929039 66.9091873169 0.0000000000 0.0000000000 0.0000000000 0.0000000000
-0.4534888268 45.6503524780 0.7239324450 66.9668960571 0.0000000000 0.0000000000 0.0000000000 0.0000000000
-0.4642849267 45.6650695801 1.2094783783 66.8683166504 0.0000000000 0.0000000000 0.0000000000 0.0000000000
-0.4749953151 45.6796264648 0.4222765565 67.0080184937 0.0000000000 0.0000000000 0.0000000000 0.0000000000
-0.4843268692 45.6938705444 1.5819317102 66.8198547363 0.0000000000 0.0000000000 0.0000000000 0.0000000000
-0.4942645133 45.7080802917 -0.0219049063 67.0912704468 0.0000000000 0.0000000000 0.0000000000 0.0000000000
-0.5021699071 45.7219314575 2.0550470352 66.7136993408 0.0000000000 0.0000000000 0.0000000000 0.0000000000
-0.5113356709 45.7358551025 -0.4768901765 67.1943130493 0.0000000000 0.0000000000 0.0000000000 0.0000000000
-0.5180119276 45.7493171692 2.3544042110 66.6534423828 0.0000000000 0.0000000000 0.0000000000 0.0000000000
-0.5263307095 45.7629356384 -0.5481234193 67.2028427124 0.0000000000 0.0000000000 0.0000000000 0.0000000000
-0.5320951939 45.7761535645 2.1269547939 66.7050018311 0.0000000000 0.0000000000 0.0000000000 0.0000000000
-0.5393497348 45.7895507812 -0.0166375693 67.0675811768 0.0000000000 0.0000000000 0.0000000000 0.0000000000
-0.5448029041 45.8027038574 1.4428994656 66.8179855347 0.0000000000 0.0000000000 0.0000000000 0.0000000000
-0.5509117246 45.8159599304 0.7179291248 66.9191970825 0.0000000000 0.0000000000 0.0000000000 0.0000000000
-0.5564575195 45.8290939331 0.8417212963 66.8928070068 0.0000000000 0.0000000000 0.0000000000 0.0000000000
-0.5618223548 45.8421554565 1.1531550884 66.8289413452 0.0000000000 0.0000000000 0.0000000000 0.0000000000
-0.5673887730 45.8551940918 0.6300941706 66.9285659790 0.0000000000 0.0000000000 0.0000000000 0.0000000000
-0.5725336671 45.8681678772 1.2242910862 66.7896041870 0.0000000000 0.0000000000 0.0000000000 0.0000000000
-0.5780063272 45.8811683655 0.6904292107 66.8821029663 0.0000000000 0.0000000000 0.0000000000 0.0000000000
-0.5831003189 45.8940162659 1.1273005009 66.7920532227 0.0000000000 0.0000000000 0.0000000000 0.0000000000
-0.5885013938 45.9067687988 0.7680593133 66.8369522095 0.0000000000 0.0000000000 0.0000000000 0.0000000000
-0.5935365558 45.9193534851 1.1300263405 66.7775878906 0.0000000000 0.0000000000 0.0000000000 0.0000000000
-0.5989944935 45.9318885803 0.6120625734 66.8375701904 0.0000000000 0.0000000000 0.0000000000 0.0000000000
-0.6038618088 45.9443168640 1.4087936878 66.7020950317 0.0000000000 0.0000000000 0.0000000000 0.0000000000
-0.6095777154 45.9567947388 0.1777984202 66.8931732178 0.0000000000 0.0000000000 0.0000000000 0.0000000000
-0.6140615940 45.9690933228 1.9279614687 66.5956344604 0.0000000000 0.0000000000 0.0000000000 0.0000000000
-0.6201400757 45.9815521240 -0.3261030316 66.9866256714 0.0000000000 0.0000000000 0.0000000000 0.0000000000
-0.6243844628 45.9937248230 2.3213884830 66.5020294189 0.0000000000 0.0000000000 0.0000000000 0.0000000000
-0.6307402849 46.0061721802 -0.5565845370 67.0195083618 0.0000000000 0.0000000000 0.0000000000 0.0000000000
-0.6349012256 46.0183258057 2.3108186722 66.5106811523 0.0000000000 0.0000000000 0.0000000000 0.0000000000
-0.6412632465 46.0307083130 -0.2777347267 66.9302291870 0.0000000000 0.0000000000 0.0000000000 0.0000000000
-0.6457393169 46.0428047180 1.7977055311 66.5870819092 0.0000000000 0.0000000000 0.0000000000 0.0000000000
-0.6517448425 46.0551185608 0.4402343631 66.7991409302 0.0000000000 0.0000000000 0.0000000000 0.0000000000
-0.6570795774 46.0673713684 1.0711938143 66.6882934570 0.0000000000 0.0000000000 0.0000000000 0.0000000000
-0.6627755165 46.0796775818 1.1157290936 66.6661071777 0.0000000000 0.0000000000 0.0000000000 0.0000000000
-0.6688457131 46.0920295715 0.5983340740 66.7453842163 0.0000000000 0.0000000000 0.0000000000 0.0000000000
-0.6747058034 46.1042785645 1.3533382416 66.5918197632 0.0000000000 0.0000000000 0.0000000000 0.0000000000
-0.6812308431 46.1166267395 0.6051555276 66.7399520874 0.0000000000 0.0000000000 0.0000000000 0.0000000000
-0.6875795126 46.1289405823 1.1725713015 66.6156692505 0.0000000000 0.0000000000 0.0000000000 0.0000000000
-0.6944206953 46.1412811279 0.8855354786 66.6490020752 0.0000000000 0.0000000000 0.0000000000 0.0000000000
-0.7013368607 46.1535301208 0.8732796907 66.6518325806 0.0000000000 0.0000000000 0.0000000000 0.0000000000
-0.7083742023 46.1656837463 1.1494796276 66.5888366699 0.0000000000 0.0000000000 0.0000000000 0.0000000000
-0.7158276439 46.1777458191 0.6745731831 66.6552734375 0.0000000000 0.0000000000 0.0000000000 0.0000000000
-0.7229661942 46.1897010803 1.2831654549 66.5534057617 0.0000000000 0.0000000000 0.0000000000 0.0000000000
-0.7307529449 46.2016868591 0.5516179800 66.6604232788 0.0000000000 0.0000000000 0.0000000000 0.0000000000
-0.7379885912 46.2135238647 1.4300737381 66.5180587769 0.0000000000 0.0000000000 0.0000000000 0.0000000000
-0.7461007237 46.2253646851 0.2521204650 66.6817321777 0.0000000000 0.0000000000 0.0000000000 0.0000000000
-0.7530883551 46.2368888855 1.8157608509 66.4460144043 0.0000000000 0.0000000000 0.0000000000 0.0000000000
-0.7615804672 46.2484664917 -0.1385679245 66.7466964722 0.0000000000 0.0000000000 0.0000000000 0.0000000000
-0.7683895230 46.2596855164 2.1764662266 66.3790130615 0.0000000000 0.0000000000 0.0000000000 0.0000000000
-0.7769668698 46.2711486816 -0.3237109482 66.7817764282 0.0000000000 0.0000000000 0.0000000000 0.0000000000
-0.7837589383 46.2821578979 2.1552181244 66.3529891968 0.0000000000 0.0000000000 0.0000000000 0.0000000000
-0.7922651768 46.2934799194 -0.1138389781 66.6992874146 0.0000000000 0.0000000000 0.0000000000 0.0000000000
-0.7991200089 46.3045234680 1.8031572104 66.4021682739 0.0000000000 0.0000000000 0.0000000000 0.0000000000
-0.8074715137 46.3157958984 0.3275233507 66.5891036987 0.0000000000 0.0000000000 0.0000000000 0.0000000000
-0.8147378564 46.3268852234 1.3788722754 66.4427337646 0.0000000000 0.0000000000 0.0000000000 0.0000000000
-0.8228049874 46.3380470276 0.7473164201 66.5246200562 0.0000000000 0.0000000000 0.0000000000 0.0000000000
-0.8307010531 46.3490867615 1.0347058773 66.4594192505 0.0000000000 0.0000000000 0.0000000000 0.0000000000
-0.8388110399 46.3600921631 0.9901412725 66.4645233154 0.0000000000 0.0000000000 0.0000000000 0.0000000000
-0.8471255898 46.3710899353 0.9318898320 66.4782257080 0.0000000000 0.0000000000 0.0000000000 0.0000000000
-0.8557588458 46.3821372986 0.9502730966 66.4339904785 0.0000000000 0.0000000000 0.0000000000 0.0000000000
-0.8643894196 46.3932914734 1.1035043001 66.4273910522 0.0000000000 0.0000000000 0.0000000000 0.0000000000
-0.8736161590 46.4045524597 0.6519231200 66.4712219238 0.0000000000 0.0000000000 0.0000000000 0.0000000000
-0.8825358748 46.4158058167 1.5136746168 66.3179855347 0.0000000000 0.0000000000 0.0000000000 0.0000000000
-0.8924440742 46.4272956848 0.1700946093 66.5026397705 0.0000000000 0.0000000000 0.0000000000 0.0000000000
-0.9012102485 46.4386444092 2.0112361908 66.2270736694 0.0000000000 0.0000000000 0.0000000000 0.0000000000
-0.9117254615 46.4503173828 -0.2849625349 66.5505142212 0.0000000000 0.0000000000 0.0000000000 0.0000000000
-0.9202150702 46.4616775513 2.3475599289 66.1392745972 0.0000000000 0.0000000000 0.0000000000 0.0000000000
