#         COST_U        COST_H      COST_D       COST_S       REGU_H       REGU_S          HPO           COSTGLEN 
81.1491775513 0.0000000000 0.0000000000 0.0000000000 59.7427215576 0.0000000000 -0.0942534730
79.5760574341 0.0015343520 0.0000000000 0.0000000000 59.8774299622 1311.2592773438 -0.0999760479
79.7295532227 0.0061385729 0.0000000000 0.0000000000 59.8981895447 10203.9316406250 -0.1694195569
79.7234725952 0.0123584522 0.0000000000 0.0000000000 59.9710655212 6824.2202148438 -0.2174252570
79.6773147583 0.0211640969 0.0000000000 0.0000000000 60.0246429443 6445.1118164062 -0.2525325418
79.7271423340 0.0323986523 0.0000000000 0.0000000000 60.1875534058 5450.7382812500 -0.2833034694
79.8697204590 0.0457817875 0.0000000000 0.0000000000 60.4328765869 4361.9682617188 -0.3103494048
80.0913085938 0.0610626526 0.0000000000 0.0000000000 60.5991668701 3780.1557617188 -0.3348159492
80.3826141357 0.0780133530 0.0000000000 0.0000000000 60.7464790344 3505.1479492188 -0.3572208285
80.7429199219 0.0964808315 0.0000000000 0.0000000000 60.8730926514 3216.6367187500 -0.3773570061
81.1709060669 0.1163092479 0.0000000000 0.0000000000 61.0227851868 2807.3032226562 -0.3953321278
81.6573104858 0.1373839229 0.0000000000 0.0000000000 61.0464134216 2393.9001464844 -0.4110690951
82.1817626953 0.1596170217 0.0000000000 0.0000000000 61.0053787231 2086.5969238281 -0.4248722792
82.7017517090 0.1829353124 0.0000000000 0.0000000000 60.8889770508 1909.9206542969 -0.4371307790
83.1672134399 0.2072447538 0.0000000000 0.0000000000 60.6710052490 1768.4569091797 -0.4485495687
83.5376281738 0.2324953675 0.0000000000 0.0000000000 60.3304023743 1583.3635253906 -0.4598019421
83.7983551025 0.2586030066 0.0000000000 0.0000000000 59.8640174866 1384.9016113281 -0.4708676934
83.9707107544 0.2854433358 0.0000000000 0.0000000000 59.2782173157 1231.3732910156 -0.4811947644
84.0923614502 0.3129183054 0.0000000000 0.0000000000 58.5847969055 1121.9136962891 -0.4907991588
84.2017059326 0.3409209251 0.0000000000 0.0000000000 58.0089683533 1025.2600097656 -0.4994515479
84.3286972046 0.3693252802 0.0000000000 0.0000000000 57.5627441406 922.5756835938 -0.5071042180
84.4984130859 0.3980402350 0.0000000000 0.0000000000 57.1876869202 825.6597290039 -0.5136774778
84.7129440308 0.4269696474 0.0000000000 0.0000000000 56.9738006592 746.1927490234 -0.5191735625
84.9681625366 0.4560777247 0.0000000000 0.0000000000 56.6591911316 678.6000976562 -0.5233897567
85.2507400513 0.4853188396 0.0000000000 0.0000000000 56.4944877625 618.8226928711 -0.5266537666
85.5452270508 0.5146617889 0.0000000000 0.0000000000 56.3685035706 561.6626586914 -0.5291802287
85.8384552002 0.5440799594 0.0000000000 0.0000000000 56.2421531677 507.6760864258 -0.5309934616
86.1211929321 0.5736117363 0.0000000000 0.0000000000 56.1249198914 459.1310119629 -0.5321991444
86.3936767578 0.6032851338 0.0000000000 0.0000000000 56.0379142761 416.9395446777 -0.5329793096
86.6452636719 0.6331641674 0.0000000000 0.0000000000 55.9493675232 378.5224304199 -0.5333742499
86.8609085083 0.6632292867 0.0000000000 0.0000000000 55.8827819824 343.1935729980 -0.5334581137
87.0230484009 0.6935212612 0.0000000000 0.0000000000 55.8148574829 312.4485168457 -0.5332330465
87.1031341553 0.7240774035 0.0000000000 0.0000000000 55.7158393860 283.4817810059 -0.5328177214
87.0878219604 0.7548991442 0.0000000000 0.0000000000 55.6665725708 255.2871246338 -0.5323594213
86.9696121216 0.7859993577 0.0000000000 0.0000000000 55.5763053894 231.3633728027 -0.5317194462
86.7659683228 0.8173946738 0.0000000000 0.0000000000 55.4449691772 211.5149841309 -0.5308604240
86.5010833740 0.8490568995 0.0000000000 0.0000000000 55.3530540466 191.9552001953 -0.5296609402
86.2121734619 0.8809785247 0.0000000000 0.0000000000 55.2920036316 172.9130249023 -0.5284515619
85.9363555908 0.9131487608 0.0000000000 0.0000000000 55.2524375916 156.4970397949 -0.5264244676
85.6864089966 0.9455332160 0.0000000000 0.0000000000 55.2018013000 142.5512084961 -0.5243152380
85.4658126831 0.9781043530 0.0000000000 0.0000000000 55.1255683899 130.6244506836 -0.5219978094
85.2753067017 1.0108478069 0.0000000000 0.0000000000 55.1190948486 117.9319992065 -0.5195676088
85.1127777100 1.0437726974 0.0000000000 0.0000000000 55.1074790955 105.9639739990 -0.5172971487
84.9828948975 1.0768698454 0.0000000000 0.0000000000 55.0959053040 96.6860961914 -0.5146712065
84.8901519775 1.1101527214 0.0000000000 0.0000000000 55.0826263428 87.7429504395 -0.5122290254
84.8304367065 1.1436303854 0.0000000000 0.0000000000 55.0758247375 79.5925064087 -0.5097769499
84.7984161377 1.1773108244 0.0000000000 0.0000000000 55.0817718506 72.0453872681 -0.5072205067
84.7838134766 1.2111797333 0.0000000000 0.0000000000 55.1019325256 65.5529327393 -0.5046311021
84.7683029175 1.2452360392 0.0000000000 0.0000000000 55.1706123352 59.3575210571 -0.5018993020
84.7385864258 1.2795212269 0.0000000000 0.0000000000 55.3038406372 54.2141990662 -0.4992243052
84.6880416870 1.3140259981 0.0000000000 0.0000000000 55.3671035767 48.9579238892 -0.4966092706
84.6266632080 1.3487035036 0.0000000000 0.0000000000 55.5002403259 44.3350028992 -0.4938984513
84.5569686890 1.3835496902 0.0000000000 0.0000000000 55.6594467163 40.4865303040 -0.4911700487
84.4808044434 1.4185705185 0.0000000000 0.0000000000 55.8010444641 36.9134216309 -0.4884808660
84.3955307007 1.4537252188 0.0000000000 0.0000000000 55.9484748840 33.3741989136 -0.4857527018
84.3020935059 1.4889765978 0.0000000000 0.0000000000 56.0929794312 30.2261371613 -0.4829981625
84.2014617920 1.5243003368 0.0000000000 0.0000000000 56.2608795166 27.4738960266 -0.4802612960
84.0981445312 1.5596963167 0.0000000000 0.0000000000 56.3993759155 25.0617122650 -0.4775471389
83.9995956421 1.5950965881 0.0000000000 0.0000000000 56.5486793518 22.8983154297 -0.4748368263
83.9117050171 1.6304734945 0.0000000000 0.0000000000 56.6734504700 20.8795127869 -0.4721774757
83.8326721191 1.6658288240 0.0000000000 0.0000000000 56.7855682373 18.7241058350 -0.4695728421
83.7548141479 1.7011576891 0.0000000000 0.0000000000 56.8587455750 17.1054229736 -0.4673246741
83.6720962524 1.7364009619 0.0000000000 0.0000000000 56.9064445496 15.7710037231 -0.4648358226
83.5868072510 1.7716171741 0.0000000000 0.0000000000 56.9572792053 14.4649429321 -0.4620578885
83.5020904541 1.8067686558 0.0000000000 0.0000000000 56.9640846252 13.1670331955 -0.4596445560
83.4181747437 1.8418674469 0.0000000000 0.0000000000 56.9615020752 11.8650588989 -0.4576942623
83.3336486816 1.8768928051 0.0000000000 0.0000000000 56.9845657349 10.7451086044 -0.4550131559
83.2440109253 1.9118325710 0.0000000000 0.0000000000 56.9474334717 9.9382467270 -0.4528062046
83.1483688354 1.9466470480 0.0000000000 0.0000000000 56.9506149292 9.0855350494 -0.4505633712
83.0486450195 1.9813793898 0.0000000000 0.0000000000 56.9389305115 8.1795167923 -0.4484443963
82.9467620850 2.0159900188 0.0000000000 0.0000000000 56.9119987488 7.5547351837 -0.4464236200
82.8464050293 2.0504450798 0.0000000000 0.0000000000 56.8947525024 6.9705877304 -0.4445056915
82.7522583008 2.0847332478 0.0000000000 0.0000000000 56.9678268433 6.4364366531 -0.4426431954
82.6663055420 2.1188266277 0.0000000000 0.0000000000 56.9151535034 5.8940000534 -0.4410867989
82.5879135132 2.1526710987 0.0000000000 0.0000000000 56.9110107422 5.4305357933 -0.4390345514
82.5180587769 2.1862528324 0.0000000000 0.0000000000 56.7952651978 4.9704408646 -0.4373100102
82.4549636841 2.2195918560 0.0000000000 0.0000000000 56.7382087708 4.7244019508 -0.4356469512
82.3990020752 2.2526671886 0.0000000000 0.0000000000 56.7302246094 4.4840121269 -0.4339989126
82.3490982056 2.2854704857 0.0000000000 0.0000000000 56.7573471069 4.2205324173 -0.4324729145
82.3033218384 2.3180260658 0.0000000000 0.0000000000 56.6799163818 3.8845391273 -0.4309715629
82.2598342896 2.3503687382 0.0000000000 0.0000000000 56.6551094055 3.7142648697 -0.4295210540
82.2147140503 2.3824965954 0.0000000000 0.0000000000 56.6359596252 3.5401473045 -0.4284282327
82.1659545898 2.4143879414 0.0000000000 0.0000000000 56.6126518250 3.1796445847 -0.4267208576
82.1125259399 2.4460701942 0.0000000000 0.0000000000 56.6605949402 2.8498215675 -0.4253114462
82.0574111938 2.4775657654 0.0000000000 0.0000000000 56.7042388916 2.8193101883 -0.4239567518
82.0020217896 2.5088636875 0.0000000000 0.0000000000 56.6648216248 2.7119979858 -0.4226127565
81.9469604492 2.5399627686 0.0000000000 0.0000000000 56.6710777283 2.6208796501 -0.4213133752
81.8926086426 2.5708594322 0.0000000000 0.0000000000 56.6614379883 2.5396585464 -0.4200015962
81.8405075073 2.6015577316 0.0000000000 0.0000000000 56.6356239319 2.3451182842 -0.4188316762
81.7917633057 2.6319911480 0.0000000000 0.0000000000 56.6497268677 2.0601286888 -0.4175588191
81.7466735840 2.6622188091 0.0000000000 0.0000000000 56.6401519775 2.0241677761 -0.4171805084
81.7059402466 2.6922509670 0.0000000000 0.0000000000 56.6509246826 2.2058527470 -0.4153565466
81.6675262451 2.7220799923 0.0000000000 0.0000000000 56.6450042725 2.0787994862 -0.4142335057
81.6304779053 2.7517061234 0.0000000000 0.0000000000 56.6410484314 1.8208055496 -0.4131563306
81.5946426392 2.7811112404 0.0000000000 0.0000000000 56.6034889221 1.7649539709 -0.4120873213
81.5578308105 2.8103382587 0.0000000000 0.0000000000 56.6264610291 1.9431440830 -0.4110932648
81.5199508667 2.8393485546 0.0000000000 0.0000000000 56.6633262634 1.9342026711 -0.4099965096
81.4795837402 2.8681852818 0.0000000000 0.0000000000 56.6264381409 1.7407622337 -0.4089797139
81.4353790283 2.8968482018 0.0000000000 0.0000000000 56.6430130005 1.6060913801 -0.4079747200
81.3885345459 2.9253594875 0.0000000000 0.0000000000 56.6999511719 1.6062493324 -0.4069930017
81.3417282104 2.9536781311 0.0000000000 0.0000000000 56.7120704651 1.5622627735 -0.4060151279
81.2962188721 2.9818098545 0.0000000000 0.0000000000 56.7243728638 1.5545156002 -0.4050519764
81.2526321411 3.0097699165 0.0000000000 0.0000000000 56.6874847412 1.5267376900 -0.4041605890
81.2118225098 3.0375440121 0.0000000000 0.0000000000 56.6889305115 1.4297597408 -0.4036950469
81.1760635376 3.0651607513 0.0000000000 0.0000000000 56.7302856445 1.3166261911 -0.4023739398
81.1427383423 3.0926208496 0.0000000000 0.0000000000 56.7775421143 1.3798222542 -0.4015538096
81.1114807129 3.1198983192 0.0000000000 0.0000000000 56.7532081604 1.4694621563 -0.4007505476
81.0816574097 3.1470096111 0.0000000000 0.0000000000 56.7748527527 1.5381582975 -0.3999814689
81.0532150269 3.1739487648 0.0000000000 0.0000000000 56.8176269531 1.6206223965 -0.3992449045
81.0257263184 3.2007365227 0.0000000000 0.0000000000 56.8429069519 1.7577881813 -0.3985209763
80.9980926514 3.2273790836 0.0000000000 0.0000000000 56.8620796204 1.9228935242 -0.3978278637
80.9694290161 3.2538542747 0.0000000000 0.0000000000 56.8861427307 1.9534429312 -0.3971589208
80.9397583008 3.2801795006 0.0000000000 0.0000000000 56.9049797058 1.8761605024 -0.3965055645
80.9096069336 3.3063311577 0.0000000000 0.0000000000 56.9324874878 2.1215763092 -0.3959768116
80.8808441162 3.3322660923 0.0000000000 0.0000000000 56.9600296021 2.4375157356 -0.3953068256
80.8521118164 3.3580105305 0.0000000000 0.0000000000 56.9844055176 2.2415730953 -0.3947286606
80.8240585327 3.3835523129 0.0000000000 0.0000000000 57.0078697205 2.0506834984 -0.3941881657
80.7963333130 3.4088687897 0.0000000000 0.0000000000 57.0342407227 2.0831158161 -0.3936251998
80.7695388794 3.4339418411 0.0000000000 0.0000000000 57.0608825684 2.1465280056 -0.3930832148
80.7431564331 3.4587759972 0.0000000000 0.0000000000 57.1250534058 2.1485424042 -0.3925500512
80.7178115845 3.4834032059 0.0000000000 0.0000000000 57.1402549744 2.2439022064 -0.3920498192
80.6925888062 3.5078065395 0.0000000000 0.0000000000 57.1749992371 2.5294561386 -0.3915240467
80.6675338745 3.5320007801 0.0000000000 0.0000000000 57.2165374756 2.7016534805 -0.3910246193
80.6420059204 3.5559861660 0.0000000000 0.0000000000 57.2613449097 2.2623908520 -0.3905138671
80.6165237427 3.5797433853 0.0000000000 0.0000000000 57.2949676514 2.0083549023 -0.3900277019
80.5920257568 3.6032547951 0.0000000000 0.0000000000 57.3506622314 2.2684473991 -0.3895319998
80.5683517456 3.6265029907 0.0000000000 0.0000000000 57.3948822021 2.3802125454 -0.3895789385
80.5481643677 3.6494758129 0.0000000000 0.0000000000 57.4469757080 2.7171449661 -0.3885512650
80.5281372070 3.6721837521 0.0000000000 0.0000000000 57.4544105530 3.0560207367 -0.3881509900
80.5091323853 3.6946077347 0.0000000000 0.0000000000 57.4859313965 2.9543056488 -0.3875270784
80.4901351929 3.7167639732 0.0000000000 0.0000000000 57.5307960510 2.8590667248 -0.3870076537
80.4716033936 3.7386705875 0.0000000000 0.0000000000 57.5704307556 2.7497706413 -0.3865602314
80.4541854858 3.7602636814 0.0000000000 0.0000000000 57.5858383179 2.6065206528 -0.3859716356
80.4362945557 3.7815802097 0.0000000000 0.0000000000 57.5907592773 2.7348785400 -0.3854440153
80.4172592163 3.8026139736 0.0000000000 0.0000000000 57.6048660278 3.0108308792 -0.3848830760
80.3960800171 3.8233776093 0.0000000000 0.0000000000 57.6114082336 3.2196459770 -0.3843316734
80.3748626709 3.8438508511 0.0000000000 0.0000000000 57.6198692322 3.5393390656 -0.3837624192
80.3543243408 3.8640499115 0.0000000000 0.0000000000 57.6378784180 3.8440926075 -0.3832049370
80.3339538574 3.8839931488 0.0000000000 0.0000000000 57.6572380066 3.5395090580 -0.3826353252
80.3133621216 3.9036595821 0.0000000000 0.0000000000 57.6434326172 2.9282865524 -0.3820629418
80.2926406860 3.9230656624 0.0000000000 0.0000000000 57.6454849243 3.1654427052 -0.3814974129
80.2715225220 3.9422018528 0.0000000000 0.0000000000 57.6605377197 3.5357973576 -0.3809332848
80.2501144409 3.9610707760 0.0000000000 0.0000000000 57.6830482483 2.9071004391 -0.3803989589
80.2283325195 3.9796738625 0.0000000000 0.0000000000 57.6881561279 2.5295031071 -0.3797975183
80.2061309814 3.9979739189 0.0000000000 0.0000000000 57.6898880005 3.0760362148 -0.3791675270
80.1843414307 4.0160140991 0.0000000000 0.0000000000 57.6872749329 3.2969834805 -0.3785622120
80.1630630493 4.0337967873 0.0000000000 0.0000000000 57.7052459717 2.9620945454 -0.3779397905
80.1425170898 4.0513024330 0.0000000000 0.0000000000 57.6984024048 3.0890500546 -0.3773197234
80.1229019165 4.0685524940 0.0000000000 0.0000000000 57.6963577271 3.1112711430 -0.3766807914
80.1040115356 4.0855388641 0.0000000000 0.0000000000 57.7036666870 2.7221102715 -0.3760921955
80.0848312378 4.1022734642 0.0000000000 0.0000000000 57.7111587524 2.8028767109 -0.3755024672
80.0645904541 4.1187400818 0.0000000000 0.0000000000 57.7121353149 3.1079833508 -0.3749029040
80.0441360474 4.1349606514 0.0000000000 0.0000000000 57.7180404663 3.3983659744 -0.3743178248
80.0241012573 4.1509475708 0.0000000000 0.0000000000 57.7305984497 3.7489778996 -0.3737604022
80.0043869019 4.1666750908 0.0000000000 0.0000000000 57.7533340454 3.8314583302 -0.3731560111
79.9847488403 4.1821722984 0.0000000000 0.0000000000 57.7943801880 3.8605060577 -0.3725880384
79.9651565552 4.1974449158 0.0000000000 0.0000000000 57.7708282471 4.1273660660 -0.3720160425
79.9460220337 4.2124867439 0.0000000000 0.0000000000 57.7789268494 4.3309698105 -0.3714570105
79.9281234741 4.2272920609 0.0000000000 0.0000000000 57.7951622009 4.4214520454 -0.3708856702
79.9107360840 4.2418699265 0.0000000000 0.0000000000 57.7942962646 4.6597061157 -0.3703294992
79.8934707642 4.2562155724 0.0000000000 0.0000000000 57.7952232361 5.0575575829 -0.3697820902
79.8762664795 4.2703146935 0.0000000000 0.0000000000 57.8171577454 5.1203136444 -0.3693411052
79.8602066040 4.2841691971 0.0000000000 0.0000000000 57.8075828552 4.8839116096 -0.3686850965
79.8444061279 4.2978105545 0.0000000000 0.0000000000 57.8242912292 4.7765049934 -0.3681294918
79.8289642334 4.3112421036 0.0000000000 0.0000000000 57.8043746948 4.8068213463 -0.3676021397
79.8135528564 4.3244686127 0.0000000000 0.0000000000 57.8016662598 5.0447878838 -0.3670426011
79.7984313965 4.3374862671 0.0000000000 0.0000000000 57.8046760559 5.1954493523 -0.3665160537
79.7835540771 4.3502821922 0.0000000000 0.0000000000 57.8070640564 4.8615164757 -0.3659654558
79.7691879272 4.3628525734 0.0000000000 0.0000000000 57.8040351868 4.8686661720 -0.3654362857
79.7545700073 4.3752069473 0.0000000000 0.0000000000 57.8217048645 5.3642659187 -0.3649034202
79.7392959595 4.3873376846 0.0000000000 0.0000000000 57.8255043030 5.5970239639 -0.3643706739
79.7240447998 4.3992404938 0.0000000000 0.0000000000 57.8458175659 5.8024086952 -0.3638487458
79.7090072632 4.4109034538 0.0000000000 0.0000000000 57.8779449463 5.6469593048 -0.3633384407
79.6942291260 4.4223275185 0.0000000000 0.0000000000 57.9351539612 5.4265885353 -0.3627849221
79.6795730591 4.4335594177 0.0000000000 0.0000000000 57.9819755554 5.4123687744 -0.3622714877
79.6655197144 4.4445919991 0.0000000000 0.0000000000 57.9702453613 5.7634081841 -0.3617242575
79.6520996094 4.4554452896 0.0000000000 0.0000000000 57.9272232056 6.2579622269 -0.3612037897
79.6389160156 4.4661288261 0.0000000000 0.0000000000 57.9395294189 6.3604435921 -0.3606864810
79.6259689331 4.4766197205 0.0000000000 0.0000000000 57.9842567444 6.0119647980 -0.3605624735
79.6148147583 4.4869432449 0.0000000000 0.0000000000 57.9815292358 5.5422463417 -0.3597365320
79.6037521362 4.4971208572 0.0000000000 0.0000000000 57.9866294861 5.7811393738 -0.3591284752
79.5922927856 4.5071439743 0.0000000000 0.0000000000 58.0047950745 6.0796656609 -0.3587551117
79.5815811157 4.5169911385 0.0000000000 0.0000000000 58.0326919556 6.0592241287 -0.3581366539
79.5707321167 4.5266799927 0.0000000000 0.0000000000 58.0632095337 6.0577564240 -0.3585424423
79.5628356934 4.5361480713 0.0000000000 0.0000000000 58.1096115112 5.6275887489 -0.3571929336
79.5526580811 4.5454392433 0.0000000000 0.0000000000 58.0491523743 5.4315023422 -0.3567506075
79.5404510498 4.5545678139 0.0000000000 0.0000000000 58.0626068115 5.4700145721 -0.3562853336
79.5276718140 4.5635204315 0.0000000000 0.0000000000 58.0911598206 5.4659080505 -0.3558689654
79.5152435303 4.5723133087 0.0000000000 0.0000000000 58.0854911804 4.9736318588 -0.3554049730
79.5027542114 4.5809388161 0.0000000000 0.0000000000 58.1177101135 5.4456157684 -0.3549979627
79.4897155762 4.5894145966 0.0000000000 0.0000000000 58.1401672363 6.0605707169 -0.3545835614
79.4772872925 4.5977249146 0.0000000000 0.0000000000 58.1378669739 5.4567732811 -0.3541261852
79.4662399292 4.6058826447 0.0000000000 0.0000000000 58.1480751038 5.1188359261 -0.3536881208
79.4567260742 4.6139078140 0.0000000000 0.0000000000 58.1878204346 5.2641901970 -0.3532780111
79.4483871460 4.6218223572 0.0000000000 0.0000000000 58.2026977539 5.9542188644 -0.3528969586
79.4398574829 4.6296420097 0.0000000000 0.0000000000 58.2316398621 6.9835767746 -0.3524354994
79.4311981201 4.6373682022 0.0000000000 0.0000000000 58.2829475403 7.0960230827 -0.3519877493
79.4219284058 4.6450018883 0.0000000000 0.0000000000 58.3093986511 7.5362620354 -0.3515914083
79.4130020142 4.6525201797 0.0000000000 0.0000000000 58.3666992188 7.3168559074 -0.3511383235
79.4042434692 4.6599459648 0.0000000000 0.0000000000 58.3430099487 6.3151040077 -0.3507442474
79.3954620361 4.6672735214 0.0000000000 0.0000000000 58.3298797607 6.9484286308 -0.3503139615
79.3867950439 4.6744823456 0.0000000000 0.0000000000 58.3475189209 7.6397027969 -0.3498968780
79.3787918091 4.6815638542 0.0000000000 0.0000000000 58.3471603394 7.3853511810 -0.3494907320
79.3717117310 4.6885285378 0.0000000000 0.0000000000 58.3672790527 7.3684697151 -0.3490765095
79.3650665283 4.6953682899 0.0000000000 0.0000000000 58.3900337219 7.0672793388 -0.3486734033
79.3586730957 4.7021083832 0.0000000000 0.0000000000 58.4005851746 7.4472599030 -0.3482711911
79.3522033691 4.7087697983 0.0000000000 0.0000000000 58.4186897278 8.0316858292 -0.3479202986
79.3454132080 4.7153205872 0.0000000000 0.0000000000 58.4149475098 8.0258913040 -0.3474680781
79.3379364014 4.7218074799 0.0000000000 0.0000000000 58.4108734131 8.9019432068 -0.3470572233
79.3290176392 4.7282304764 0.0000000000 0.0000000000 58.4195747375 9.5240201950 -0.3466438949
79.3187713623 4.7345867157 0.0000000000 0.0000000000 58.4135093689 9.8571825027 -0.3462261558
79.3077316284 4.7408776283 0.0000000000 0.0000000000 58.4263229370 10.5336217880 -0.3458184600
79.2970275879 4.7470917702 0.0000000000 0.0000000000 58.4383583069 10.7292871475 -0.3453873992
79.2872467041 4.7532176971 0.0000000000 0.0000000000 58.4374961853 10.2834825516 -0.3449954987
79.2785949707 4.7592573166 0.0000000000 0.0000000000 58.4474449158 10.3498430252 -0.3445738554
79.2701873779 4.7652211189 0.0000000000 0.0000000000 58.4597854614 9.6005582809 -0.3441830873
79.2621994019 4.7711071968 0.0000000000 0.0000000000 58.4641647339 9.0491504669 -0.3437615335
79.2551956177 4.7768907547 0.0000000000 0.0000000000 58.4956703186 8.9733734131 -0.3433684111
79.2486801147 4.7825965881 0.0000000000 0.0000000000 58.5445861816 9.1873559952 -0.3429443836
79.2417144775 4.7882213593 0.0000000000 0.0000000000 58.5226478577 9.7040033340 -0.3425581455
79.2344589233 4.7937893867 0.0000000000 0.0000000000 58.5334053040 10.2823467255 -0.3421210945
79.2268600464 4.7992987633 0.0000000000 0.0000000000 58.5357666016 10.0608062744 -0.3417463303
79.2194900513 4.8047266006 0.0000000000 0.0000000000 58.5435867310 9.2956800461 -0.3413059711
79.2123947144 4.8100733757 0.0000000000 0.0000000000 58.5642623901 8.8588924408 -0.3409278691
79.2059249878 4.8153405190 0.0000000000 0.0000000000 58.5867080688 8.4053516388 -0.3404955566
79.1988601685 4.8205375671 0.0000000000 0.0000000000 58.5616950989 7.9358153343 -0.3401099443
79.1925277710 4.8256521225 0.0000000000 0.0000000000 58.5635948181 8.8666954041 -0.3396809101
79.1857833862 4.8306751251 0.0000000000 0.0000000000 58.5678863525 9.6072282791 -0.3392984867
79.1783905029 4.8356313705 0.0000000000 0.0000000000 58.5705986023 8.8206939697 -0.3388750553
79.1698608398 4.8405375481 0.0000000000 0.0000000000 58.5762786865 8.3635416031 -0.3385027647
79.1614761353 4.8453717232 0.0000000000 0.0000000000 58.5755805969 8.3895893097 -0.3380725384
79.1533813477 4.8501691818 0.0000000000 0.0000000000 58.5732269287 7.8971281052 -0.3376885653
79.1461257935 4.8549337387 0.0000000000 0.0000000000 58.5846672058 7.4066038132 -0.3372956812
79.1390380859 4.8596620560 0.0000000000 0.0000000000 58.5747528076 7.5038218498 -0.3369062841
79.1320037842 4.8643789291 0.0000000000 0.0000000000 58.5711364746 7.8295536041 -0.3365442753
79.1249847412 4.8690910339 0.0000000000 0.0000000000 58.5725440979 7.7455606461 -0.3361405134
79.1180343628 4.8738017082 0.0000000000 0.0000000000 58.5823364258 7.7358927727 -0.3358024359
79.1110000610 4.8784546852 0.0000000000 0.0000000000 58.5811500549 7.7723317146 -0.3353849947
79.1038970947 4.8830809593 0.0000000000 0.0000000000 58.5438003540 7.6572527885 -0.3350338936
79.0965728760 4.8876938820 0.0000000000 0.0000000000 58.5382995605 8.1443958282 -0.3346510231
79.0899124146 4.8922882080 0.0000000000 0.0000000000 58.5713348389 8.8615293503 -0.3342794776
79.0838012695 4.8968544006 0.0000000000 0.0000000000 58.5177726746 9.1627225876 -0.3339219391
79.0782852173 4.9013977051 0.0000000000 0.0000000000 58.5054702759 9.3140153885 -0.3335356414
79.0727615356 4.9059138298 0.0000000000 0.0000000000 58.4981727600 9.3037281036 -0.3331083059
79.0671081543 4.9103808403 0.0000000000 0.0000000000 58.4938735962 8.8392486572 -0.3328320384
79.0613479614 4.9148125648 0.0000000000 0.0000000000 58.4756202698 8.2057170868 -0.3324756026
79.0551834106 4.9192128181 0.0000000000 0.0000000000 58.4697456360 7.6564841270 -0.3320941925
79.0491256714 4.9235920906 0.0000000000 0.0000000000 58.4680595398 7.3684902191 -0.3317627311
79.0431594849 4.9279456139 0.0000000000 0.0000000000 58.4685707092 7.2250828743 -0.3313843310
79.0372085571 4.9322743416 0.0000000000 0.0000000000 58.4703483582 6.8811650276 -0.3310424685
79.0313262939 4.9365706444 0.0000000000 0.0000000000 58.4467964172 6.7239460945 -0.3306914866
79.0257720947 4.9408345222 0.0000000000 0.0000000000 58.4381675720 7.2623648643 -0.3303233087
79.0203247070 4.9450454712 0.0000000000 0.0000000000 58.4382209778 8.1448745728 -0.3300078511
79.0151824951 4.9492120743 0.0000000000 0.0000000000 58.4326133728 8.8771648407 -0.3296386600
79.0097808838 4.9532990456 0.0000000000 0.0000000000 58.4457359314 9.3913879395 -0.3293274641
79.0046234131 4.9573459625 0.0000000000 0.0000000000 58.4829940796 9.8232727051 -0.3289931715
78.9988632202 4.9613494873 0.0000000000 0.0000000000 58.4278144836 10.1018724442 -0.3286864460
78.9932250977 4.9653162956 0.0000000000 0.0000000000 58.4105873108 10.2046146393 -0.3283720315
78.9874420166 4.9692587852 0.0000000000 0.0000000000 58.4048461914 10.5565309525 -0.3280931711
78.9819259644 4.9731569290 0.0000000000 0.0000000000 58.4171066284 11.3386688232 -0.3277845085
78.9764404297 4.9769983292 0.0000000000 0.0000000000 58.4173278809 11.8262624741 -0.3274516761
78.9710235596 4.9808020592 0.0000000000 0.0000000000 58.4054336548 11.3487348557 -0.3271634877
78.9659805298 4.9845633507 0.0000000000 0.0000000000 58.3990516663 10.7806234360 -0.3268638253
78.9613952637 4.9882922173 0.0000000000 0.0000000000 58.3961334229 11.0478935242 -0.3265484571
78.9569168091 4.9920129776 0.0000000000 0.0000000000 58.4124336243 11.7533712387 -0.3262574673
78.9521255493 4.9957299232 0.0000000000 0.0000000000 58.3886222839 12.3112745285 -0.3259229958
78.9472274780 4.9994492531 0.0000000000 0.0000000000 58.3817291260 11.9290533066 -0.3256414831
78.9423675537 5.0031652451 0.0000000000 0.0000000000 58.3743400574 10.8419208527 -0.3252929449
78.9373321533 5.0068874359 0.0000000000 0.0000000000 58.3642005920 11.0645952225 -0.3250266612
78.9323883057 5.0106024742 0.0000000000 0.0000000000 58.3607139587 11.8588151932 -0.3246702850
78.9273376465 5.0143084526 0.0000000000 0.0000000000 58.3627815247 11.7689523697 -0.3244133890
78.9223251343 5.0180001259 0.0000000000 0.0000000000 58.3922080994 11.7039260864 -0.3240583837
78.9173126221 5.0216660500 0.0000000000 0.0000000000 58.3627586365 11.8518753052 -0.3238022327
78.9122009277 5.0252823830 0.0000000000 0.0000000000 58.3572387695 12.0226602554 -0.3234745860
78.9076080322 5.0288538933 0.0000000000 0.0000000000 58.3528442383 12.2081308365 -0.3232035339
78.9032745361 5.0323777199 0.0000000000 0.0000000000 58.3640785217 12.2665367126 -0.3229137063
78.8992538452 5.0358633995 0.0000000000 0.0000000000 58.3592567444 12.4408826828 -0.3226208389
78.8951568604 5.0393137932 0.0000000000 0.0000000000 58.3553657532 12.8401231766 -0.3223568201
78.8913040161 5.0427403450 0.0000000000 0.0000000000 58.3546829224 13.0413961411 -0.3220561445
78.8872375488 5.0461497307 0.0000000000 0.0000000000 58.3471374512 14.0424108505 -0.3217944503
78.8831405640 5.0495371819 0.0000000000 0.0000000000 58.3456802368 14.8637542725 -0.3215143681
78.8785400391 5.0528917313 0.0000000000 0.0000000000 58.3368148804 14.5914430618 -0.3212318122
78.8739776611 5.0561957359 0.0000000000 0.0000000000 58.3311805725 14.6835622787 -0.3209806085
78.8694610596 5.0594310760 0.0000000000 0.0000000000 58.3219375610 13.6088914871 -0.3206858039
78.8651962280 5.0626058578 0.0000000000 0.0000000000 58.3134460449 12.7537736893 -0.3204412460
78.8608398438 5.0657248497 0.0000000000 0.0000000000 58.3155746460 12.7276401520 -0.3201794922
78.8567886353 5.0687918663 0.0000000000 0.0000000000 58.2855987549 12.6172685623 -0.3198970854
78.8524475098 5.0718073845 0.0000000000 0.0000000000 58.2692184448 12.4696044922 -0.3196514845
78.8479995728 5.0747852325 0.0000000000 0.0000000000 58.2712593079 12.1190347672 -0.3193683028
78.8432006836 5.0777215958 0.0000000000 0.0000000000 58.3048553467 12.1377744675 -0.3191580176
78.8383560181 5.0806150436 0.0000000000 0.0000000000 58.2804069519 12.2140140533 -0.3189085126
78.8338775635 5.0834836960 0.0000000000 0.0000000000 58.2756271362 12.0860099792 -0.3186592758
78.8297576904 5.0863485336 0.0000000000 0.0000000000 58.2742958069 12.0377368927 -0.3183755577
78.8254394531 5.0892109871 0.0000000000 0.0000000000 58.2778549194 12.4657201767 -0.3181533217
78.8210983276 5.0920510292 0.0000000000 0.0000000000 58.2448310852 13.1187629700 -0.3178970218
78.8166656494 5.0948605537 0.0000000000 0.0000000000 58.2265319824 13.4673252106 -0.3176552653
78.8126831055 5.0976414680 0.0000000000 0.0000000000 58.2061767578 13.2336711884 -0.3174253702
78.8086471558 5.1004090309 0.0000000000 0.0000000000 58.1922798157 12.7906141281 -0.3171777129
78.8049087524 5.1031694412 0.0000000000 0.0000000000 58.1832427979 12.9799585342 -0.3169640303
78.8010177612 5.1059403419 0.0000000000 0.0000000000 58.1692352295 13.4723615646 -0.3167300224
78.7974395752 5.1086978912 0.0000000000 0.0000000000 58.1553039551 13.3131942749 -0.3165298700
78.7938308716 5.1114516258 0.0000000000 0.0000000000 58.1422348022 12.5902967453 -0.3162915111
78.7900924683 5.1141982079 0.0000000000 0.0000000000 58.1360816956 12.3186483383 -0.3160786331
78.7864913940 5.1169338226 0.0000000000 0.0000000000 58.1327705383 12.5370683670 -0.3158548474
78.7830734253 5.1196336746 0.0000000000 0.0000000000 58.1303100586 12.6352663040 -0.3156699836
78.7796096802 5.1223244667 0.0000000000 0.0000000000 58.1283721924 12.7722864151 -0.3154307604
78.7763061523 5.1250262260 0.0000000000 0.0000000000 58.1170616150 13.3918704987 -0.3152735531
78.7733230591 5.1277241707 0.0000000000 0.0000000000 58.0926361084 14.2565393448 -0.3150424957
78.7709579468 5.1303672791 0.0000000000 0.0000000000 58.0745124817 14.5709381104 -0.3148885369
78.7686080933 5.1329965591 0.0000000000 0.0000000000 58.0689010620 14.1322059631 -0.3146858215
78.7661666870 5.1356115341 0.0000000000 0.0000000000 58.0687904358 13.5939340591 -0.3145166337
78.7636032104 5.1382145882 0.0000000000 0.0000000000 58.0703735352 13.4672079086 -0.3143501878
78.7610626221 5.1407918930 0.0000000000 0.0000000000 58.0718307495 13.5435371399 -0.3141656220
78.7582855225 5.1433477402 0.0000000000 0.0000000000 58.0458869934 13.4798460007 -0.3140124083
78.7556991577 5.1458792686 0.0000000000 0.0000000000 58.0319480896 13.3479471207 -0.3138227761
78.7530059814 5.1483983994 0.0000000000 0.0000000000 58.0161590576 13.5972385406 -0.3136664033
78.7507553101 5.1509213448 0.0000000000 0.0000000000 58.0097541809 14.3382606506 -0.3134878576
78.7485733032 5.1534218788 0.0000000000 0.0000000000 57.9995536804 14.9917316437 -0.3133229613
78.7464294434 5.1559243202 0.0000000000 0.0000000000 57.9820861816 15.0907220840 -0.3131636977
78.7436676025 5.1584396362 0.0000000000 0.0000000000 57.9895210266 14.8126468658 -0.3129771352
78.7406311035 5.1609601974 0.0000000000 0.0000000000 57.9631042480 14.7319889069 -0.3128364384
78.7372589111 5.1634807587 0.0000000000 0.0000000000 57.9572677612 15.2077398300 -0.3126268089
78.7341308594 5.1659808159 0.0000000000 0.0000000000 57.9498443604 15.8750009537 -0.3124975562
78.7310562134 5.1684422493 0.0000000000 0.0000000000 57.9357872009 16.1240291595 -0.3122820854
78.7277984619 5.1708302498 0.0000000000 0.0000000000 57.9397354126 16.0220794678 -0.3121481240
78.7245254517 5.1732053757 0.0000000000 0.0000000000 57.9259796143 15.9767732620 -0.3119385839
78.7214202881 5.1755585670 0.0000000000 0.0000000000 57.9296836853 16.0142116547 -0.3117902279
78.7184524536 5.1778998375 0.0000000000 0.0000000000 57.9295692444 16.1565856934 -0.3115980327
78.7149429321 5.1802411079 0.0000000000 0.0000000000 57.9240570068 16.6990261078 -0.3114265501
78.7114181519 5.1825537682 0.0000000000 0.0000000000 57.9185295105 17.5423240662 -0.3112450540
78.7079467773 5.1848382950 0.0000000000 0.0000000000 57.9041213989 18.0686740875 -0.3110740781
78.7044982910 5.1871056557 0.0000000000 0.0000000000 57.8984718323 17.9735507965 -0.3108793497
78.7013931274 5.1893301010 0.0000000000 0.0000000000 57.8963432312 17.4030170441 -0.3107399940
78.6981887817 5.1915602684 0.0000000000 0.0000000000 57.9087677002 16.8390598297 -0.3105196953
78.6956100464 5.1938076019 0.0000000000 0.0000000000 57.8993186951 16.8908901215 -0.3104040623
78.6932067871 5.1960721016 0.0000000000 0.0000000000 57.9070968628 17.6174144745 -0.3101833165
78.6908950806 5.1983404160 0.0000000000 0.0000000000 57.9321670532 18.5015563965 -0.3100477755
78.6884155273 5.2006206512 0.0000000000 0.0000000000 57.9434204102 18.9808120728 -0.3098572493
78.6857070923 5.2028999329 0.0000000000 0.0000000000 57.9184722900 19.1102218628 -0.3096908033
78.6827545166 5.2052049637 0.0000000000 0.0000000000 57.9111862183 19.1978645325 -0.3095440269
78.6796264648 5.2075319290 0.0000000000 0.0000000000 57.9064331055 19.1675548553 -0.3093627989
78.6767501831 5.2098650932 0.0000000000 0.0000000000 57.9043350220 19.3623332977 -0.3091961443
78.6740188599 5.2121996880 0.0000000000 0.0000000000 57.9099845886 19.8353557587 -0.3090569973
78.6712036133 5.2145271301 0.0000000000 0.0000000000 57.9058380127 19.8253307343 -0.3088829219
78.6682510376 5.2168316841 0.0000000000 0.0000000000 57.9028167725 19.1235675812 -0.3087626398
78.6650390625 5.2191042900 0.0000000000 0.0000000000 57.9130477905 18.5972423553 -0.3086005449
78.6622085571 5.2213478088 0.0000000000 0.0000000000 57.9125442505 18.7990207672 -0.3084778786
78.6599044800 5.2235317230 0.0000000000 0.0000000000 57.8932342529 19.1252422333 -0.3083448112
78.6575775146 5.2256393433 0.0000000000 0.0000000000 57.8737945557 18.9867057800 -0.3082149029
78.6548461914 5.2276983261 0.0000000000 0.0000000000 57.8708763123 18.3119487762 -0.3081018925
78.6517868042 5.2297005653 0.0000000000 0.0000000000 57.8772583008 17.4266815186 -0.3079753220
78.6492462158 5.2316603661 0.0000000000 0.0000000000 57.8843116760 16.8046913147 -0.3078606725
78.6470336914 5.2335786819 0.0000000000 0.0000000000 57.8834800720 16.7279014587 -0.3077564538
78.6453552246 5.2354502678 0.0000000000 0.0000000000 57.8836975098 16.9915847778 -0.3076187670
78.6434020996 5.2372875214 0.0000000000 0.0000000000 57.8965835571 17.5277194977 -0.3075565398
78.6415557861 5.2390680313 0.0000000000 0.0000000000 57.9122695923 18.3005142212 -0.3073941171
78.6393203735 5.2408194542 0.0000000000 0.0000000000 57.9151191711 18.7977561951 -0.3073099256
78.6371002197 5.2425460815 0.0000000000 0.0000000000 57.9161491394 18.7805843353 -0.3071676195
78.6345367432 5.2442378998 0.0000000000 0.0000000000 57.9095993042 18.7690448761 -0.3070927858
78.6316223145 5.2459030151 0.0000000000 0.0000000000 57.9203300476 19.2390327454 -0.3069392145
78.6288528442 5.2475032806 0.0000000000 0.0000000000 57.9242706299 20.1577453613 -0.3069185615
78.6262435913 5.2490482330 0.0000000000 0.0000000000 57.9225463867 20.9410495758 -0.3066985607
78.6240997314 5.2505345345 0.0000000000 0.0000000000 57.9179801941 20.8509998322 -0.3067775965
78.6220169067 5.2519798279 0.0000000000 0.0000000000 57.9204788208 19.8928794861 -0.3064391017
78.6201171875 5.2533836365 0.0000000000 0.0000000000 57.9169998169 18.8313026428 -0.3066469729
78.6180648804 5.2547497749 0.0000000000 0.0000000000 57.9069519043 18.2662277222 -0.3062034845
78.6163482666 5.2561016083 0.0000000000 0.0000000000 57.9153404236 18.0973873138 -0.3064638972
78.6151123047 5.2574410439 0.0000000000 0.0000000000 57.8984565735 17.9746494293 -0.3060656190
78.6139450073 5.2587881088 0.0000000000 0.0000000000 57.8988647461 17.8624038696 -0.3061768413
78.6125793457 5.2601318359 0.0000000000 0.0000000000 57.9148483276 17.9740867615 -0.3060270548
78.6107177734 5.2614755630 0.0000000000 0.0000000000 57.9004440308 18.2848529816 -0.3058822155
78.6086425781 5.2627840042 0.0000000000 0.0000000000 57.8794250488 18.4738807678 -0.3059511185
78.6068420410 5.2640666962 0.0000000000 0.0000000000 57.8752288818 18.3859767914 -0.3056855798
78.6049499512 5.2653346062 0.0000000000 0.0000000000 57.8695602417 18.2179412842 -0.3057577014
78.6037673950 5.2665910721 0.0000000000 0.0000000000 57.8797912598 18.3543910980 -0.3056206703
78.6026535034 5.2678451538 0.0000000000 0.0000000000 57.9137802124 18.7832489014 -0.3054709733
78.6016998291 5.2691030502 0.0000000000 0.0000000000 57.8914146423 19.0958709717 -0.3055987656
78.6007537842 5.2703585625 0.0000000000 0.0000000000 57.8695983887 19.4247570038 -0.3052567244
78.5995254517 5.2716393471 0.0000000000 0.0000000000 57.8717956543 20.0577907562 -0.3053496778
78.5983886719 5.2729611397 0.0000000000 0.0000000000 57.8784332275 20.6589317322 -0.3051851988
78.5970687866 5.2743177414 0.0000000000 0.0000000000 57.8831062317 20.7238445282 -0.3050571680
78.5956878662 5.2757019997 0.0000000000 0.0000000000 57.8689270020 20.1126708984 -0.3051022291
78.5945205688 5.2770957947 0.0000000000 0.0000000000 57.8683967590 19.1362953186 -0.3048561215
78.5933074951 5.2785129547 0.0000000000 0.0000000000 57.8716163635 18.4152431488 -0.3049000204
78.5921936035 5.2799587250 0.0000000000 0.0000000000 57.8750343323 18.5876846313 -0.3047661483
78.5909500122 5.2814221382 0.0000000000 0.0000000000 57.8759918213 19.4419326782 -0.3046743572
78.5896377563 5.2828941345 0.0000000000 0.0000000000 57.8751296997 19.9345893860 -0.3046292961
78.5880889893 5.2843685150 0.0000000000 0.0000000000 57.8796920776 19.6744194031 -0.3045167625
78.5866622925 5.2858462334 0.0000000000 0.0000000000 57.8776092529 19.6414108276 -0.3044449389
78.5851821899 5.2873311043 0.0000000000 0.0000000000 57.8871345520 20.5428829193 -0.3043919504
78.5837326050 5.2888145447 0.0000000000 0.0000000000 57.9097061157 22.3302288055 -0.3042628765
78.5820236206 5.2903165817 0.0000000000 0.0000000000 57.8821983337 24.7024955750 -0.3042351902
78.5802154541 5.2918272018 0.0000000000 0.0000000000 57.8756484985 26.3439846039 -0.3041198850
78.5784378052 5.2933506966 0.0000000000 0.0000000000 57.8834571838 26.2153644562 -0.3040443659
78.5763778687 5.2948708534 0.0000000000 0.0000000000 57.9031753540 25.4461040497 -0.3039753139
78.5747375488 5.2963819504 0.0000000000 0.0000000000 57.8756484985 25.0383644104 -0.3038693070
78.5732116699 5.2978701591 0.0000000000 0.0000000000 57.8611068726 24.7661132812 -0.3038114309
78.5722732544 5.2993497849 0.0000000000 0.0000000000 57.8566703796 24.3730964661 -0.3036932051
78.5713958740 5.3008332253 0.0000000000 0.0000000000 57.8625068665 24.2045440674 -0.3036423624
78.5708007812 5.3023252487 0.0000000000 0.0000000000 57.8689689636 24.7248096466 -0.3035227060
78.5697937012 5.3038201332 0.0000000000 0.0000000000 57.8811111450 25.9071693420 -0.3034788966
78.5690078735 5.3053240776 0.0000000000 0.0000000000 57.8905143738 27.3234500885 -0.3033464551
78.5677337646 5.3068332672 0.0000000000 0.0000000000 57.8911933899 28.2457122803 -0.3033283353
78.5666732788 5.3083190918 0.0000000000 0.0000000000 57.8942337036 27.9362812042 -0.3031761646
78.5658111572 5.3097858429 0.0000000000 0.0000000000 57.8883934021 27.6085891724 -0.3031836748
78.5651779175 5.3112359047 0.0000000000 0.0000000000 57.8920478821 27.8478603363 -0.3030467331
78.5647964478 5.3126482964 0.0000000000 0.0000000000 57.8929862976 28.2420768738 -0.3030226529
78.5638732910 5.3140368462 0.0000000000 0.0000000000 57.9053764343 28.9622344971 -0.3028989732
78.5631103516 5.3154077530 0.0000000000 0.0000000000 57.8983573914 29.8695411682 -0.3028581738
78.5620498657 5.3167657852 0.0000000000 0.0000000000 57.8711090088 30.1652526855 -0.3027532995
78.5611267090 5.3181252480 0.0000000000 0.0000000000 57.8818817139 29.3505210876 -0.3027148545
78.5596313477 5.3194847107 0.0000000000 0.0000000000 57.8958473206 28.4770145416 -0.3025735915
78.5585098267 5.3208384514 0.0000000000 0.0000000000 57.8929214478 28.5393543243 -0.3026072979
78.5573654175 5.3221707344 0.0000000000 0.0000000000 57.8884315491 29.3579425812 -0.3023984730
78.5564575195 5.3234724998 0.0000000000 0.0000000000 57.8946037292 30.1337261200 -0.3024717867
78.5556488037 5.3247408867 0.0000000000 0.0000000000 57.8880081177 29.3806419373 -0.3022967875
78.5547943115 5.3260087967 0.0000000000 0.0000000000 57.9052810669 27.3780689240 -0.3022852540
78.5536880493 5.3272585869 0.0000000000 0.0000000000 57.9265174866 25.4833774567 -0.3022413254
78.5524291992 5.3285045624 0.0000000000 0.0000000000 57.9349670410 24.3380813599 -0.3020930588
78.5510330200 5.3297271729 0.0000000000 0.0000000000 57.9399986267 23.6740474701 -0.3021536469
78.5496978760 5.3309440613 0.0000000000 0.0000000000 57.9367790222 23.5867271423 -0.3019634187
78.5483779907 5.3321461678 0.0000000000 0.0000000000 57.9452629089 24.4827919006 -0.3020018041
78.5469894409 5.3333487511 0.0000000000 0.0000000000 57.9532165527 25.3033847809 -0.3018973768
78.5459976196 5.3345403671 0.0000000000 0.0000000000 57.9698333740 25.3453159332 -0.3018423915
78.5450897217 5.3357229233 0.0000000000 0.0000000000 57.9858322144 26.1926498413 -0.3018228710
78.5445327759 5.3368964195 0.0000000000 0.0000000000 57.9861640930 26.1561546326 -0.3017355204
78.5437622070 5.3380713463 0.0000000000 0.0000000000 57.9931068420 25.0904941559 -0.3017036617
78.5429382324 5.3392424583 0.0000000000 0.0000000000 58.0165824890 24.6832466125 -0.3016565144
78.5420455933 5.3404006958 0.0000000000 0.0000000000 58.0290489197 24.2344017029 -0.3015736341
78.5413131714 5.3415489197 0.0000000000 0.0000000000 58.0496368408 24.2921657562 -0.3015462160
78.5408401489 5.3426833153 0.0000000000 0.0000000000 58.0469131470 23.6203899384 -0.3014741838
78.5407409668 5.3438115120 0.0000000000 0.0000000000 58.0649185181 23.6189613342 -0.3013962805
78.5404052734 5.3449172974 0.0000000000 0.0000000000 58.0845069885 23.2777309418 -0.3013969958
78.5404510498 5.3459858894 0.0000000000 0.0000000000 58.0967597961 24.6401462555 -0.3012602925
78.5400924683 5.3470110893 0.0000000000 0.0000000000 58.1106987000 25.1178531647 -0.3013084829
78.5398101807 5.3479943275 0.0000000000 0.0000000000 58.1093826294 25.1753807068 -0.3011536598
78.5388183594 5.3489603996 0.0000000000 0.0000000000 58.1111412048 25.0187244415 -0.3012188971
78.5380554199 5.3499121666 0.0000000000 0.0000000000 58.0990753174 24.5639495850 -0.3010658920
78.5369873047 5.3508329391 0.0000000000 0.0000000000 58.0917434692 24.9480667114 -0.3011411428
78.5364761353 5.3517122269 0.0000000000 0.0000000000 58.0905189514 24.5130462646 -0.3009930551
78.5358886719 5.3525528908 0.0000000000 0.0000000000 58.0838279724 24.8327293396 -0.3010845780
78.5356216431 5.3533883095 0.0000000000 0.0000000000 58.0818710327 25.0977077484 -0.3009190857
78.5349655151 5.3542275429 0.0000000000 0.0000000000 58.0751304626 25.7012081146 -0.3010340035
78.5343322754 5.3550724983 0.0000000000 0.0000000000 58.0683364868 26.2874298096 -0.3008494377
78.5332946777 5.3559303284 0.0000000000 0.0000000000 58.0635604858 27.0024414062 -0.3009687364
78.5324859619 5.3567953110 0.0000000000 0.0000000000 58.0688896179 26.9968681335 -0.3007975817
78.5313796997 5.3576693535 0.0000000000 0.0000000000 58.0633010864 27.2364463806 -0.3008867502
78.5309829712 5.3585319519 0.0000000000 0.0000000000 58.0658226013 27.4878540039 -0.3007657528
78.5308380127 5.3593978882 0.0000000000 0.0000000000 58.0642166138 27.5585594177 -0.3007986546
78.5305786133 5.3602895737 0.0000000000 0.0000000000 58.0700836182 27.8768520355 -0.3007287085
78.5302886963 5.3612179756 0.0000000000 0.0000000000 58.0877037048 28.4605903625 -0.3007124960
78.5295639038 5.3621649742 0.0000000000 0.0000000000 58.0968322754 29.3086166382 -0.3006606996
78.5289611816 5.3631320000 0.0000000000 0.0000000000 58.1039199829 29.5633201599 -0.3006334901
78.5282440186 5.3640923500 0.0000000000 0.0000000000 58.1124153137 29.0940856934 -0.3005737066
78.5278701782 5.3650417328 0.0000000000 0.0000000000 58.0990257263 28.6787757874 -0.3005596399
78.5276336670 5.3659782410 0.0000000000 0.0000000000 58.0867385864 28.9781894684 -0.3004802167
78.5272674561 5.3669009209 0.0000000000 0.0000000000 58.0800323486 30.0525398254 -0.3004747629
78.5269165039 5.3678083420 0.0000000000 0.0000000000 58.0744590759 31.8991203308 -0.3004080653
78.5261459351 5.3687043190 0.0000000000 0.0000000000 58.0690803528 33.9169921875 -0.3003748357
78.5253295898 5.3695683479 0.0000000000 0.0000000000 58.0641174316 35.5748138428 -0.3003613651
78.5241928101 5.3704314232 0.0000000000 0.0000000000 58.0629348755 36.1924476624 -0.3002573252
78.5235137939 5.3712754250 0.0000000000 0.0000000000 58.0601921082 36.1458473206 -0.3003297150
78.5228652954 5.3721265793 0.0000000000 0.0000000000 58.0604438782 35.0670852661 -0.3001531065
78.5222320557 5.3729696274 0.0000000000 0.0000000000 58.0603332520 33.4536170959 -0.3002790809
78.5215454102 5.3738074303 0.0000000000 0.0000000000 58.0616836548 32.5204010010 -0.3000723720
78.5207214355 5.3746447563 0.0000000000 0.0000000000 58.0636520386 31.7223434448 -0.3002010882
78.5200805664 5.3754811287 0.0000000000 0.0000000000 58.0664520264 30.9623031616 -0.2999968529
78.5192260742 5.3763160706 0.0000000000 0.0000000000 58.0662536621 30.7832565308 -0.3001212478
78.5183944702 5.3771576881 0.0000000000 0.0000000000 58.0668830872 31.0276298523 -0.2999150753
78.5175552368 5.3779764175 0.0000000000 0.0000000000 58.0703468323 31.5665798187 -0.3000571728
78.5169982910 5.3787636757 0.0000000000 0.0000000000 58.0688629150 31.8813686371 -0.2998188734
78.5165634155 5.3795261383 0.0000000000 0.0000000000 58.0713081360 32.0563163757 -0.2999987304
78.5162963867 5.3802642822 0.0000000000 0.0000000000 58.0764465332 32.1574783325 -0.2997025251
78.5156936646 5.3809847832 0.0000000000 0.0000000000 58.0777244568 32.8127326965 -0.2999309897
78.5153656006 5.3817000389 0.0000000000 0.0000000000 58.0791282654 33.4105987549 -0.2996235192
78.5142974854 5.3824152946 0.0000000000 0.0000000000 58.0768051147 33.6357269287 -0.2998601794
78.5136260986 5.3831171989 0.0000000000 0.0000000000 58.0762481689 33.0688819885 -0.2995235622
78.5121841431 5.3837938309 0.0000000000 0.0000000000 58.0757942200 32.3587608337 -0.2997770309
78.5116348267 5.3844480515 0.0000000000 0.0000000000 58.0761795044 31.6709747314 -0.2994582355
78.5107879639 5.3850889206 0.0000000000 0.0000000000 58.0807075500 31.0780963898 -0.2996924818
78.5105438232 5.3856973648 0.0000000000 0.0000000000 58.0841331482 30.5622653961 -0.2993887067
78.5101470947 5.3863096237 0.0000000000 0.0000000000 58.0801277161 30.2835884094 -0.2996115088
78.5097808838 5.3869485855 0.0000000000 0.0000000000 58.0781097412 29.9833049774 -0.2993023098
78.5090789795 5.3876075745 0.0000000000 0.0000000000 58.0759429932 29.4457015991 -0.2995370626
78.5086212158 5.3882789612 0.0000000000 0.0000000000 58.0727653503 28.5666065216 -0.2992773354
78.5080795288 5.3889598846 0.0000000000 0.0000000000 58.0723915100 27.8204898834 -0.2994640768
78.5080261230 5.3896412849 0.0000000000 0.0000000000 58.0790290833 27.6478633881 -0.2992427945
78.5074157715 5.3903398514 0.0000000000 0.0000000000 58.0722846985 27.4568729401 -0.2993830740
78.5069122314 5.3910322189 0.0000000000 0.0000000000 58.0707015991 27.1871700287 -0.2991993129
78.5057754517 5.3917412758 0.0000000000 0.0000000000 58.0727615356 28.0768775940 -0.2992894053
78.5052566528 5.3924636841 0.0000000000 0.0000000000 58.0740661621 28.8959655762 -0.2991653681
78.5048599243 5.3931860924 0.0000000000 0.0000000000 58.0816268921 28.8429527283 -0.2991871238
78.5047302246 5.3939037323 0.0000000000 0.0000000000 58.0902557373 28.9419975281 -0.2991350591
78.5044860840 5.3945965767 0.0000000000 0.0000000000 58.1012878418 29.0096836090 -0.2991006374
78.5040283203 5.3952779770 0.0000000000 0.0000000000 58.1079711914 29.0052528381 -0.2990904450
78.5033721924 5.3959522247 0.0000000000 0.0000000000 58.1042594910 28.7428855896 -0.2990255654
78.5027465820 5.3966097832 0.0000000000 0.0000000000 58.1146430969 27.9725036621 -0.2990289032
78.5019989014 5.3972606659 0.0000000000 0.0000000000 58.1092453003 27.3452491760 -0.2989517152
78.5011749268 5.3979015350 0.0000000000 0.0000000000 58.1060485840 26.9535560608 -0.2989757657
78.5002975464 5.3985342979 0.0000000000 0.0000000000 58.1046829224 27.2595005035 -0.2988767624
78.4992980957 5.3991894722 0.0000000000 0.0000000000 58.0943107605 28.3071193695 -0.2989314198
78.4988708496 5.3998360634 0.0000000000 0.0000000000 58.1001167297 28.6219005585 -0.2988038659
78.4985198975 5.4004802704 0.0000000000 0.0000000000 58.1035842896 27.5802879333 -0.2988880277
78.4981842041 5.4011096954 0.0000000000 0.0000000000 58.1124954224 27.0441818237 -0.2987430394
78.4973373413 5.4017381668 0.0000000000 0.0000000000 58.1134567261 27.2301216125 -0.2988215685
78.4963989258 5.4023842812 0.0000000000 0.0000000000 58.1057319641 26.9954032898 -0.2986934185
78.4956817627 5.4030399323 0.0000000000 0.0000000000 58.0957565308 27.1530723572 -0.2987436652
78.4952011108 5.4037027359 0.0000000000 0.0000000000 58.0846557617 27.9078006744 -0.2986553609
78.4949340820 5.4043674469 0.0000000000 0.0000000000 58.0805816650 28.8138046265 -0.2986693084
78.4947509766 5.4050264359 0.0000000000 0.0000000000 58.0768661499 30.0194072723 -0.2985991538
78.4945373535 5.4056873322 0.0000000000 0.0000000000 58.0637702942 31.0508422852 -0.2985919416
78.4941177368 5.4063606262 0.0000000000 0.0000000000 58.0536537170 31.8918533325 -0.2985275984
78.4936981201 5.4070472717 0.0000000000 0.0000000000 58.0496215820 32.5343933105 -0.2985167801
78.4929351807 5.4077391624 0.0000000000 0.0000000000 58.0530242920 33.0972290039 -0.2984516323
78.4923553467 5.4084534645 0.0000000000 0.0000000000 58.0449676514 33.7825851440 -0.2984487712
78.4919967651 5.4091620445 0.0000000000 0.0000000000 58.0362739563 33.9085464478 -0.2983717620
78.4918289185 5.4098782539 0.0000000000 0.0000000000 58.0256080627 33.6299743652 -0.2983932793
78.4913940430 5.4105896950 0.0000000000 0.0000000000 58.0139579773 33.7183151245 -0.2982908189
78.4908676147 5.4113059044 0.0000000000 0.0000000000 58.0041046143 33.9158020020 -0.2983528078
78.4902343750 5.4120073318 0.0000000000 0.0000000000 57.9942703247 34.0524177551 -0.2982150614
78.4895401001 5.4126906395 0.0000000000 0.0000000000 57.9861984253 34.9085273743 -0.2983020842
78.4885864258 5.4133739471 0.0000000000 0.0000000000 57.9787292480 36.8252792358 -0.2981496453
78.4877319336 5.4140644073 0.0000000000 0.0000000000 57.9740943909 36.1661911011 -0.2982398570
78.4869537354 5.4147543907 0.0000000000 0.0000000000 57.9644317627 35.5336265564 -0.2981017828
78.4864730835 5.4154591560 0.0000000000 0.0000000000 57.9614143372 34.9318923950 -0.2981863618
78.4857330322 5.4161562920 0.0000000000 0.0000000000 57.9522552490 35.8402519226 -0.2980478704
78.4852600098 5.4168357849 0.0000000000 0.0000000000 57.9472389221 38.1814537048 -0.2981685400
78.4845275879 5.4175028801 0.0000000000 0.0000000000 57.9479560852 39.9907608032 -0.2979412675
78.4836273193 5.4181818962 0.0000000000 0.0000000000 57.9465332031 41.7660369873 -0.2981997728
78.4826507568 5.4188485146 0.0000000000 0.0000000000 57.9469985962 42.1908874512 -0.2978049219
78.4814987183 5.4195127487 0.0000000000 0.0000000000 57.9471359253 40.8714218140 -0.2982449532
78.4807586670 5.4201531410 0.0000000000 0.0000000000 57.9478950500 39.5691757202 -0.2977078557
78.4799423218 5.4207830429 0.0000000000 0.0000000000 57.9425277710 39.6288452148 -0.2982305884
78.4797439575 5.4213852882 0.0000000000 0.0000000000 57.9380760193 40.2009582520 -0.2977235913
78.4790573120 5.4219732285 0.0000000000 0.0000000000 57.9351196289 41.2714309692 -0.2981367707
78.4786376953 5.4225330353 0.0000000000 0.0000000000 57.9338874817 42.6029319763 -0.2978218794
78.4780578613 5.4230732918 0.0000000000 0.0000000000 57.9340515137 42.4671783447 -0.2980084717
78.4778366089 5.4235744476 0.0000000000 0.0000000000 57.9357986450 42.2471656799 -0.2979119122
78.4774017334 5.4240608215 0.0000000000 0.0000000000 57.9422340393 41.9072608948 -0.2979256511
78.4768981934 5.4245553017 0.0000000000 0.0000000000 57.9442214966 41.8334541321 -0.2979643345
78.4766235352 5.4250674248 0.0000000000 0.0000000000 57.9483032227 42.2988739014 -0.2978971004
78.4762115479 5.4256081581 0.0000000000 0.0000000000 57.9494476318 41.6853179932 -0.2979627848
78.4758071899 5.4261627197 0.0000000000 0.0000000000 57.9465942383 40.8645401001 -0.2979070246
78.4752273560 5.4267110825 0.0000000000 0.0000000000 57.9450721741 40.5159034729 -0.2979371250
78.4745712280 5.4272713661 0.0000000000 0.0000000000 57.9426765442 41.0716705322 -0.2979215086
78.4743881226 5.4278345108 0.0000000000 0.0000000000 57.9440345764 42.2073402405 -0.2979085743
78.4741058350 5.4284114838 0.0000000000 0.0000000000 57.9373474121 42.5415763855 -0.2979402244
78.4744644165 5.4289855957 0.0000000000 0.0000000000 57.9303855896 41.4933891296 -0.2978580594
78.4745788574 5.4295620918 0.0000000000 0.0000000000 57.9308433533 40.0489349365 -0.2979640663
78.4748535156 5.4301409721 0.0000000000 0.0000000000 57.9322891235 39.3052368164 -0.2977876663
78.4747619629 5.4307260513 0.0000000000 0.0000000000 57.9473152161 39.5442428589 -0.2979470491
78.4744491577 5.4313201904 0.0000000000 0.0000000000 57.9397850037 39.5093498230 -0.2978622913
78.4740295410 5.4319143295 0.0000000000 0.0000000000 57.9353675842 38.1990585327 -0.2978966236
78.4730682373 5.4325046539 0.0000000000 0.0000000000 57.9343910217 36.9836845398 -0.2979056537
78.4726181030 5.4330615997 0.0000000000 0.0000000000 57.9336013794 36.8016242981 -0.2978641987
78.4719238281 5.4336123466 0.0000000000 0.0000000000 57.9335365295 36.8660659790 -0.2979035378
78.4714813232 5.4341440201 0.0000000000 0.0000000000 57.9401435852 36.7339477539 -0.2978566587
78.4709854126 5.4346909523 0.0000000000 0.0000000000 57.9311485291 36.6780738831 -0.2978459597
78.4706649780 5.4352445602 0.0000000000 0.0000000000 57.9371452332 36.6881599426 -0.2979639173
78.4708175659 5.4358038902 0.0000000000 0.0000000000 57.9567375183 36.1173095703 -0.2978212833
78.4708709717 5.4363675117 0.0000000000 0.0000000000 57.9628181458 35.1784286499 -0.2979894876
78.4708709717 5.4369378090 0.0000000000 0.0000000000 57.9719848633 34.7848854065 -0.2978424728
78.4707183838 5.4375128746 0.0000000000 0.0000000000 57.9711608887 34.5704383850 -0.2979709506
78.4707565308 5.4381017685 0.0000000000 0.0000000000 57.9733505249 33.4528884888 -0.2978934050
78.4708938599 5.4386973381 0.0000000000 0.0000000000 57.9564399719 31.7382678986 -0.2979314327
78.4711914062 5.4393162727 0.0000000000 0.0000000000 57.9555320740 30.2469272614 -0.2979337871
78.4714584351 5.4399719238 0.0000000000 0.0000000000 57.9669685364 29.4308910370 -0.2979131341
78.4717102051 5.4406671524 0.0000000000 0.0000000000 57.9623184204 29.3532371521 -0.2979159653
78.4712905884 5.4413962364 0.0000000000 0.0000000000 57.9598693848 29.5665493011 -0.2979371250
78.4706726074 5.4421615601 0.0000000000 0.0000000000 57.9621620178 29.8476562500 -0.2978674173
78.4696426392 5.4429640770 0.0000000000 0.0000000000 57.9545555115 30.5264110565 -0.2979802787
78.4691772461 5.4437723160 0.0000000000 0.0000000000 57.9490585327 31.5547428131 -0.2978469431
78.4683532715 5.4445962906 0.0000000000 0.0000000000 57.9402732849 32.2475090027 -0.2980025709
78.4681091309 5.4454073906 0.0000000000 0.0000000000 57.9266281128 32.4184646606 -0.2978838980
78.4679718018 5.4462008476 0.0000000000 0.0000000000 57.9190826416 32.3319015503 -0.2980035841
78.4678955078 5.4469676018 0.0000000000 0.0000000000 57.9026985168 32.0647048950 -0.2979613245
78.4673080444 5.4477391243 0.0000000000 0.0000000000 57.8927650452 31.7952308655 -0.2979968488
78.4663391113 5.4484987259 0.0000000000 0.0000000000 57.8862648010 32.7212257385 -0.2980323434
78.4653244019 5.4492545128 0.0000000000 0.0000000000 57.8758087158 36.1586570740 -0.2980104089
78.4646453857 5.4499845505 0.0000000000 0.0000000000 57.8715667725 40.8228988647 -0.2980826199
78.4642028809 5.4506754875 0.0000000000 0.0000000000 57.8723869324 41.4150505066 -0.2980450988
78.4641723633 5.4513630867 0.0000000000 0.0000000000 57.8726387024 38.2685470581 -0.2981022596
78.4641418457 5.4520416260 0.0000000000 0.0000000000 57.8755683899 39.3584022522 -0.2980914116
78.4641342163 5.4527096748 0.0000000000 0.0000000000 57.8804359436 42.2785835266 -0.2981064022
78.4638214111 5.4533810616 0.0000000000 0.0000000000 57.8871765137 41.1221923828 -0.2981112897
78.4637603760 5.4540438652 0.0000000000 0.0000000000 57.8936805725 42.2759399414 -0.2981067896
78.4638900757 5.4546923637 0.0000000000 0.0000000000 57.8973159790 45.5017700195 -0.2980965674
78.4646377563 5.4553203583 0.0000000000 0.0000000000 57.9002952576 46.2823982239 -0.2981184423
78.4653930664 5.4558920860 0.0000000000 0.0000000000 57.8988494873 46.3133773804 -0.2980440855
78.4654083252 5.4564819336 0.0000000000 0.0000000000 57.8944854736 45.5533561707 -0.2981064320
78.4652786255 5.4570484161 0.0000000000 0.0000000000 57.8928604126 45.3711280823 -0.2979768813
78.4645004272 5.4576196671 0.0000000000 0.0000000000 57.8968467712 44.3124046326 -0.2981008887
78.4638366699 5.4581818581 0.0000000000 0.0000000000 57.8986587524 42.3837547302 -0.2979099154
78.4628982544 5.4587264061 0.0000000000 0.0000000000 57.9047088623 41.3894462585 -0.2980633378
78.4625778198 5.4592423439 0.0000000000 0.0000000000 57.9150733948 40.5398712158 -0.2978703380
78.4620895386 5.4597473145 0.0000000000 0.0000000000 57.9321365356 40.8855056763 -0.2980247140
78.4620895386 5.4602427483 0.0000000000 0.0000000000 57.9330177307 41.5094871521 -0.2978373766
78.4615249634 5.4607295990 0.0000000000 0.0000000000 57.9344940186 41.3955039978 -0.2979643047
78.4612045288 5.4611811638 0.0000000000 0.0000000000 57.9378318787 41.1818809509 -0.2978269160
78.4604644775 5.4616284370 0.0000000000 0.0000000000 57.9408569336 40.7254104614 -0.2979173660
78.4602432251 5.4620614052 0.0000000000 0.0000000000 57.9484252930 41.0274009705 -0.2977922857
78.4599075317 5.4624900818 0.0000000000 0.0000000000 57.9457626343 40.7578125000 -0.2978920937
78.4603271484 5.4628977776 0.0000000000 0.0000000000 57.9568977356 37.6468276978 -0.2977371216
78.4609069824 5.4632787704 0.0000000000 0.0000000000 57.9500236511 35.6181068420 -0.2978957891
78.4615249634 5.4636440277 0.0000000000 0.0000000000 57.9557456970 33.9147071838 -0.2976851165
78.4614028931 5.4640302658 0.0000000000 0.0000000000 57.9667739868 31.4687461853 -0.2978840470
78.4610671997 5.4644441605 0.0000000000 0.0000000000 57.9751472473 31.7962036133 -0.2976406813
78.4605636597 5.4648756981 0.0000000000 0.0000000000 57.9776649475 32.5417823792 -0.2978565991
78.4601058960 5.4652862549 0.0000000000 0.0000000000 57.9799613953 34.0003738403 -0.2976058125
78.4595260620 5.4657063484 0.0000000000 0.0000000000 57.9830398560 35.6558685303 -0.2978148460
78.4590759277 5.4661207199 0.0000000000 0.0000000000 57.9891052246 36.8212127686 -0.2975888848
78.4586105347 5.4665718079 0.0000000000 0.0000000000 57.9902153015 37.5815010071 -0.2977484167
78.4583740234 5.4670286179 0.0000000000 0.0000000000 57.9909973145 37.6962623596 -0.2975832224
78.4581756592 5.4675316811 0.0000000000 0.0000000000 57.9879150391 38.0647468567 -0.2976762652
78.4577255249 5.4680504799 0.0000000000 0.0000000000 57.9885597229 38.3547935486 -0.2975752354
78.4573974609 5.4685816765 0.0000000000 0.0000000000 57.9910545349 38.7702255249 -0.2976167798
78.4567642212 5.4691162109 0.0000000000 0.0000000000 57.9910888672 38.8278617859 -0.2975492477
78.4564361572 5.4696445465 0.0000000000 0.0000000000 57.9859924316 38.8938179016 -0.2975935340
78.4560317993 5.4701647758 0.0000000000 0.0000000000 57.9868812561 38.8228988647 -0.2974831760
78.4558639526 5.4706635475 0.0000000000 0.0000000000 57.9922904968 39.3853340149 -0.2975982428
78.4557495117 5.4711279869 0.0000000000 0.0000000000 57.9952468872 39.8737144470 -0.2974222004
78.4557647705 5.4715857506 0.0000000000 0.0000000000 57.9985198975 40.3895912170 -0.2976017296
78.4560546875 5.4720273018 0.0000000000 0.0000000000 57.9922256470 40.7913932800 -0.2973828614
78.4560165405 5.4724416733 0.0000000000 0.0000000000 57.9968109131 41.0579643250 -0.2975936234
78.4557571411 5.4728450775 0.0000000000 0.0000000000 57.9906005859 38.4906044006 -0.2973793745
78.4552459717 5.4732460976 0.0000000000 0.0000000000 57.9851531982 37.0476913452 -0.2975489497
78.4550399780 5.4736466408 0.0000000000 0.0000000000 57.9793663025 36.4167366028 -0.2974018157
78.4553909302 5.4740691185 0.0000000000 0.0000000000 57.9780120850 35.6844215393 -0.2974907160
78.4558410645 5.4745020866 0.0000000000 0.0000000000 57.9782752991 35.7256546021 -0.2974257171
78.4560165405 5.4749417305 0.0000000000 0.0000000000 57.9784660339 35.9957008362 -0.2974295020
78.4555511475 5.4753909111 0.0000000000 0.0000000000 57.9780883789 35.8090858459 -0.2974407971
78.4549942017 5.4758429527 0.0000000000 0.0000000000 57.9764900208 36.2397270203 -0.2973683178
78.4545288086 5.4762778282 0.0000000000 0.0000000000 57.9750709534 36.5515594482 -0.2974377573
78.4542617798 5.4767103195 0.0000000000 0.0000000000 57.9740257263 37.1087875366 -0.2973221242
78.4539871216 5.4771432877 0.0000000000 0.0000000000 57.9734649658 37.4366378784 -0.2974173129
78.4539794922 5.4775843620 0.0000000000 0.0000000000 57.9706840515 36.8424224854 -0.2973078787
78.4535903931 5.4780225754 0.0000000000 0.0000000000 57.9707450867 36.0154724121 -0.2973786592
78.4533615112 5.4784479141 0.0000000000 0.0000000000 57.9701232910 35.0008773804 -0.2973096371
78.4524917603 5.4788699150 0.0000000000 0.0000000000 57.9709472656 34.4781036377 -0.2973594666
78.4521713257 5.4793019295 0.0000000000 0.0000000000 57.9734649658 34.3228454590 -0.2972784042
78.4516372681 5.4797363281 0.0000000000 0.0000000000 57.9874572754 34.7712593079 -0.2973873317
78.4519500732 5.4801335335 0.0000000000 0.0000000000 57.9876174927 35.2401771545 -0.2972041667
78.4514007568 5.4805345535 0.0000000000 0.0000000000 57.9881896973 35.1535873413 -0.2974299788
78.4515151978 5.4809126854 0.0000000000 0.0000000000 57.9952545166 35.4491004944 -0.2971301377
78.4509887695 5.4813127518 0.0000000000 0.0000000000 57.9927635193 36.6673316956 -0.2974418104
78.4511413574 5.4816899300 0.0000000000 0.0000000000 57.9972076416 38.4321823120 -0.2971098125
78.4507980347 5.4820914268 0.0000000000 0.0000000000 58.0041046143 40.2436256409 -0.2973971963
78.4512100220 5.4824800491 0.0000000000 0.0000000000 58.0109443665 41.1316223145 -0.2971504331
78.4511032104 5.4828896523 0.0000000000 0.0000000000 58.0111198425 40.3622779846 -0.2973153591
78.4509811401 5.4832811356 0.0000000000 0.0000000000 58.0073776245 39.4413452148 -0.2972140908
78.4506149292 5.4836487770 0.0000000000 0.0000000000 57.9971847534 39.5832786560 -0.2972555459
78.4501953125 5.4840040207 0.0000000000 0.0000000000 57.9821090698 41.0314636230 -0.2972655296
78.4497985840 5.4843444824 0.0000000000 0.0000000000 57.9667968750 45.0177078247 -0.2972228527
78.4494247437 5.4847035408 0.0000000000 0.0000000000 57.9513702393 56.8327713013 -0.2972809076
78.4488601685 5.4850616455 0.0000000000 0.0000000000 57.9379997253 59.4008331299 -0.2972074449
78.4486007690 5.4854068756 0.0000000000 0.0000000000 57.9303436279 53.5156555176 -0.2972826958
78.4483489990 5.4857411385 0.0000000000 0.0000000000 57.9265060425 60.5433273315 -0.2972022295
78.4480438232 5.4860935211 0.0000000000 0.0000000000 57.9268226624 54.0866966248 -0.2972843051
78.4474945068 5.4864449501 0.0000000000 0.0000000000 57.9186134338 54.5447158813 -0.2972240746
78.4472122192 5.4868173599 0.0000000000 0.0000000000 57.9172248840 54.0501937866 -0.2972697616
78.4470520020 5.4872050285 0.0000000000 0.0000000000 57.9206008911 52.0546913147 -0.2972671986
78.4469299316 5.4876194000 0.0000000000 0.0000000000 57.9374008179 52.5164566040 -0.2972713709
78.4470138550 5.4880418777 0.0000000000 0.0000000000 57.9428062439 50.5342178345 -0.2972812653
78.4475555420 5.4884858131 0.0000000000 0.0000000000 57.9468040466 51.0879058838 -0.2972899079
78.4478607178 5.4889364243 0.0000000000 0.0000000000 57.9386215210 49.3405113220 -0.2972757816
78.4474639893 5.4894099236 0.0000000000 0.0000000000 57.9305229187 50.2630958557 -0.2973026633
78.4467315674 5.4899120331 0.0000000000 0.0000000000 57.9178390503 49.6035499573 -0.2972363234
78.4459457397 5.4904336929 0.0000000000 0.0000000000 57.9090614319 48.8863639832 -0.2973073721
78.4454345703 5.4909510612 0.0000000000 0.0000000000 57.9036445618 48.1706314087 -0.2971955240
78.4450912476 5.4914407730 0.0000000000 0.0000000000 57.9026870728 47.7315330505 -0.2973189950
78.4451065063 5.4919099808 0.0000000000 0.0000000000 57.9025878906 48.9503898621 -0.2971482873
78.4448928833 5.4923634529 0.0000000000 0.0000000000 57.9037055969 47.9474906921 -0.2973468006
78.4448013306 5.4928169250 0.0000000000 0.0000000000 57.9056015015 47.5511131287 -0.2970994711
78.4441604614 5.4932723045 0.0000000000 0.0000000000 57.9070472717 48.0363349915 -0.2973712981
78.4438171387 5.4937229156 0.0000000000 0.0000000000 57.9027328491 47.6763381958 -0.2970497012
78.4433898926 5.4941773415 0.0000000000 0.0000000000 57.8999900818 47.8189506531 -0.2973954082
78.4436950684 5.4946136475 0.0000000000 0.0000000000 57.8946533203 47.7999954224 -0.2970084548
78.4435577393 5.4950356483 0.0000000000 0.0000000000 57.8924102783 48.6519012451 -0.2974022627
78.4438781738 5.4954686165 0.0000000000 0.0000000000 57.8875999451 48.7874641418 -0.2969728410
78.4434204102 5.4959383011 0.0000000000 0.0000000000 57.8907661438 49.7417030334 -0.2973826528
78.4437103271 5.4964165688 0.0000000000 0.0000000000 57.8922004700 50.1049118042 -0.2969568968
78.4433898926 5.4968852997 0.0000000000 0.0000000000 57.8891448975 49.4509925842 -0.2973068058
78.4436798096 5.4973382950 0.0000000000 0.0000000000 57.8787689209 49.3321228027 -0.2969963551
78.4431228638 5.4978222847 0.0000000000 0.0000000000 57.8671913147 49.4787673950 -0.2971813679
78.4433364868 5.4982800484 0.0000000000 0.0000000000 57.8647956848 49.8925399780 -0.2970638573
78.4431381226 5.4987087250 0.0000000000 0.0000000000 57.8571128845 48.7750282288 -0.2970778942
78.4433364868 5.4990940094 0.0000000000 0.0000000000 57.8549728394 47.2227668762 -0.2971119881
78.4429779053 5.4994711876 0.0000000000 0.0000000000 57.8535881042 45.5619316101 -0.2970176637
78.4428100586 5.4998579025 0.0000000000 0.0000000000 57.8517341614 43.5644683838 -0.2971343994
78.4430236816 5.5002303123 0.0000000000 0.0000000000 57.8522605896 42.4824905396 -0.2969986498
78.4430160522 5.5006446838 0.0000000000 0.0000000000 57.8538894653 40.9210815430 -0.2971234322
78.4426651001 5.5010695457 0.0000000000 0.0000000000 57.8571166992 39.4199752808 -0.2970051765
78.4422378540 5.5015082359 0.0000000000 0.0000000000 57.8598480225 38.4808082581 -0.2971042693
78.4423751831 5.5019364357 0.0000000000 0.0000000000 57.8617897034 36.2831687927 -0.2970222235
78.4424667358 5.5023560524 0.0000000000 0.0000000000 57.8620109558 35.0261917114 -0.2970833778
78.4427490234 5.5027861595 0.0000000000 0.0000000000 57.8656730652 34.2448081970 -0.2970332205
78.4428710938 5.5032258034 0.0000000000 0.0000000000 57.8829574585 33.1069374084 -0.2970699668
78.4433364868 5.5036697388 0.0000000000 0.0000000000 57.8687705994 32.8774070740 -0.2970499396
78.4433517456 5.5041332245 0.0000000000 0.0000000000 57.8589897156 32.9014358521 -0.2970523238
78.4432220459 5.5046124458 0.0000000000 0.0000000000 57.8548469543 32.7140731812 -0.2970640957
78.4431838989 5.5051035881 0.0000000000 0.0000000000 57.8511390686 32.1029777527 -0.2970238626
78.4430007935 5.5056004524 0.0000000000 0.0000000000 57.8503608704 31.4359798431 -0.2970518470
78.4428253174 5.5060877800 0.0000000000 0.0000000000 57.8503837585 30.7048149109 -0.2970037460
78.4424133301 5.5065755844 0.0000000000 0.0000000000 57.8532943726 29.6542320251 -0.2970216274
78.4423828125 5.5070147514 0.0000000000 0.0000000000 57.8461074829 28.7610263824 -0.2970076501
78.4421691895 5.5074620247 0.0000000000 0.0000000000 57.8456001282 29.0888938904 -0.2969916165
78.4420166016 5.5079164505 0.0000000000 0.0000000000 57.8452072144 30.6301021576 -0.2970350385
78.4419860840 5.5083665848 0.0000000000 0.0000000000 57.8425025940 32.4315261841 -0.2969674766
78.4423446655 5.5088343620 0.0000000000 0.0000000000 57.8401527405 33.8243904114 -0.2970495522
78.4422836304 5.5093579292 0.0000000000 0.0000000000 57.8389701843 34.8560409546 -0.2969563305
78.4416503906 5.5099511147 0.0000000000 0.0000000000 57.8363304138 35.7715454102 -0.2970351279
78.4408340454 5.5105533600 0.0000000000 0.0000000000 57.8292236328 36.6831016541 -0.2969544232
78.4400100708 5.5111494064 0.0000000000 0.0000000000 57.8238716125 37.5212745667 -0.2970010638
78.4395141602 5.5117011070 0.0000000000 0.0000000000 57.8195533752 38.6899108887 -0.2969677448
78.4392089844 5.5122346878 0.0000000000 0.0000000000 57.8251762390 40.3153915405 -0.2969852686
78.4390563965 5.5127863884 0.0000000000 0.0000000000 57.8125228882 41.9743232727 -0.2969814539
78.4385528564 5.5133724213 0.0000000000 0.0000000000 57.8091545105 43.2671737671 -0.2969823480
78.4378967285 5.5140004158 0.0000000000 0.0000000000 57.8083839417 43.9794960022 -0.2969722450
78.4371643066 5.5146327019 0.0000000000 0.0000000000 57.8053665161 44.3382530212 -0.2969765365
78.4368286133 5.5152659416 0.0000000000 0.0000000000 57.8017883301 44.9940185547 -0.2969567776
78.4366073608 5.5158739090 0.0000000000 0.0000000000 57.7969970703 46.5275001526 -0.2969586253
78.4365615845 5.5164546967 0.0000000000 0.0000000000 57.7951622009 49.5681648254 -0.2969675660
78.4363403320 5.5170488358 0.0000000000 0.0000000000 57.7919769287 54.0897140503 -0.2969325185
78.4360504150 5.5176529884 0.0000000000 0.0000000000 57.7942886353 56.2660522461 -0.2969523072
78.4353713989 5.5182518959 0.0000000000 0.0000000000 57.7965278625 55.4561424255 -0.2969051301
78.4344940186 5.5188398361 0.0000000000 0.0000000000 57.8030357361 55.7440719604 -0.2969041467
78.4340515137 5.5194058418 0.0000000000 0.0000000000 57.8090286255 56.2616195679 -0.2968888283
78.4336853027 5.5199460983 0.0000000000 0.0000000000 57.8185348511 56.0939102173 -0.2968395352
78.4332733154 5.5204987526 0.0000000000 0.0000000000 57.8273429871 54.7940139771 -0.2968656719
78.4328918457 5.5210366249 0.0000000000 0.0000000000 57.8386306763 53.0112113953 -0.2967914045
78.4319152832 5.5215749741 0.0000000000 0.0000000000 57.8446121216 51.0673217773 -0.2968294919
78.4313201904 5.5221033096 0.0000000000 0.0000000000 57.8412055969 50.6189765930 -0.2967556119
78.4304504395 5.5226025581 0.0000000000 0.0000000000 57.8306388855 50.9905014038 -0.2968087196
78.4301834106 5.5230798721 0.0000000000 0.0000000000 57.8178863525 51.8099403381 -0.2967064977
78.4297790527 5.5235123634 0.0000000000 0.0000000000 57.8121566772 51.9833946228 -0.2968240380
78.4299087524 5.5239033699 0.0000000000 0.0000000000 57.8016319275 51.0176811218 -0.2966511548
78.4291534424 5.5242743492 0.0000000000 0.0000000000 57.7988777161 49.7643737793 -0.2968488038
78.4286575317 5.5246376991 0.0000000000 0.0000000000 57.7964706421 48.2686805725 -0.2965963185
78.4277038574 5.5250382423 0.0000000000 0.0000000000 57.7987327576 46.6691398621 -0.2968515456
78.4276428223 5.5254020691 0.0000000000 0.0000000000 57.8042068481 45.3692779541 -0.2965568006
78.4273071289 5.5257897377 0.0000000000 0.0000000000 57.7991142273 45.1931495667 -0.2968374789
78.4272842407 5.5261516571 0.0000000000 0.0000000000 57.7968521118 45.2704467773 -0.2965571284
78.4268188477 5.5265369415 0.0000000000 0.0000000000 57.7955703735 45.9000549316 -0.2968071103
78.4260406494 5.5269250870 0.0000000000 0.0000000000 57.7945251465 46.9666366577 -0.2965717316
78.4251251221 5.5272850990 0.0000000000 0.0000000000 57.7901573181 48.1237182617 -0.2967618704
78.4247131348 5.5276021957 0.0000000000 0.0000000000 57.7880096436 48.8503952026 -0.2965841293
78.4247741699 5.5278940201 0.0000000000 0.0000000000 57.7854385376 48.8866653442 -0.2967225909
78.4249038696 5.5281848907 0.0000000000 0.0000000000 57.7821426392 48.3073196411 -0.2965784669
78.4245223999 5.5284748077 0.0000000000 0.0000000000 57.7797889709 46.9160156250 -0.2966959476
78.4240722656 5.5287647247 0.0000000000 0.0000000000 57.7797927856 45.0180702209 -0.2965586782
78.4232559204 5.5290756226 0.0000000000 0.0000000000 57.7795410156 43.3318099976 -0.2966912687
78.4229812622 5.5293540955 0.0000000000 0.0000000000 57.7741661072 41.0578308105 -0.2965374291
78.4227523804 5.5296320915 0.0000000000 0.0000000000 57.7681198120 38.7546272278 -0.2966936231
78.4228439331 5.5298790932 0.0000000000 0.0000000000 57.7637634277 37.7075653076 -0.2965325117
78.4223251343 5.5301461220 0.0000000000 0.0000000000 57.7616653442 37.1680908203 -0.2966815531
78.4214401245 5.5304145813 0.0000000000 0.0000000000 57.7592086792 36.5988464355 -0.2965429127
78.4206085205 5.5306768417 0.0000000000 0.0000000000 57.7536087036 36.2803535461 -0.2966583371
78.4206924438 5.5309467316 0.0000000000 0.0000000000 57.7498435974 36.2014694214 -0.2965695560
78.4212036133 5.5311980247 0.0000000000 0.0000000000 57.7466735840 36.0323753357 -0.2966498435
78.4218826294 5.5314602852 0.0000000000 0.0000000000 57.7455215454 35.6251831055 -0.2965990007
78.4220428467 5.5317673683 0.0000000000 0.0000000000 57.7502326965 35.1267318726 -0.2966534495
78.4215393066 5.5320801735 0.0000000000 0.0000000000 57.7538948059 34.8577384949 -0.2966031134
78.4205322266 5.5324230194 0.0000000000 0.0000000000 57.7542572021 34.9777488708 -0.2966410220
78.4198532104 5.5327091217 0.0000000000 0.0000000000 57.7546501160 35.4854965210 -0.2966152430
78.4200439453 5.5329103470 0.0000000000 0.0000000000 57.7523918152 36.2998886108 -0.2966397703
78.4201965332 5.5330967903 0.0000000000 0.0000000000 57.7487068176 37.6379203796 -0.2966400087
78.4196166992 5.5332632065 0.0000000000 0.0000000000 57.7474975586 39.2601394653 -0.2966427803
78.4187393188 5.5334501266 0.0000000000 0.0000000000 57.7254829407 40.6269569397 -0.2966624498
78.4184112549 5.5336189270 0.0000000000 0.0000000000 57.7153053284 41.4808120728 -0.2966563702
78.4184494019 5.5337657928 0.0000000000 0.0000000000 57.7081604004 41.8376312256 -0.2966893315
78.4190444946 5.5338811874 0.0000000000 0.0000000000 57.7035789490 41.0441780090 -0.2966992259
78.4192733765 5.5340027809 0.0000000000 0.0000000000 57.6986160278 39.9523658752 -0.2967031002
78.4191436768 5.5341358185 0.0000000000 0.0000000000 57.6968765259 40.2151641846 -0.2967544496
78.4188690186 5.5342640877 0.0000000000 0.0000000000 57.6969566345 41.7869567871 -0.2966977060
78.4188537598 5.5343551636 0.0000000000 0.0000000000 57.6916465759 44.0764579773 -0.2968308330
78.4192962646 5.5344228745 0.0000000000 0.0000000000 57.6880149841 46.1229248047 -0.2967000306
78.4195861816 5.5345115662 0.0000000000 0.0000000000 57.6858749390 47.3563385010 -0.2969179749
78.4197845459 5.5346107483 0.0000000000 0.0000000000 57.6820449829 48.3140144348 -0.2966936827
78.4194259644 5.5347571373 0.0000000000 0.0000000000 57.6796760559 49.1962738037 -0.2969898880
78.4194030762 5.5349063873 0.0000000000 0.0000000000 57.6772918701 49.9416999817 -0.2966818810
78.4191818237 5.5350332260 0.0000000000 0.0000000000 57.6758079529 49.9884109497 -0.2970440984
78.4193496704 5.5351104736 0.0000000000 0.0000000000 57.6752853394 48.7583084106 -0.2966899872
78.4190597534 5.5351538658 0.0000000000 0.0000000000 57.6742706299 48.3981018066 -0.2970679104
78.4187698364 5.5351595879 0.0000000000 0.0000000000 57.6729011536 49.6353797913 -0.2967269421
78.4181060791 5.5351524353 0.0000000000 0.0000000000 57.6735267639 49.1007385254 -0.2970694602
78.4181823730 5.5350775719 0.0000000000 0.0000000000 57.6762237549 49.8073844910 -0.2967891097
78.4182281494 5.5349850655 0.0000000000 0.0000000000 57.6767005920 50.3085021973 -0.2970760465
78.4188919067 5.5348472595 0.0000000000 0.0000000000 57.6717872620 50.7021408081 -0.2968609631
78.4191970825 5.5347170830 0.0000000000 0.0000000000 57.6698646545 50.2482032776 -0.2970969081
78.4195175171 5.5345702171 0.0000000000 0.0000000000 57.6686401367 50.2283515930 -0.2969276905
78.4187927246 5.5344152451 0.0000000000 0.0000000000 57.6684570312 52.5414352417 -0.2971263230
78.4189987183 5.5342407227 0.0000000000 0.0000000000 57.6693344116 55.7754096985 -0.2969998717
78.4191055298 5.5340881348 0.0000000000 0.0000000000 57.6670646667 61.7348098755 -0.2971413732
78.4192581177 5.5339403152 0.0000000000 0.0000000000 57.6656227112 62.4530639648 -0.2970916331
78.4192352295 5.5338516235 0.0000000000 0.0000000000 57.6644401550 60.8224296570 -0.2971246243
78.4191207886 5.5338034630 0.0000000000 0.0000000000 57.6645545959 62.5670776367 -0.2971929908
78.4189910889 5.5338220596 0.0000000000 0.0000000000 57.6676826477 60.6816177368 -0.2971103787
78.4189682007 5.5338382721 0.0000000000 0.0000000000 57.6699104309 59.8354530334 -0.2972681224
78.4196624756 5.5338759422 0.0000000000 0.0000000000 57.6701240540 60.1264038086 -0.2971347570
78.4200057983 5.5339570045 0.0000000000 0.0000000000 57.6699028015 61.1929473877 -0.2972911298
78.4201736450 5.5340409279 0.0000000000 0.0000000000 57.6683616638 63.6523971558 -0.2971941531
78.4202499390 5.5341658592 0.0000000000 0.0000000000 57.6664581299 61.8337478638 -0.2972824872
78.4206085205 5.5343160629 0.0000000000 0.0000000000 57.6580810547 56.6128387451 -0.2972650528
78.4208908081 5.5344543457 0.0000000000 0.0000000000 57.6566963196 56.0905876160 -0.2972921133
78.4211959839 5.5345997810 0.0000000000 0.0000000000 57.6620788574 54.2910041809 -0.2973038256
78.4208755493 5.5346837044 0.0000000000 0.0000000000 57.6672706604 51.3958702087 -0.2973137200
78.4203948975 5.5347533226 0.0000000000 0.0000000000 57.6772270203 48.2386932373 -0.2973069549
78.4196777344 5.5347914696 0.0000000000 0.0000000000 57.6723785400 44.6180229187 -0.2973382175
78.4194869995 5.5348186493 0.0000000000 0.0000000000 57.6668090820 41.7688446045 -0.2972999811
78.4199523926 5.5348515511 0.0000000000 0.0000000000 57.6665649414 39.4926490784 -0.2973616123
78.4203338623 5.5348882675 0.0000000000 0.0000000000 57.6662864685 38.3808975220 -0.2973342538
78.4203186035 5.5349249840 0.0000000000 0.0000000000 57.6693191528 38.5504226685 -0.2973722219
78.4197158813 5.5349402428 0.0000000000 0.0000000000 57.6713447571 38.5553550720 -0.2973791361
78.4194259644 5.5349655151 0.0000000000 0.0000000000 57.6794662476 38.2771377563 -0.2973772883
78.4194641113 5.5350041389 0.0000000000 0.0000000000 57.6726417542 38.1470527649 -0.2974086702
78.4200897217 5.5350465775 0.0000000000 0.0000000000 57.6716690063 37.5895004272 -0.2973845303
78.4209442139 5.5351386070 0.0000000000 0.0000000000 57.6767845154 37.1434936523 -0.2974205911
78.4213256836 5.5352315903 0.0000000000 0.0000000000 57.6810798645 36.4987068176 -0.2973920107
78.4210739136 5.5353593826 0.0000000000 0.0000000000 57.6940879822 35.8203849792 -0.2974120378
78.4206085205 5.5354881287 0.0000000000 0.0000000000 57.6929740906 35.7880592346 -0.2974065542
78.4201049805 5.5356168747 0.0000000000 0.0000000000 57.6813888550 36.2153396606 -0.2974109352
78.4206314087 5.5357441902 0.0000000000 0.0000000000 57.6827507019 37.4080734253 -0.2974362075
78.4211273193 5.5358748436 0.0000000000 0.0000000000 57.6707954407 39.0485992432 -0.2974389493
78.4216232300 5.5360407829 0.0000000000 0.0000000000 57.6754646301 40.8282585144 -0.2974762917
78.4211883545 5.5362386703 0.0000000000 0.0000000000 57.6718254089 42.5389938354 -0.2974713743
78.4205017090 5.5364584923 0.0000000000 0.0000000000 57.6737518311 43.9327888489 -0.2975207567
78.4201126099 5.5367212296 0.0000000000 0.0000000000 57.6735305786 44.7865829468 -0.2974993587
78.4203491211 5.5370016098 0.0000000000 0.0000000000 57.6734504700 45.4060821533 -0.2975878716
78.4209899902 5.5373201370 0.0000000000 0.0000000000 57.6763839722 46.4752120972 -0.2975476384
78.4218063354 5.5377097130 0.0000000000 0.0000000000 57.6828842163 47.2950859070 -0.2976766229
78.4220428467 5.5381445885 0.0000000000 0.0000000000 57.6870803833 46.4673805237 -0.2976151407
78.4219665527 5.5386109352 0.0000000000 0.0000000000 57.6929206848 45.2783012390 -0.2977599800
78.4216384888 5.5390634537 0.0000000000 0.0000000000 57.6992988586 45.9116058350 -0.2976833582
78.4217910767 5.5395212173 0.0000000000 0.0000000000 57.7101287842 47.2378120422 -0.2978229523
78.4223937988 5.5399270058 0.0000000000 0.0000000000 57.7219810486 47.0872001648 -0.2977755368
78.4230041504 5.5403461456 0.0000000000 0.0000000000 57.7340812683 47.2823104858 -0.2978480458
78.4232101440 5.5408067703 0.0000000000 0.0000000000 57.7454261780 50.0984954834 -0.2978997231
78.4225463867 5.5412549973 0.0000000000 0.0000000000 57.7493476868 51.5942687988 -0.2978616059
78.4217681885 5.5416946411 0.0000000000 0.0000000000 57.7530479431 49.5501136780 -0.2980466187
78.4216995239 5.5420622826 0.0000000000 0.0000000000 57.7609443665 48.3954887390 -0.2978704274
78.4219665527 5.5423684120 0.0000000000 0.0000000000 57.7578773499 48.2320518494 -0.2981738746
78.4229965210 5.5426325798 0.0000000000 0.0000000000 57.7449455261 47.6536674500 -0.2979248762
78.4235153198 5.5428924561 0.0000000000 0.0000000000 57.7288284302 47.1067924500 -0.2982329428
78.4234542847 5.5430884361 0.0000000000 0.0000000000 57.7288742065 47.3069915771 -0.2979881167
78.4235382080 5.5433182716 0.0000000000 0.0000000000 57.7103385925 48.4584274292 -0.2982552648
78.4234237671 5.5435051918 0.0000000000 0.0000000000 57.7117843628 49.0324096680 -0.2981117666
78.4238815308 5.5437288284 0.0000000000 0.0000000000 57.6996421814 49.1362190247 -0.2982842922
78.4240570068 5.5439057350 0.0000000000 0.0000000000 57.6970329285 50.1831932068 -0.2982061207
78.4244155884 5.5440874100 0.0000000000 0.0000000000 57.6894989014 52.0782585144 -0.2982553542
78.4241867065 5.5442800522 0.0000000000 0.0000000000 57.6836471558 53.8102874756 -0.2982893586
78.4242706299 5.5444760323 0.0000000000 0.0000000000 57.6795730591 55.0913429260 -0.2983105183
78.4247512817 5.5446734428 0.0000000000 0.0000000000 57.6770401001 55.8082542419 -0.2983578444
78.4254913330 5.5448899269 0.0000000000 0.0000000000 57.6772003174 56.0890922546 -0.2983233631
78.4259872437 5.5451531410 0.0000000000 0.0000000000 57.6768074036 56.1882209778 -0.2983965278
78.4265365601 5.5454015732 0.0000000000 0.0000000000 57.6781959534 55.7756690979 -0.2983883619
78.4269256592 5.5457024574 0.0000000000 0.0000000000 57.6808242798 56.0103111267 -0.2983646393
78.4271774292 5.5460166931 0.0000000000 0.0000000000 57.6807212830 56.9315452576 -0.2984461784
78.4276657104 5.5463213921 0.0000000000 0.0000000000 57.6800041199 58.9188880920 -0.2983576357
78.4275817871 5.5465874672 0.0000000000 0.0000000000 57.6796951294 59.4666862488 -0.2985175252
78.4279098511 5.5468382835 0.0000000000 0.0000000000 57.6805763245 58.8336219788 -0.2983925939
78.4276351929 5.5471520424 0.0000000000 0.0000000000 57.6817398071 58.4778137207 -0.2985231578
78.4277343750 5.5474934578 0.0000000000 0.0000000000 57.6800994873 58.4330673218 -0.2984802723
78.4278488159 5.5478868484 0.0000000000 0.0000000000 57.6818428040 58.2650108337 -0.2984965444
78.4284286499 5.5482850075 0.0000000000 0.0000000000 57.6804656982 58.8160133362 -0.2985661328
78.4286727905 5.5486931801 0.0000000000 0.0000000000 57.6837425232 59.9339332581 -0.2984686196
78.4284744263 5.5491275787 0.0000000000 0.0000000000 57.6892929077 59.2828025818 -0.2986277044
78.4282760620 5.5495595932 0.0000000000 0.0000000000 57.7026329041 56.9916381836 -0.2984683514
78.4279708862 5.5500097275 0.0000000000 0.0000000000 57.7153739929 54.4932098389 -0.2986384034
78.4279632568 5.5504145622 0.0000000000 0.0000000000 57.7355537415 51.2273368835 -0.2985039353
78.4277801514 5.5508003235 0.0000000000 0.0000000000 57.7469902039 48.0001068115 -0.2986625433
78.4279098511 5.5511412621 0.0000000000 0.0000000000 57.7546997070 45.5743293762 -0.2985536456
78.4274978638 5.5514922142 0.0000000000 0.0000000000 57.7569465637 44.1015205383 -0.2986651659
78.4269638062 5.5518026352 0.0000000000 0.0000000000 57.7554054260 43.9722137451 -0.2985951304
78.4265594482 5.5521159172 0.0000000000 0.0000000000 57.7552909851 44.3280334473 -0.2986712754
78.4266662598 5.5523962975 0.0000000000 0.0000000000 57.7548751831 43.5234794617 -0.2986546755
78.4266891479 5.5526800156 0.0000000000 0.0000000000 57.7589836121 41.4852752686 -0.2986722589
78.4264678955 5.5529346466 0.0000000000 0.0000000000 57.7593612671 39.6716232300 -0.2987332046
78.4258270264 5.5531992912 0.0000000000 0.0000000000 57.7233581543 39.3656044006 -0.2986732125
78.4254074097 5.5534543991 0.0000000000 0.0000000000 57.7056808472 39.9075737000 -0.2987868190
78.4258422852 5.5536880493 0.0000000000 0.0000000000 57.6999473572 39.6660308838 -0.2986761034
78.4262695312 5.5539512634 0.0000000000 0.0000000000 57.7030296326 37.9494781494 -0.2988231778
78.4267883301 5.5541996956 0.0000000000 0.0000000000 57.6908760071 35.9280662537 -0.2986839414
78.4266281128 5.5544810295 0.0000000000 0.0000000000 57.6871833801 35.2036170959 -0.2988386154
78.4265899658 5.5547332764 0.0000000000 0.0000000000 57.6836624146 34.7758178711 -0.2986961007
78.4268188477 5.5550127029 0.0000000000 0.0000000000 57.6820983887 34.5524711609 -0.2988588810
78.4274902344 5.5552296638 0.0000000000 0.0000000000 57.6756553650 35.2920188904 -0.2987068295
78.4281921387 5.5554575920 0.0000000000 0.0000000000 57.6727027893 36.6263999939 -0.2989012599
78.4289321899 5.5556669235 0.0000000000 0.0000000000 57.6675491333 38.1798019409 -0.2986917496
78.4287033081 5.5559287071 0.0000000000 0.0000000000 57.6649932861 39.7619934082 -0.2989696264
78.4286499023 5.5561833382 0.0000000000 0.0000000000 57.6623382568 41.1414718628 -0.2986352742
78.4281692505 5.5564494133 0.0000000000 0.0000000000 57.6606407166 42.7861480713 -0.2990487218
78.4283065796 5.5566129684 0.0000000000 0.0000000000 57.6575660706 44.3746528625 -0.2985800505
78.4284896851 5.5567703247 0.0000000000 0.0000000000 57.6590385437 45.4461441040 -0.2991118431
78.4287338257 5.5568332672 0.0000000000 0.0000000000 57.6544990540 46.4102325439 -0.2985776067
78.4290008545 5.5569682121 0.0000000000 0.0000000000 57.6581954956 47.0905838013 -0.2991094589
78.4283599854 5.5570240021 0.0000000000 0.0000000000 57.6575088501 46.8899154663 -0.2986596525
78.4283599854 5.5571966171 0.0000000000 0.0000000000 57.6673889160 46.1102714539 -0.2990375161
78.4273452759 5.5572700500 0.0000000000 0.0000000000 57.6645011902 45.3570175171 -0.2987852693
78.4281997681 5.5574393272 0.0000000000 0.0000000000 57.6735000610 44.3540534973 -0.2989439666
78.4277038574 5.5575308800 0.0000000000 0.0000000000 57.6723060608 43.1828193665 -0.2989262342
78.4285659790 5.5576806068 0.0000000000 0.0000000000 57.6695365906 42.6242103577 -0.2988914251
78.4283142090 5.5577850342 0.0000000000 0.0000000000 57.6700439453 42.8955802917 -0.2990307212
78.4282836914 5.5578985214 0.0000000000 0.0000000000 57.6725730896 43.6703720093 -0.2989016771
78.4282684326 5.5580921173 0.0000000000 0.0000000000 57.6726875305 44.0476303101 -0.2990763187
78.4280014038 5.5582790375 0.0000000000 0.0000000000 57.6614608765 43.4427337646 -0.2989493906
78.4295425415 5.5585832596 0.0000000000 0.0000000000 57.6676788330 42.5396003723 -0.2990871966
78.4290313721 5.5587930679 0.0000000000 0.0000000000 57.6578712463 42.1633110046 -0.2989995480
78.4302139282 5.5591211319 0.0000000000 0.0000000000 57.6590270996 42.6932296753 -0.2990776300
78.4296951294 5.5593395233 0.0000000000 0.0000000000 57.6501808167 43.2068443298 -0.2990407944
78.4301681519 5.5596165657 0.0000000000 0.0000000000 57.6447982788 43.2604904175 -0.2990538478
78.4295806885 5.5598382950 0.0000000000 0.0000000000 57.6336250305 43.0395698547 -0.2990670502
78.4296722412 5.5600905418 0.0000000000 0.0000000000 57.6287384033 43.1172943115 -0.2990361452
78.4293746948 5.5603480339 0.0000000000 0.0000000000 57.6265335083 43.5984573364 -0.2990907431
78.4283218384 5.5605864525 0.0000000000 0.0000000000 57.6168441772 44.3607597351 -0.2990393937
78.4286041260 5.5608816147 0.0000000000 0.0000000000 57.6260490417 45.2042922974 -0.2991210520
78.4276657104 5.5610976219 0.0000000000 0.0000000000 57.6087799072 46.0877571106 -0.2990518808
78.4283218384 5.5613651276 0.0000000000 0.0000000000 57.6177444458 47.4679718018 -0.2991671860
78.4282455444 5.5615510941 0.0000000000 0.0000000000 57.6061820984 48.7829132080 -0.2990871072
78.4290466309 5.5618329048 0.0000000000 0.0000000000 57.6132049561 49.4945793152 -0.2992245257
78.4285583496 5.5621085167 0.0000000000 0.0000000000 57.6041564941 49.6176948547 -0.2991475463
78.4284057617 5.5624647141 0.0000000000 0.0000000000 57.6082725525 49.9025192261 -0.2992736697
78.4277877808 5.5628123283 0.0000000000 0.0000000000 57.6043777466 50.1381759644 -0.2991788983
78.4275741577 5.5631599426 0.0000000000 0.0000000000 57.6014289856 49.5879325867 -0.2992848754
78.4283447266 5.5635375977 0.0000000000 0.0000000000 57.6060104370 48.3647994995 -0.2991609275
78.4283676147 5.5638737679 0.0000000000 0.0000000000 57.6015510559 47.5925140381 -0.2992728353
78.4290008545 5.5641975403 0.0000000000 0.0000000000 57.6076583862 47.6245880127 -0.2991512418
78.4283905029 5.5644836426 0.0000000000 0.0000000000 57.6054344177 48.4213600159 -0.2992792130
78.4284515381 5.5647869110 0.0000000000 0.0000000000 57.6063232422 49.7895164490 -0.2991815805
78.4288482666 5.5650434494 0.0000000000 0.0000000000 57.6093521118 51.3406295776 -0.2993225753
78.4296569824 5.5652556419 0.0000000000 0.0000000000 57.6006507874 53.3862152100 -0.2992454767
78.4308013916 5.5654826164 0.0000000000 0.0000000000 57.6036987305 55.0377044678 -0.2993653119
78.4305572510 5.5656838417 0.0000000000 0.0000000000 57.5917434692 54.6567115784 -0.2992752194
78.4301681519 5.5659813881 0.0000000000 0.0000000000 57.5943145752 53.3635444641 -0.2993614972
78.4298477173 5.5662403107 0.0000000000 0.0000000000 57.5877723694 51.8675384521 -0.2992800176
78.4304199219 5.5665264130 0.0000000000 0.0000000000 57.5865859985 50.1887359619 -0.2993531525
78.4306716919 5.5667481422 0.0000000000 0.0000000000 57.5938034058 48.9904823303 -0.2993207276
78.4314117432 5.5670542717 0.0000000000 0.0000000000 57.5836334229 48.4508171082 -0.2993618846
78.4312438965 5.5673551559 0.0000000000 0.0000000000 57.5807991028 48.5940399170 -0.2993761897
78.4310684204 5.5677657127 0.0000000000 0.0000000000 57.5798492432 49.1616744995 -0.2993603945
78.4306030273 5.5681314468 0.0000000000 0.0000000000 57.5786094666 49.2237548828 -0.2994248867
78.4315795898 5.5685505867 0.0000000000 0.0000000000 57.5764999390 48.5214538574 -0.2993498743
78.4320831299 5.5689773560 0.0000000000 0.0000000000 57.5717620850 47.3954620361 -0.2994682193
78.4325942993 5.5694737434 0.0000000000 0.0000000000 57.5708427429 46.0383071899 -0.2993367314
78.4321975708 5.5699410439 0.0000000000 0.0000000000 57.5654830933 44.3484611511 -0.2994856536
78.4320831299 5.5703907013 0.0000000000 0.0000000000 57.5630607605 42.4437103271 -0.2993239164
78.4314880371 5.5707836151 0.0000000000 0.0000000000 57.5596847534 41.0387496948 -0.2994841039
78.4312362671 5.5711383820 0.0000000000 0.0000000000 57.5554962158 39.6651229858 -0.2993321717
78.4322128296 5.5714988708 0.0000000000 0.0000000000 57.5541038513 38.2685623169 -0.2994714081
78.4317474365 5.5718107224 0.0000000000 0.0000000000 57.5520553589 37.8909912109 -0.2993491292
78.4319229126 5.5721921921 0.0000000000 0.0000000000 57.5514869690 38.0904884338 -0.2994432747
78.4311218262 5.5724768639 0.0000000000 0.0000000000 57.5516548157 38.4524726868 -0.2993670702
78.4321670532 5.5728273392 0.0000000000 0.0000000000 57.5523948669 38.9053230286 -0.2994327545
78.4310684204 5.5730428696 0.0000000000 0.0000000000 57.5850448608 39.1197586060 -0.2993904948
78.4321289062 5.5733418465 0.0000000000 0.0000000000 57.5543479919 39.4685630798 -0.2994432449
78.4311447144 5.5735077858 0.0000000000 0.0000000000 57.5535583496 39.9719924927 -0.2994016111
78.4319152832 5.5737643242 0.0000000000 0.0000000000 57.5596580505 40.3147430420 -0.2994684875
78.4304275513 5.5739073753 0.0000000000 0.0000000000 57.5615425110 40.5091133118 -0.2994082272
78.4319458008 5.5741381645 0.0000000000 0.0000000000 57.5558433533 40.5689468384 -0.2995179892
78.4311828613 5.5742387772 0.0000000000 0.0000000000 57.5797805786 40.4113082886 -0.2994082868
78.4327087402 5.5744538307 0.0000000000 0.0000000000 57.5713615417 40.0306701660 -0.2995800376
78.4321136475 5.5745372772 0.0000000000 0.0000000000 57.5975608826 40.7316207886 -0.2994014025
78.4331359863 5.5747661591 0.0000000000 0.0000000000 57.5702095032 42.2935333252 -0.2996262908
78.4315032959 5.5748972893 0.0000000000 0.0000000000 57.5927200317 44.6747360229 -0.2994031906
78.4325103760 5.5751614571 0.0000000000 0.0000000000 57.5634689331 45.4496917725 -0.2996406257
78.4321746826 5.5753188133 0.0000000000 0.0000000000 57.5782623291 47.2942504883 -0.2994397283
78.4332809448 5.5755543709 0.0000000000 0.0000000000 57.5579681396 46.7558403015 -0.2996438146
78.4330673218 5.5757308006 0.0000000000 0.0000000000 57.5641365051 47.2788848877 -0.2994899154
78.4335861206 5.5759687424 0.0000000000 0.0000000000 57.5510826111 47.0224380493 -0.2996587753
78.4333267212 5.5761675835 0.0000000000 0.0000000000 57.5525016785 46.8607864380 -0.2995053828
78.4335556030 5.5763549805 0.0000000000 0.0000000000 57.5507659912 47.1203651428 -0.2996859848
78.4344177246 5.5765590668 0.0000000000 0.0000000000 57.5477409363 47.7547760010 -0.2994891405
78.4343719482 5.5767521858 0.0000000000 0.0000000000 57.5537948608 48.7855720520 -0.2996931076
78.4345474243 5.5769562721 0.0000000000 0.0000000000 57.5511054993 49.4919509888 -0.2994847894
78.4339599609 5.5771250725 0.0000000000 0.0000000000 57.5592231750 49.3775749207 -0.2996825278
78.4338378906 5.5772843361 0.0000000000 0.0000000000 57.5634269714 48.2439575195 -0.2995215952
78.4339141846 5.5774464607 0.0000000000 0.0000000000 57.5679473877 46.9855232239 -0.2996924818
78.4341201782 5.5775823593 0.0000000000 0.0000000000 57.5732765198 46.3232612610 -0.2995434999
78.4345855713 5.5777487755 0.0000000000 0.0000000000 57.5685768127 46.9311523438 -0.2997068763
78.4339294434 5.5778174400 0.0000000000 0.0000000000 57.5775527954 48.2733421326 -0.2995139956
78.4341964722 5.5779170990 0.0000000000 0.0000000000 57.5674552917 49.4935035706 -0.2997165322
78.4334945679 5.5778741837 0.0000000000 0.0000000000 57.5781021118 49.9951782227 -0.2994791865
78.4338684082 5.5778632164 0.0000000000 0.0000000000 57.5640029907 49.8577728271 -0.2997065187
78.4335174561 5.5777072906 0.0000000000 0.0000000000 57.5770568848 49.1523780823 -0.2994775772
78.4344940186 5.5776777267 0.0000000000 0.0000000000 57.5578041077 48.3490562439 -0.2996858358
78.4335708618 5.5775232315 0.0000000000 0.0000000000 57.5729293823 47.4170570374 -0.2994920611
78.4339981079 5.5775060654 0.0000000000 0.0000000000 57.5552024841 46.6325340271 -0.2996687293
78.4328460693 5.5773348808 0.0000000000 0.0000000000 57.5710830688 45.6455650330 -0.2994956374
78.4336624146 5.5772809982 0.0000000000 0.0000000000 57.5554504395 46.4719772339 -0.2996861339
78.4330596924 5.5770759583 0.0000000000 0.0000000000 57.5732536316 47.0709533691 -0.2995013595
78.4338226318 5.5770335197 0.0000000000 0.0000000000 57.5582389832 49.1957321167 -0.2997433245
78.4332885742 5.5768713951 0.0000000000 0.0000000000 57.5768508911 47.9281158447 -0.2995195985
78.4334259033 5.5768418312 0.0000000000 0.0000000000 57.5668334961 51.4418525696 -0.2998136580
78.4329376221 5.5767621994 0.0000000000 0.0000000000 57.5845375061 50.3482360840 -0.2995707989
78.4332351685 5.5767750740 0.0000000000 0.0000000000 57.5834922791 52.7189216614 -0.2998653650
78.4332275391 5.5767879486 0.0000000000 0.0000000000 57.5884094238 53.5960083008 -0.2996427119
78.4334793091 5.5768418312 0.0000000000 0.0000000000 57.5909080505 55.1881294250 -0.2998667955
78.4336853027 5.5768885612 0.0000000000 0.0000000000 57.5824966431 54.9621696472 -0.2997164130
78.4334793091 5.5769515038 0.0000000000 0.0000000000 57.5780639648 54.1046180725 -0.2998358011
78.4334182739 5.5770292282 0.0000000000 0.0000000000 57.5743713379 54.8086700439 -0.2997698784
78.4334030151 5.5770955086 0.0000000000 0.0000000000 57.5693206787 54.3968772888 -0.2997902036
