#         rmsthk      stdthk       rmsvel       stdvel       rmsdiv       stddiv       rmsusurf       stdusurf
-0.0000025151 0.0001325172 -27.0579109192 57.7596664429 0.0000000000 0.0000000000 0.0000000000 0.0000000000
-0.0460914187 0.5438662171 -28.1957397461 57.0909156799 0.0000000000 0.0000000000 0.0000000000 0.0000000000
-0.0399469659 1.0602369308 -27.9218273163 57.0488624573 0.0000000000 0.0000000000 0.0000000000 0.0000000000
0.0085959919 1.5619486570 -27.7815113068 56.9831886292 0.0000000000 0.0000000000 0.0000000000 0.0000000000
0.0909940377 2.0529441833 -27.6968746185 56.8822593689 0.0000000000 0.0000000000 0.0000000000 0.0000000000
0.1805431992 2.5408439636 -27.5641136169 56.8084564209 0.0000000000 0.0000000000 0.0000000000 0.0000000000
0.2694215775 3.0202548504 -27.3802032471 56.7664222717 0.0000000000 0.0000000000 0.0000000000 0.0000000000
0.3563269377 3.4882352352 -27.1432857513 56.7596015930 0.0000000000 0.0000000000 0.0000000000 0.0000000000
0.4408551455 3.9440586567 -26.8531780243 56.7919731140 0.0000000000 0.0000000000 0.0000000000 0.0000000000
0.5226674676 4.3881368637 -26.5271148682 56.8688163757 0.0000000000 0.0000000000 0.0000000000 0.0000000000
0.6016315222 4.8211040497 -26.1770267487 56.9988021851 0.0000000000 0.0000000000 0.0000000000 0.0000000000
0.6775552034 5.2439579964 -25.8189296722 57.1930274963 0.0000000000 0.0000000000 0.0000000000 0.0000000000
0.7502322197 5.6578092575 -25.4813652039 57.4559707642 0.0000000000 0.0000000000 0.0000000000 0.0000000000
0.8193969131 6.0638499260 -25.2158870697 57.7735748291 0.0000000000 0.0000000000 0.0000000000 0.0000000000
0.8850767016 6.4628934860 -25.0536441803 58.1215209961 0.0000000000 0.0000000000 0.0000000000 0.0000000000
0.9472764730 6.8555431366 -24.9965209961 58.4755630493 0.0000000000 0.0000000000 0.0000000000 0.0000000000
1.0061661005 7.2421236038 -25.0225048065 58.8202590942 0.0000000000 0.0000000000 0.0000000000 0.0000000000
1.0617170334 7.6227860451 -25.0942897797 59.1520233154 0.0000000000 0.0000000000 0.0000000000 0.0000000000
1.1141518354 7.9972081184 -25.1789054871 59.4799957275 0.0000000000 0.0000000000 0.0000000000 0.0000000000
1.1632486582 8.3655643463 -25.2504005432 59.8161544800 0.0000000000 0.0000000000 0.0000000000 0.0000000000
1.2089003325 8.7278022766 -25.2971935272 60.1717338562 0.0000000000 0.0000000000 0.0000000000 0.0000000000
1.2511377335 9.0837898254 -25.3116855621 60.5485649109 0.0000000000 0.0000000000 0.0000000000 0.0000000000
1.2897789478 9.4330263138 -25.3004360199 60.9398880005 0.0000000000 0.0000000000 0.0000000000 0.0000000000
1.3247798681 9.7756538391 -25.2774581909 61.3369674683 0.0000000000 0.0000000000 0.0000000000 0.0000000000
1.3562910557 10.1119308472 -25.2524852753 61.7274703979 0.0000000000 0.0000000000 0.0000000000 0.0000000000
1.3844926357 10.4422969818 -25.2323818207 62.1035804749 0.0000000000 0.0000000000 0.0000000000 0.0000000000
1.4092942476 10.7671127319 -25.2160243988 62.4602127075 0.0000000000 0.0000000000 0.0000000000 0.0000000000
1.4306447506 11.0867338181 -25.1981849670 62.7930908203 0.0000000000 0.0000000000 0.0000000000 0.0000000000
1.4487098455 11.4018087387 -25.1765060425 63.0922317505 0.0000000000 0.0000000000 0.0000000000 0.0000000000
1.4635863304 11.7128019333 -25.1486148834 63.3574104309 0.0000000000 0.0000000000 0.0000000000 0.0000000000
1.4755815268 12.0200328827 -25.1165409088 63.5794487000 0.0000000000 0.0000000000 0.0000000000 0.0000000000
1.4848241806 12.3237295151 -25.0915966034 63.7449951172 0.0000000000 0.0000000000 0.0000000000 0.0000000000
1.4913693666 12.6241893768 -25.0882396698 63.8374328613 0.0000000000 0.0000000000 0.0000000000 0.0000000000
1.4952614307 12.9218482971 -25.1176948547 63.8553085327 0.0000000000 0.0000000000 0.0000000000 0.0000000000
1.4967380762 13.2168502808 -25.1801033020 63.8031234741 0.0000000000 0.0000000000 0.0000000000 0.0000000000
1.4959506989 13.5092773438 -25.2643966675 63.6964645386 0.0000000000 0.0000000000 0.0000000000 0.0000000000
1.4931360483 13.7991304398 -25.3530788422 63.5577278137 0.0000000000 0.0000000000 0.0000000000 0.0000000000
1.4885512590 14.0863380432 -25.4342517853 63.4056205750 0.0000000000 0.0000000000 0.0000000000 0.0000000000
1.4824248552 14.3708515167 -25.5036544800 63.2516632080 0.0000000000 0.0000000000 0.0000000000 0.0000000000
1.4748491049 14.6527070999 -25.5632343292 63.0993080139 0.0000000000 0.0000000000 0.0000000000 0.0000000000
1.4659070969 14.9319429398 -25.6164379120 62.9489517212 0.0000000000 0.0000000000 0.0000000000 0.0000000000
1.4556419849 15.2084875107 -25.6646022797 62.8048210144 0.0000000000 0.0000000000 0.0000000000 0.0000000000
1.4439574480 15.4825000763 -25.7087917328 62.6711883545 0.0000000000 0.0000000000 0.0000000000 0.0000000000
1.4310020208 15.7539873123 -25.7468204498 62.5517082214 0.0000000000 0.0000000000 0.0000000000 0.0000000000
1.4168038368 16.0231533051 -25.7735137939 62.4538116455 0.0000000000 0.0000000000 0.0000000000 0.0000000000
1.4012780190 16.2902393341 -25.7921638489 62.3778038025 0.0000000000 0.0000000000 0.0000000000 0.0000000000
1.3844248056 16.5552978516 -25.8105297089 62.3142967224 0.0000000000 0.0000000000 0.0000000000 0.0000000000
1.3662416935 16.8185005188 -25.8381042480 62.2591934204 0.0000000000 0.0000000000 0.0000000000 0.0000000000
1.3468167782 17.0798339844 -25.8825187683 62.2013816833 0.0000000000 0.0000000000 0.0000000000 0.0000000000
1.3261929750 17.3395690918 -25.9436397552 62.1392402649 0.0000000000 0.0000000000 0.0000000000 0.0000000000
1.3046299219 17.5976867676 -26.0139942169 62.0734176636 0.0000000000 0.0000000000 0.0000000000 0.0000000000
1.2821604013 17.8543128967 -26.0828533173 62.0093078613 0.0000000000 0.0000000000 0.0000000000 0.0000000000
1.2589530945 18.1094188690 -26.1447391510 61.9514045715 0.0000000000 0.0000000000 0.0000000000 0.0000000000
1.2353007793 18.3628997803 -26.2040920258 61.8949775696 0.0000000000 0.0000000000 0.0000000000 0.0000000000
1.2114034891 18.6146221161 -26.2682704926 61.8398399353 0.0000000000 0.0000000000 0.0000000000 0.0000000000
1.1874014139 18.8644294739 -26.3360214233 61.7869987488 0.0000000000 0.0000000000 0.0000000000 0.0000000000
1.1633819342 19.1122970581 -26.4006576538 61.7392959595 0.0000000000 0.0000000000 0.0000000000 0.0000000000
1.1395037174 19.3582553864 -26.4553585052 61.6949653625 0.0000000000 0.0000000000 0.0000000000 0.0000000000
1.1159322262 19.6021766663 -26.4955501556 61.6531295776 0.0000000000 0.0000000000 0.0000000000 0.0000000000
1.0928944349 19.8438510895 -26.5186786652 61.6137657166 0.0000000000 0.0000000000 0.0000000000 0.0000000000
1.0704624653 20.0834579468 -26.5322132111 61.5706787109 0.0000000000 0.0000000000 0.0000000000 0.0000000000
1.0485858917 20.3211078644 -26.5433635712 61.5225219727 0.0000000000 0.0000000000 0.0000000000 0.0000000000
1.0272330046 20.5569057465 -26.5613994598 61.4635543823 0.0000000000 0.0000000000 0.0000000000 0.0000000000
1.0063494444 20.7908573151 -26.5891799927 61.3891334534 0.0000000000 0.0000000000 0.0000000000 0.0000000000
0.9860978723 21.0229034424 -26.6205253601 61.3051757812 0.0000000000 0.0000000000 0.0000000000 0.0000000000
0.9665620923 21.2530097961 -26.6482963562 61.2173156738 0.0000000000 0.0000000000 0.0000000000 0.0000000000
0.9477034211 21.4812335968 -26.6728820801 61.1273460388 0.0000000000 0.0000000000 0.0000000000 0.0000000000
0.9295095205 21.7076358795 -26.6993217468 61.0348320007 0.0000000000 0.0000000000 0.0000000000 0.0000000000
0.9120284915 21.9322032928 -26.7313804626 60.9397735596 0.0000000000 0.0000000000 0.0000000000 0.0000000000
0.8952823281 22.1548843384 -26.7685012817 60.8441658020 0.0000000000 0.0000000000 0.0000000000 0.0000000000
0.8793037534 22.3754234314 -26.8059940338 60.7553749084 0.0000000000 0.0000000000 0.0000000000 0.0000000000
0.8640494347 22.5938720703 -26.8384990692 60.6774406433 0.0000000000 0.0000000000 0.0000000000 0.0000000000
0.8494463563 22.8103160858 -26.8653907776 60.6076240540 0.0000000000 0.0000000000 0.0000000000 0.0000000000
0.8355371356 23.0246543884 -26.8857307434 60.5460815430 0.0000000000 0.0000000000 0.0000000000 0.0000000000
0.8222147226 23.2368946075 -26.9035644531 60.4900588989 0.0000000000 0.0000000000 0.0000000000 0.0000000000
0.8095171452 23.4469795227 -26.9241008759 60.4374809265 0.0000000000 0.0000000000 0.0000000000 0.0000000000
0.7972952724 23.6550464630 -26.9467563629 60.3875541687 0.0000000000 0.0000000000 0.0000000000 0.0000000000
0.7855255008 23.8611164093 -26.9688796997 60.3412094116 0.0000000000 0.0000000000 0.0000000000 0.0000000000
0.7741561532 24.0652313232 -26.9896183014 60.2970199585 0.0000000000 0.0000000000 0.0000000000 0.0000000000
0.7631750107 24.2674255371 -27.0070152283 60.2577323914 0.0000000000 0.0000000000 0.0000000000 0.0000000000
0.7523961663 24.4677238464 -27.0242805481 60.2224006653 0.0000000000 0.0000000000 0.0000000000 0.0000000000
0.7418478131 24.6661853790 -27.0464210510 60.1878280640 0.0000000000 0.0000000000 0.0000000000 0.0000000000
0.7314987779 24.8627796173 -27.0770568848 60.1500549316 0.0000000000 0.0000000000 0.0000000000 0.0000000000
0.7213423848 25.0575218201 -27.1097049713 60.1113586426 0.0000000000 0.0000000000 0.0000000000 0.0000000000
0.7113317847 25.2504806519 -27.1368751526 60.0744857788 0.0000000000 0.0000000000 0.0000000000 0.0000000000
0.7013785839 25.4417724609 -27.1574211121 60.0393218994 0.0000000000 0.0000000000 0.0000000000 0.0000000000
0.6914646029 25.6314220428 -27.1745891571 60.0042839050 0.0000000000 0.0000000000 0.0000000000 0.0000000000
0.6815598607 25.8193607330 -27.1912479401 59.9696540833 0.0000000000 0.0000000000 0.0000000000 0.0000000000
0.6716065407 26.0055885315 -27.2111816406 59.9316215515 0.0000000000 0.0000000000 0.0000000000 0.0000000000
0.6614989042 26.1901950836 -27.2319030762 59.8940658569 0.0000000000 0.0000000000 0.0000000000 0.0000000000
0.6512358189 26.3732566833 -27.2490348816 59.8587837219 0.0000000000 0.0000000000 0.0000000000 0.0000000000
0.6407114267 26.5548686981 -27.2612781525 59.8253974915 0.0000000000 0.0000000000 0.0000000000 0.0000000000
0.6299791932 26.7349853516 -27.2705211639 59.7929611206 0.0000000000 0.0000000000 0.0000000000 0.0000000000
0.6189836264 26.9135513306 -27.2823314667 59.7572097778 0.0000000000 0.0000000000 0.0000000000 0.0000000000
0.6076757908 27.0905742645 -27.2990989685 59.7190170288 0.0000000000 0.0000000000 0.0000000000 0.0000000000
0.5960035920 27.2661228180 -27.3188285828 59.6797790527 0.0000000000 0.0000000000 0.0000000000 0.0000000000
0.5840394497 27.4401187897 -27.3383712769 59.6408462524 0.0000000000 0.0000000000 0.0000000000 0.0000000000
0.5717320442 27.6126060486 -27.3570156097 59.6036567688 0.0000000000 0.0000000000 0.0000000000 0.0000000000
0.5590946078 27.7835750580 -27.3724040985 59.5695419312 0.0000000000 0.0000000000 0.0000000000 0.0000000000
0.5462368727 27.9529399872 -27.3866825104 59.5371971130 0.0000000000 0.0000000000 0.0000000000 0.0000000000
0.5331419706 28.1207618713 -27.4003505707 59.5053520203 0.0000000000 0.0000000000 0.0000000000 0.0000000000
0.5198117495 28.2870616913 -27.4141025543 59.4736747742 0.0000000000 0.0000000000 0.0000000000 0.0000000000
0.5063363314 28.4518623352 -27.4255428314 59.4429779053 0.0000000000 0.0000000000 0.0000000000 0.0000000000
0.4926671088 28.6151199341 -27.4346446991 59.4133834839 0.0000000000 0.0000000000 0.0000000000 0.0000000000
0.4788496494 28.7768993378 -27.4427356720 59.3848495483 0.0000000000 0.0000000000 0.0000000000 0.0000000000
0.4650267661 28.9371471405 -27.4520339966 59.3568878174 0.0000000000 0.0000000000 0.0000000000 0.0000000000
0.4511153996 29.0959300995 -27.4642734528 59.3285140991 0.0000000000 0.0000000000 0.0000000000 0.0000000000
0.4371789992 29.2532730103 -27.4800548553 59.2988700867 0.0000000000 0.0000000000 0.0000000000 0.0000000000
0.4233370125 29.4091644287 -27.4966011047 59.2687721252 0.0000000000 0.0000000000 0.0000000000 0.0000000000
0.4095187485 29.5635681152 -27.5108242035 59.2408561707 0.0000000000 0.0000000000 0.0000000000 0.0000000000
0.3956897855 29.7164154053 -27.5229568481 59.2146339417 0.0000000000 0.0000000000 0.0000000000 0.0000000000
0.3818647563 29.8677310944 -27.5325584412 59.1901893616 0.0000000000 0.0000000000 0.0000000000 0.0000000000
0.3681328893 30.0174503326 -27.5417251587 59.1663703918 0.0000000000 0.0000000000 0.0000000000 0.0000000000
0.3543358147 30.1656551361 -27.5495204926 59.1430473328 0.0000000000 0.0000000000 0.0000000000 0.0000000000
0.3405520022 30.3122882843 -27.5560283661 59.1204147339 0.0000000000 0.0000000000 0.0000000000 0.0000000000
0.3267859221 30.4573459625 -27.5609264374 59.0990257263 0.0000000000 0.0000000000 0.0000000000 0.0000000000
0.3131651282 30.6007823944 -27.5650386810 59.0784530640 0.0000000000 0.0000000000 0.0000000000 0.0000000000
0.2995493412 30.7425804138 -27.5700111389 59.0579566956 0.0000000000 0.0000000000 0.0000000000 0.0000000000
0.2858827710 30.8827838898 -27.5758399963 59.0381126404 0.0000000000 0.0000000000 0.0000000000 0.0000000000
0.2721356750 31.0214614868 -27.5823726654 59.0193214417 0.0000000000 0.0000000000 0.0000000000 0.0000000000
0.2582800388 31.1585750580 -27.5904979706 59.0014343262 0.0000000000 0.0000000000 0.0000000000 0.0000000000
0.2442479730 31.2941226959 -27.5997085571 58.9845886230 0.0000000000 0.0000000000 0.0000000000 0.0000000000
0.2300947607 31.4281101227 -27.6089878082 58.9677696228 0.0000000000 0.0000000000 0.0000000000 0.0000000000
0.2157763988 31.5605545044 -27.6183624268 58.9510421753 0.0000000000 0.0000000000 0.0000000000 0.0000000000
0.2013673931 31.6914710999 -27.6262207031 58.9356651306 0.0000000000 0.0000000000 0.0000000000 0.0000000000
0.1868961304 31.8208541870 -27.6337699890 58.9200897217 0.0000000000 0.0000000000 0.0000000000 0.0000000000
0.1723765880 31.9487934113 -27.6416034698 58.9041824341 0.0000000000 0.0000000000 0.0000000000 0.0000000000
0.1577685028 32.0752525330 -27.6495285034 58.8879280090 0.0000000000 0.0000000000 0.0000000000 0.0000000000
0.1430069506 32.2002220154 -27.6568069458 58.8716011047 0.0000000000 0.0000000000 0.0000000000 0.0000000000
0.1281976998 32.3237113953 -27.6633186340 58.8549118042 0.0000000000 0.0000000000 0.0000000000 0.0000000000
0.1132221594 32.4456939697 -27.6689414978 58.8377914429 0.0000000000 0.0000000000 0.0000000000 0.0000000000
0.0980639309 32.5661735535 -27.6752033234 58.8201293945 0.0000000000 0.0000000000 0.0000000000 0.0000000000
0.0828222334 32.6850280762 -27.6822147369 58.8022422791 0.0000000000 0.0000000000 0.0000000000 0.0000000000
0.0674930811 32.8022766113 -27.6880836487 58.7852172852 0.0000000000 0.0000000000 0.0000000000 0.0000000000
0.0519983731 32.9179954529 -27.6951999664 58.7682304382 0.0000000000 0.0000000000 0.0000000000 0.0000000000
0.0363981798 33.0321578979 -27.7025699615 58.7517967224 0.0000000000 0.0000000000 0.0000000000 0.0000000000
0.0207979549 33.1447334290 -27.7092971802 58.7359580994 0.0000000000 0.0000000000 0.0000000000 0.0000000000
0.0052693104 33.2556877136 -27.7150764465 58.7213897705 0.0000000000 0.0000000000 0.0000000000 0.0000000000
-0.0101812035 33.3650207520 -27.7193870544 58.7081794739 0.0000000000 0.0000000000 0.0000000000 0.0000000000
-0.0256014746 33.4726753235 -27.7231006622 58.6961631775 0.0000000000 0.0000000000 0.0000000000 0.0000000000
-0.0409736186 33.5788040161 -27.7282009125 58.6844978333 0.0000000000 0.0000000000 0.0000000000 0.0000000000
-0.0563663319 33.6833839417 -27.7351589203 58.6724395752 0.0000000000 0.0000000000 0.0000000000 0.0000000000
-0.0716231838 33.7863845825 -27.7375946045 58.6642913818 0.0000000000 0.0000000000 0.0000000000 0.0000000000
-0.0868517756 33.8878288269 -27.7413043976 58.6556930542 0.0000000000 0.0000000000 0.0000000000 0.0000000000
-0.1020717993 33.9878425598 -27.7469997406 58.6462593079 0.0000000000 0.0000000000 0.0000000000 0.0000000000
-0.1173410118 34.0864601135 -27.7544746399 58.6358108521 0.0000000000 0.0000000000 0.0000000000 0.0000000000
-0.1325554699 34.1837234497 -27.7625007629 58.6244125366 0.0000000000 0.0000000000 0.0000000000 0.0000000000
-0.1477563977 34.2796249390 -27.7695064545 58.6131324768 0.0000000000 0.0000000000 0.0000000000 0.0000000000
-0.1628770679 34.3741683960 -27.7760257721 58.6021194458 0.0000000000 0.0000000000 0.0000000000 0.0000000000
-0.1778629571 34.4673805237 -27.7822647095 58.5907592773 0.0000000000 0.0000000000 0.0000000000 0.0000000000
-0.1927440614 34.5593681335 -27.7883529663 58.5788803101 0.0000000000 0.0000000000 0.0000000000 0.0000000000
-0.2075424790 34.6501159668 -27.7920112610 58.5679283142 0.0000000000 0.0000000000 0.0000000000 0.0000000000
-0.2223059684 34.7397003174 -27.7966613770 58.5561637878 0.0000000000 0.0000000000 0.0000000000 0.0000000000
-0.2369229347 34.8280563354 -27.8010520935 58.5443496704 0.0000000000 0.0000000000 0.0000000000 0.0000000000
-0.2515111268 34.9152145386 -27.8053932190 58.5322875977 0.0000000000 0.0000000000 0.0000000000 0.0000000000
-0.2662183046 35.0013427734 -27.8092269897 58.5200386047 0.0000000000 0.0000000000 0.0000000000 0.0000000000
-0.2809628844 35.0864372253 -27.8129615784 58.5074043274 0.0000000000 0.0000000000 0.0000000000 0.0000000000
-0.2957148850 35.1704711914 -27.8176994324 58.4947280884 0.0000000000 0.0000000000 0.0000000000 0.0000000000
-0.3105100095 35.2534217834 -27.8230609894 58.4822883606 0.0000000000 0.0000000000 0.0000000000 0.0000000000
-0.3253570497 35.3353195190 -27.8280029297 58.4704246521 0.0000000000 0.0000000000 0.0000000000 0.0000000000
-0.3402788341 35.4161453247 -27.8320598602 58.4588546753 0.0000000000 0.0000000000 0.0000000000 0.0000000000
-0.3553068340 35.4958457947 -27.8353099823 58.4481658936 0.0000000000 0.0000000000 0.0000000000 0.0000000000
-0.3704223931 35.5744132996 -27.8391036987 58.4383583069 0.0000000000 0.0000000000 0.0000000000 0.0000000000
-0.3856460750 35.6518249512 -27.8434791565 58.4292144775 0.0000000000 0.0000000000 0.0000000000 0.0000000000
-0.4009864330 35.7280082703 -27.8492851257 58.4194908142 0.0000000000 0.0000000000 0.0000000000 0.0000000000
-0.4164966047 35.8030929565 -27.8553504944 58.4099082947 0.0000000000 0.0000000000 0.0000000000 0.0000000000
-0.4321692884 35.8770370483 -27.8618259430 58.4003028870 0.0000000000 0.0000000000 0.0000000000 0.0000000000
-0.4479866028 35.9498443604 -27.8684062958 58.3905105591 0.0000000000 0.0000000000 0.0000000000 0.0000000000
-0.4638995826 36.0214385986 -27.8743495941 58.3808746338 0.0000000000 0.0000000000 0.0000000000 0.0000000000
-0.4799501598 36.0919685364 -27.8810997009 58.3712005615 0.0000000000 0.0000000000 0.0000000000 0.0000000000
-0.4961304665 36.1615104675 -27.8882446289 58.3620491028 0.0000000000 0.0000000000 0.0000000000 0.0000000000
-0.5124127269 36.2299880981 -27.8936138153 58.3536300659 0.0000000000 0.0000000000 0.0000000000 0.0000000000
-0.5287677050 36.2975082397 -27.8971977234 58.3464584351 0.0000000000 0.0000000000 0.0000000000 0.0000000000
-0.5452330112 36.3641166687 -27.8983001709 58.3407745361 0.0000000000 0.0000000000 0.0000000000 0.0000000000
-0.5618308187 36.4298095703 -27.9026279449 58.3338317871 0.0000000000 0.0000000000 0.0000000000 0.0000000000
-0.5785565376 36.4945983887 -27.9096088409 58.3255348206 0.0000000000 0.0000000000 0.0000000000 0.0000000000
-0.5954160094 36.5584754944 -27.9164962769 58.3163299561 0.0000000000 0.0000000000 0.0000000000 0.0000000000
-0.6123254299 36.6213951111 -27.9213066101 58.3078422546 0.0000000000 0.0000000000 0.0000000000 0.0000000000
-0.6292834282 36.6833953857 -27.9249935150 58.3003273010 0.0000000000 0.0000000000 0.0000000000 0.0000000000
-0.6463211179 36.7444648743 -27.9309825897 58.2921600342 0.0000000000 0.0000000000 0.0000000000 0.0000000000
-0.6633973718 36.8044853210 -27.9351806641 58.2853393555 0.0000000000 0.0000000000 0.0000000000 0.0000000000
-0.6804762483 36.8635864258 -27.9433422089 58.2764625549 0.0000000000 0.0000000000 0.0000000000 0.0000000000
-0.6974735856 36.9217185974 -27.9518890381 58.2669792175 0.0000000000 0.0000000000 0.0000000000 0.0000000000
-0.7144270539 36.9788856506 -27.9572811127 58.2585525513 0.0000000000 0.0000000000 0.0000000000 0.0000000000
-0.7312932014 37.0351562500 -27.9612216949 58.2509880066 0.0000000000 0.0000000000 0.0000000000 0.0000000000
-0.7480624318 37.0904769897 -27.9653816223 58.2440834045 0.0000000000 0.0000000000 0.0000000000 0.0000000000
-0.7647397518 37.1448860168 -27.9734077454 58.2365417480 0.0000000000 0.0000000000 0.0000000000 0.0000000000
-0.7813517451 37.1984291077 -27.9831047058 58.2283859253 0.0000000000 0.0000000000 0.0000000000 0.0000000000
-0.7978562713 37.2511558533 -27.9895648956 58.2211227417 0.0000000000 0.0000000000 0.0000000000 0.0000000000
-0.8142510653 37.3030700684 -27.9919147491 58.2147140503 0.0000000000 0.0000000000 0.0000000000 0.0000000000
-0.8304785490 37.3541603088 -27.9936332703 58.2085533142 0.0000000000 0.0000000000 0.0000000000 0.0000000000
-0.8465848565 37.4045410156 -27.9978084564 58.2024230957 0.0000000000 0.0000000000 0.0000000000 0.0000000000
-0.8625836968 37.4542350769 -28.0048427582 58.1955108643 0.0000000000 0.0000000000 0.0000000000 0.0000000000
-0.8785048723 37.5032730103 -28.0106716156 58.1887626648 0.0000000000 0.0000000000 0.0000000000 0.0000000000
-0.8943594098 37.5517005920 -28.0134029388 58.1821098328 0.0000000000 0.0000000000 0.0000000000 0.0000000000
-0.9101178646 37.5995063782 -28.0144081116 58.1755638123 0.0000000000 0.0000000000 0.0000000000 0.0000000000
-0.9258543849 37.6468048096 -28.0177764893 58.1686706543 0.0000000000 0.0000000000 0.0000000000 0.0000000000
-0.9415408969 37.6936225891 -28.0252761841 58.1612701416 0.0000000000 0.0000000000 0.0000000000 0.0000000000
-0.9572175145 37.7399368286 -28.0334949493 58.1540260315 0.0000000000 0.0000000000 0.0000000000 0.0000000000
-0.9728752375 37.7857780457 -28.0396537781 58.1474571228 0.0000000000 0.0000000000 0.0000000000 0.0000000000
-0.9885329008 37.8311920166 -28.0426902771 58.1411972046 0.0000000000 0.0000000000 0.0000000000 0.0000000000
-1.0042024851 37.8762054443 -28.0469379425 58.1348190308 0.0000000000 0.0000000000 0.0000000000 0.0000000000
-1.0198690891 37.9207496643 -28.0535640717 58.1275672913 0.0000000000 0.0000000000 0.0000000000 0.0000000000
-1.0355515480 37.9648818970 -28.0608139038 58.1208114624 0.0000000000 0.0000000000 0.0000000000 0.0000000000
-1.0512145758 38.0085792542 -28.0654392242 58.1146965027 0.0000000000 0.0000000000 0.0000000000 0.0000000000
-1.0668526888 38.0517692566 -28.0685577393 58.1088905334 0.0000000000 0.0000000000 0.0000000000 0.0000000000
-1.0824328661 38.0944747925 -28.0706977844 58.1028060913 0.0000000000 0.0000000000 0.0000000000 0.0000000000
-1.0979789495 38.1368141174 -28.0750236511 58.0954971313 0.0000000000 0.0000000000 0.0000000000 0.0000000000
-1.1135206223 38.1787681580 -28.0820426941 58.0871582031 0.0000000000 0.0000000000 0.0000000000 0.0000000000
-1.1289931536 38.2203521729 -28.0906581879 58.0789337158 0.0000000000 0.0000000000 0.0000000000 0.0000000000
-1.1443651915 38.2615318298 -28.0978050232 58.0714836121 0.0000000000 0.0000000000 0.0000000000 0.0000000000
-1.1596524715 38.3023643494 -28.1034336090 58.0644454956 0.0000000000 0.0000000000 0.0000000000 0.0000000000
-1.1748631001 38.3428192139 -28.1100997925 58.0571289062 0.0000000000 0.0000000000 0.0000000000 0.0000000000
-1.1900765896 38.3828735352 -28.1188964844 58.0490722656 0.0000000000 0.0000000000 0.0000000000 0.0000000000
-1.2052825689 38.4225196838 -28.1266689301 58.0412025452 0.0000000000 0.0000000000 0.0000000000 0.0000000000
-1.2204697132 38.4617347717 -28.1321201324 58.0342521667 0.0000000000 0.0000000000 0.0000000000 0.0000000000
-1.2356615067 38.5005493164 -28.1369247437 58.0280456543 0.0000000000 0.0000000000 0.0000000000 0.0000000000
-1.2508350611 38.5390014648 -28.1427631378 58.0222358704 0.0000000000 0.0000000000 0.0000000000 0.0000000000
-1.2659983635 38.5770950317 -28.1497936249 58.0162696838 0.0000000000 0.0000000000 0.0000000000 0.0000000000
-1.2811077833 38.6147727966 -28.1561660767 58.0097007751 0.0000000000 0.0000000000 0.0000000000 0.0000000000
-1.2962199450 38.6521148682 -28.1619834900 58.0027275085 0.0000000000 0.0000000000 0.0000000000 0.0000000000
-1.3113429546 38.6890945435 -28.1674633026 57.9958190918 0.0000000000 0.0000000000 0.0000000000 0.0000000000
-1.3264672756 38.7256813049 -28.1738090515 57.9890289307 0.0000000000 0.0000000000 0.0000000000 0.0000000000
-1.3415372372 38.7618980408 -28.1814384460 57.9821548462 0.0000000000 0.0000000000 0.0000000000 0.0000000000
-1.3565009832 38.7976951599 -28.1889266968 57.9751129150 0.0000000000 0.0000000000 0.0000000000 0.0000000000
-1.3713731766 38.8331413269 -28.1948490143 57.9681396484 0.0000000000 0.0000000000 0.0000000000 0.0000000000
-1.3861443996 38.8682403564 -28.2002601624 57.9609375000 0.0000000000 0.0000000000 0.0000000000 0.0000000000
-1.4008404016 38.9030227661 -28.2067928314 57.9534225464 0.0000000000 0.0000000000 0.0000000000 0.0000000000
-1.4154208899 38.9374694824 -28.2134037018 57.9463806152 0.0000000000 0.0000000000 0.0000000000 0.0000000000
-1.4298861027 38.9715538025 -28.2186222076 57.9398841858 0.0000000000 0.0000000000 0.0000000000 0.0000000000
-1.4442265034 39.0052642822 -28.2222061157 57.9338417053 0.0000000000 0.0000000000 0.0000000000 0.0000000000
-1.4585130215 39.0386924744 -28.2254467010 57.9280929565 0.0000000000 0.0000000000 0.0000000000 0.0000000000
-1.4726828337 39.0717926025 -28.2296886444 57.9220848083 0.0000000000 0.0000000000 0.0000000000 0.0000000000
-1.4868490696 39.1047172546 -28.2345867157 57.9158439636 0.0000000000 0.0000000000 0.0000000000 0.0000000000
-1.5009794235 39.1374320984 -28.2404117584 57.9091224670 0.0000000000 0.0000000000 0.0000000000 0.0000000000
-1.5150882006 39.1699562073 -28.2459144592 57.9026412964 0.0000000000 0.0000000000 0.0000000000 0.0000000000
-1.5291723013 39.2022018433 -28.2517547607 57.8961944580 0.0000000000 0.0000000000 0.0000000000 0.0000000000
-1.5432301760 39.2342414856 -28.2588253021 57.8898010254 0.0000000000 0.0000000000 0.0000000000 0.0000000000
-1.5572304726 39.2660255432 -28.2665996552 57.8833999634 0.0000000000 0.0000000000 0.0000000000 0.0000000000
-1.5711839199 39.2975578308 -28.2731628418 57.8771095276 0.0000000000 0.0000000000 0.0000000000 0.0000000000
-1.5850921869 39.3287887573 -28.2786483765 57.8714218140 0.0000000000 0.0000000000 0.0000000000 0.0000000000
-1.5989948511 39.3597869873 -28.2835140228 57.8656501770 0.0000000000 0.0000000000 0.0000000000 0.0000000000
-1.6128073931 39.3904762268 -28.2897739410 57.8594589233 0.0000000000 0.0000000000 0.0000000000 0.0000000000
-1.6266177893 39.4209709167 -28.2963123322 57.8529548645 0.0000000000 0.0000000000 0.0000000000 0.0000000000
-1.6404312849 39.4512977600 -28.3023376465 57.8464012146 0.0000000000 0.0000000000 0.0000000000 0.0000000000
-1.6542726755 39.4814529419 -28.3077144623 57.8403244019 0.0000000000 0.0000000000 0.0000000000 0.0000000000
-1.6681246758 39.5114097595 -28.3153648376 57.8336677551 0.0000000000 0.0000000000 0.0000000000 0.0000000000
-1.6819226742 39.5411682129 -28.3239154816 57.8270187378 0.0000000000 0.0000000000 0.0000000000 0.0000000000
-1.6956695318 39.5707054138 -28.3304576874 57.8204994202 0.0000000000 0.0000000000 0.0000000000 0.0000000000
-1.7094231844 39.6000328064 -28.3348922729 57.8145370483 0.0000000000 0.0000000000 0.0000000000 0.0000000000
-1.7232254744 39.6292533875 -28.3400669098 57.8087234497 0.0000000000 0.0000000000 0.0000000000 0.0000000000
-1.7370576859 39.6583290100 -28.3459491730 57.8034248352 0.0000000000 0.0000000000 0.0000000000 0.0000000000
-1.7508915663 39.6871986389 -28.3516654968 57.7985038757 0.0000000000 0.0000000000 0.0000000000 0.0000000000
-1.7647252083 39.7158889771 -28.3568038940 57.7939300537 0.0000000000 0.0000000000 0.0000000000 0.0000000000
-1.7786096334 39.7443428040 -28.3609714508 57.7895545959 0.0000000000 0.0000000000 0.0000000000 0.0000000000
-1.7925323248 39.7725601196 -28.3658657074 57.7850341797 0.0000000000 0.0000000000 0.0000000000 0.0000000000
-1.8064942360 39.8006172180 -28.3719692230 57.7803115845 0.0000000000 0.0000000000 0.0000000000 0.0000000000
-1.8204615116 39.8285369873 -28.3791446686 57.7754516602 0.0000000000 0.0000000000 0.0000000000 0.0000000000
-1.8344538212 39.8563232422 -28.3860282898 57.7704963684 0.0000000000 0.0000000000 0.0000000000 0.0000000000
-1.8484328985 39.8839340210 -28.3916683197 57.7657051086 0.0000000000 0.0000000000 0.0000000000 0.0000000000
-1.8624055386 39.9113655090 -28.3977012634 57.7610015869 0.0000000000 0.0000000000 0.0000000000 0.0000000000
-1.8763743639 39.9386100769 -28.4050464630 57.7559051514 0.0000000000 0.0000000000 0.0000000000 0.0000000000
-1.8902741671 39.9655914307 -28.4110183716 57.7516059875 0.0000000000 0.0000000000 0.0000000000 0.0000000000
-1.9041227102 39.9923744202 -28.4156303406 57.7476844788 0.0000000000 0.0000000000 0.0000000000 0.0000000000
-1.9179415703 40.0189857483 -28.4197063446 57.7441101074 0.0000000000 0.0000000000 0.0000000000 0.0000000000
-1.9317377806 40.0454368591 -28.4242572784 57.7402534485 0.0000000000 0.0000000000 0.0000000000 0.0000000000
-1.9454578161 40.0716705322 -28.4282741547 57.7365684509 0.0000000000 0.0000000000 0.0000000000 0.0000000000
-1.9591128826 40.0976600647 -28.4324035645 57.7326889038 0.0000000000 0.0000000000 0.0000000000 0.0000000000
-1.9727054834 40.1235122681 -28.4379615784 57.7285499573 0.0000000000 0.0000000000 0.0000000000 0.0000000000
-1.9862453938 40.1492309570 -28.4450054169 57.7240333557 0.0000000000 0.0000000000 0.0000000000 0.0000000000
-1.9997072220 40.1747512817 -28.4536933899 57.7195663452 0.0000000000 0.0000000000 0.0000000000 0.0000000000
-2.0130558014 40.2000389099 -28.4625282288 57.7146568298 0.0000000000 0.0000000000 0.0000000000 0.0000000000
-2.0262260437 40.2250251770 -28.4698543549 57.7099533081 0.0000000000 0.0000000000 0.0000000000 0.0000000000
-2.0391461849 40.2496986389 -28.4749889374 57.7054634094 0.0000000000 0.0000000000 0.0000000000 0.0000000000
-2.0518362522 40.2741279602 -28.4796161652 57.7015228271 0.0000000000 0.0000000000 0.0000000000 0.0000000000
-2.0642778873 40.2983322144 -28.4840049744 57.6979904175 0.0000000000 0.0000000000 0.0000000000 0.0000000000
-2.0765576363 40.3223686218 -28.4873523712 57.6947402954 0.0000000000 0.0000000000 0.0000000000 0.0000000000
-2.0886683464 40.3462104797 -28.4902839661 57.6914138794 0.0000000000 0.0000000000 0.0000000000 0.0000000000
-2.1006929874 40.3698997498 -28.4934406281 57.6879234314 0.0000000000 0.0000000000 0.0000000000 0.0000000000
-2.1125721931 40.3934211731 -28.4971752167 57.6840705872 0.0000000000 0.0000000000 0.0000000000 0.0000000000
-2.1243848801 40.4168205261 -28.5027828217 57.6804542542 0.0000000000 0.0000000000 0.0000000000 0.0000000000
-2.1360824108 40.4400978088 -28.5091857910 57.6767044067 0.0000000000 0.0000000000 0.0000000000 0.0000000000
-2.1476173401 40.4631919861 -28.5148811340 57.6734123230 0.0000000000 0.0000000000 0.0000000000 0.0000000000
-2.1589851379 40.4861488342 -28.5192508698 57.6704063416 0.0000000000 0.0000000000 0.0000000000 0.0000000000
-2.1701843739 40.5088806152 -28.5232372284 57.6673851013 0.0000000000 0.0000000000 0.0000000000 0.0000000000
-2.1812288761 40.5314216614 -28.5271205902 57.6647453308 0.0000000000 0.0000000000 0.0000000000 0.0000000000
-2.1921284199 40.5538330078 -28.5304546356 57.6627235413 0.0000000000 0.0000000000 0.0000000000 0.0000000000
-2.2029314041 40.5760688782 -28.5331306458 57.6611442566 0.0000000000 0.0000000000 0.0000000000 0.0000000000
-2.2136833668 40.5981063843 -28.5377483368 57.6590118408 0.0000000000 0.0000000000 0.0000000000 0.0000000000
-2.2243168354 40.6199035645 -28.5431938171 57.6562118530 0.0000000000 0.0000000000 0.0000000000 0.0000000000
-2.2347533703 40.6413574219 -28.5483303070 57.6532096863 0.0000000000 0.0000000000 0.0000000000 0.0000000000
-2.2450830936 40.6625213623 -28.5531692505 57.6501922607 0.0000000000 0.0000000000 0.0000000000 0.0000000000
-2.2553293705 40.6833877563 -28.5584163666 57.6471519470 0.0000000000 0.0000000000 0.0000000000 0.0000000000
-2.2654399872 40.7039260864 -28.5631027222 57.6445579529 0.0000000000 0.0000000000 0.0000000000 0.0000000000
-2.2754404545 40.7241554260 -28.5675773621 57.6416702271 0.0000000000 0.0000000000 0.0000000000 0.0000000000
-2.2853608131 40.7441825867 -28.5710468292 57.6388702393 0.0000000000 0.0000000000 0.0000000000 0.0000000000
-2.2952113152 40.7640304565 -28.5733566284 57.6362533569 0.0000000000 0.0000000000 0.0000000000 0.0000000000
-2.3050506115 40.7836723328 -28.5760116577 57.6336479187 0.0000000000 0.0000000000 0.0000000000 0.0000000000
-2.3148887157 40.8030471802 -28.5790481567 57.6315002441 0.0000000000 0.0000000000 0.0000000000 0.0000000000
-2.3246445656 40.8222312927 -28.5818862915 57.6298980713 0.0000000000 0.0000000000 0.0000000000 0.0000000000
-2.3343617916 40.8412818909 -28.5845127106 57.6285476685 0.0000000000 0.0000000000 0.0000000000 0.0000000000
-2.3440670967 40.8602104187 -28.5880203247 57.6269226074 0.0000000000 0.0000000000 0.0000000000 0.0000000000
-2.3537681103 40.8789176941 -28.5926685333 57.6248283386 0.0000000000 0.0000000000 0.0000000000 0.0000000000
-2.3634114265 40.8974723816 -28.5970821381 57.6229286194 0.0000000000 0.0000000000 0.0000000000 0.0000000000
-2.3729400635 40.9158172607 -28.6012096405 57.6213226318 0.0000000000 0.0000000000 0.0000000000 0.0000000000
-2.3823096752 40.9339294434 -28.6053981781 57.6197547913 0.0000000000 0.0000000000 0.0000000000 0.0000000000
-2.3915400505 40.9518661499 -28.6092624664 57.6181716919 0.0000000000 0.0000000000 0.0000000000 0.0000000000
-2.4006586075 40.9696426392 -28.6120567322 57.6162643433 0.0000000000 0.0000000000 0.0000000000 0.0000000000
-2.4096465111 40.9873085022 -28.6141319275 57.6143684387 0.0000000000 0.0000000000 0.0000000000 0.0000000000
-2.4185507298 41.0048561096 -28.6169967651 57.6123046875 0.0000000000 0.0000000000 0.0000000000 0.0000000000
-2.4273860455 41.0222663879 -28.6203002930 57.6103782654 0.0000000000 0.0000000000 0.0000000000 0.0000000000
-2.4361846447 41.0396003723 -28.6243438721 57.6081390381 0.0000000000 0.0000000000 0.0000000000 0.0000000000
-2.4448812008 41.0568199158 -28.6289367676 57.6056556702 0.0000000000 0.0000000000 0.0000000000 0.0000000000
-2.4534885883 41.0739555359 -28.6329193115 57.6029891968 0.0000000000 0.0000000000 0.0000000000 0.0000000000
-2.4620568752 41.0910453796 -28.6361160278 57.6004867554 0.0000000000 0.0000000000 0.0000000000 0.0000000000
-2.4705498219 41.1080207825 -28.6385746002 57.5981864929 0.0000000000 0.0000000000 0.0000000000 0.0000000000
-2.4789183140 41.1248512268 -28.6410293579 57.5961303711 0.0000000000 0.0000000000 0.0000000000 0.0000000000
-2.4871449471 41.1415672302 -28.6443691254 57.5941200256 0.0000000000 0.0000000000 0.0000000000 0.0000000000
-2.4952561855 41.1581535339 -28.6470432281 57.5922775269 0.0000000000 0.0000000000 0.0000000000 0.0000000000
-2.5032064915 41.1746215820 -28.6487503052 57.5906295776 0.0000000000 0.0000000000 0.0000000000 0.0000000000
-2.5110695362 41.1909828186 -28.6508598328 57.5889511108 0.0000000000 0.0000000000 0.0000000000 0.0000000000
-2.5189013481 41.2072906494 -28.6542644501 57.5871696472 0.0000000000 0.0000000000 0.0000000000 0.0000000000
-2.5266988277 41.2235145569 -28.6583385468 57.5857391357 0.0000000000 0.0000000000 0.0000000000 0.0000000000
-2.5344326496 41.2396125793 -28.6611022949 57.5843658447 0.0000000000 0.0000000000 0.0000000000 0.0000000000
-2.5420958996 41.2555770874 -28.6627635956 57.5832138062 0.0000000000 0.0000000000 0.0000000000 0.0000000000
-2.5496141911 41.2713470459 -28.6648311615 57.5815887451 0.0000000000 0.0000000000 0.0000000000 0.0000000000
-2.5569739342 41.2869606018 -28.6673889160 57.5802574158 0.0000000000 0.0000000000 0.0000000000 0.0000000000
-2.5641479492 41.3024864197 -28.6698436737 57.5786476135 0.0000000000 0.0000000000 0.0000000000 0.0000000000
-2.5711812973 41.3178634644 -28.6710491180 57.5774726868 0.0000000000 0.0000000000 0.0000000000 0.0000000000
-2.5780947208 41.3331031799 -28.6726760864 57.5757408142 0.0000000000 0.0000000000 0.0000000000 0.0000000000
-2.5849690437 41.3482475281 -28.6764259338 57.5735473633 0.0000000000 0.0000000000 0.0000000000 0.0000000000
-2.5917544365 41.3633117676 -28.6815357208 57.5708389282 0.0000000000 0.0000000000 0.0000000000 0.0000000000
-2.5984163284 41.3782501221 -28.6851558685 57.5687141418 0.0000000000 0.0000000000 0.0000000000 0.0000000000
-2.6049528122 41.3930778503 -28.6864376068 57.5672225952 0.0000000000 0.0000000000 0.0000000000 0.0000000000
-2.6113791466 41.4078407288 -28.6875801086 57.5658760071 0.0000000000 0.0000000000 0.0000000000 0.0000000000
-2.6177549362 41.4225540161 -28.6900558472 57.5646018982 0.0000000000 0.0000000000 0.0000000000 0.0000000000
-2.6241393089 41.4371490479 -28.6929130554 57.5630149841 0.0000000000 0.0000000000 0.0000000000 0.0000000000
-2.6306216717 41.4517250061 -28.6940174103 57.5617179871 0.0000000000 0.0000000000 0.0000000000 0.0000000000
-2.6372039318 41.4662780762 -28.6948738098 57.5605392456 0.0000000000 0.0000000000 0.0000000000 0.0000000000
-2.6437721252 41.4808044434 -28.6973724365 57.5595130920 0.0000000000 0.0000000000 0.0000000000 0.0000000000
-2.6503348351 41.4953041077 -28.7016143799 57.5585212708 0.0000000000 0.0000000000 0.0000000000 0.0000000000
-2.6568593979 41.5097236633 -28.7051506042 57.5575752258 0.0000000000 0.0000000000 0.0000000000 0.0000000000
-2.6633822918 41.5240287781 -28.7061424255 57.5568008423 0.0000000000 0.0000000000 0.0000000000 0.0000000000
-2.6698520184 41.5381965637 -28.7068424225 57.5561599731 0.0000000000 0.0000000000 0.0000000000 0.0000000000
-2.6762807369 41.5522384644 -28.7092914581 57.5553245544 0.0000000000 0.0000000000 0.0000000000 0.0000000000
-2.6826362610 41.5661697388 -28.7131347656 57.5544815063 0.0000000000 0.0000000000 0.0000000000 0.0000000000
-2.6890189648 41.5800018311 -28.7146453857 57.5537033081 0.0000000000 0.0000000000 0.0000000000 0.0000000000
-2.6954205036 41.5938301086 -28.7151927948 57.5528144836 0.0000000000 0.0000000000 0.0000000000 0.0000000000
-2.7018680573 41.6076774597 -28.7170352936 57.5516510010 0.0000000000 0.0000000000 0.0000000000 0.0000000000
-2.7082595825 41.6215476990 -28.7209033966 57.5503654480 0.0000000000 0.0000000000 0.0000000000 0.0000000000
-2.7145776749 41.6354255676 -28.7236633301 57.5494956970 0.0000000000 0.0000000000 0.0000000000 0.0000000000
-2.7208213806 41.6493453979 -28.7239704132 57.5491561890 0.0000000000 0.0000000000 0.0000000000 0.0000000000
-2.7270183563 41.6632995605 -28.7246208191 57.5488891602 0.0000000000 0.0000000000 0.0000000000 0.0000000000
-2.7331750393 41.6772689819 -28.7274227142 57.5482177734 0.0000000000 0.0000000000 0.0000000000 0.0000000000
-2.7392678261 41.6912269592 -28.7305412292 57.5476455688 0.0000000000 0.0000000000 0.0000000000 0.0000000000
-2.7452797890 41.7051849365 -28.7318630219 57.5471153259 0.0000000000 0.0000000000 0.0000000000 0.0000000000
-2.7512693405 41.7191276550 -28.7319660187 57.5470123291 0.0000000000 0.0000000000 0.0000000000 0.0000000000
-2.7573096752 41.7330245972 -28.7342681885 57.5464248657 0.0000000000 0.0000000000 0.0000000000 0.0000000000
-2.7633023262 41.7468948364 -28.7376422882 57.5458793640 0.0000000000 0.0000000000 0.0000000000 0.0000000000
-2.7691454887 41.7607650757 -28.7403278351 57.5451965332 0.0000000000 0.0000000000 0.0000000000 0.0000000000
-2.7748730183 41.7746086121 -28.7405452728 57.5448989868 0.0000000000 0.0000000000 0.0000000000 0.0000000000
-2.7805535793 41.7884368896 -28.7418956757 57.5442161560 0.0000000000 0.0000000000 0.0000000000 0.0000000000
-2.7861640453 41.8022308350 -28.7443370819 57.5433311462 0.0000000000 0.0000000000 0.0000000000 0.0000000000
-2.7916691303 41.8159065247 -28.7469444275 57.5423278809 0.0000000000 0.0000000000 0.0000000000 0.0000000000
-2.7970771790 41.8294830322 -28.7479248047 57.5416679382 0.0000000000 0.0000000000 0.0000000000 0.0000000000
-2.8024129868 41.8430175781 -28.7489948273 57.5408515930 0.0000000000 0.0000000000 0.0000000000 0.0000000000
-2.8077068329 41.8564949036 -28.7513999939 57.5399246216 0.0000000000 0.0000000000 0.0000000000 0.0000000000
-2.8129308224 41.8699226379 -28.7539749146 57.5387763977 0.0000000000 0.0000000000 0.0000000000 0.0000000000
-2.8181030750 41.8832550049 -28.7557144165 57.5378761292 0.0000000000 0.0000000000 0.0000000000 0.0000000000
-2.8231449127 41.8965225220 -28.7570457458 57.5369377136 0.0000000000 0.0000000000 0.0000000000 0.0000000000
-2.8281328678 41.9097518921 -28.7589759827 57.5362205505 0.0000000000 0.0000000000 0.0000000000 0.0000000000
-2.8330414295 41.9229240417 -28.7610530853 57.5354309082 0.0000000000 0.0000000000 0.0000000000 0.0000000000
-2.8378188610 41.9360046387 -28.7629680634 57.5344352722 0.0000000000 0.0000000000 0.0000000000 0.0000000000
-2.8424603939 41.9490089417 -28.7640533447 57.5336074829 0.0000000000 0.0000000000 0.0000000000 0.0000000000
-2.8469500542 41.9619674683 -28.7659187317 57.5326690674 0.0000000000 0.0000000000 0.0000000000 0.0000000000
-2.8513491154 41.9748840332 -28.7675647736 57.5318374634 0.0000000000 0.0000000000 0.0000000000 0.0000000000
-2.8557264805 41.9877471924 -28.7697830200 57.5306739807 0.0000000000 0.0000000000 0.0000000000 0.0000000000
-2.8600101471 42.0005073547 -28.7719955444 57.5293884277 0.0000000000 0.0000000000 0.0000000000 0.0000000000
-2.8641002178 42.0131530762 -28.7730541229 57.5281066895 0.0000000000 0.0000000000 0.0000000000 0.0000000000
-2.8681285381 42.0256500244 -28.7744045258 57.5270309448 0.0000000000 0.0000000000 0.0000000000 0.0000000000
-2.8721606731 42.0381050110 -28.7770767212 57.5257759094 0.0000000000 0.0000000000 0.0000000000 0.0000000000
-2.8761692047 42.0504913330 -28.7790012360 57.5248641968 0.0000000000 0.0000000000 0.0000000000 0.0000000000
-2.8801133633 42.0628433228 -28.7793312073 57.5236473083 0.0000000000 0.0000000000 0.0000000000 0.0000000000
-2.8839755058 42.0751380920 -28.7798347473 57.5226440430 0.0000000000 0.0000000000 0.0000000000 0.0000000000
-2.8878536224 42.0873641968 -28.7820777893 57.5212631226 0.0000000000 0.0000000000 0.0000000000 0.0000000000
-2.8917586803 42.0994644165 -28.7850284576 57.5200004578 0.0000000000 0.0000000000 0.0000000000 0.0000000000
-2.8957374096 42.1114273071 -28.7872009277 57.5188522339 0.0000000000 0.0000000000 0.0000000000 0.0000000000
-2.8997612000 42.1232643127 -28.7889537811 57.5179519653 0.0000000000 0.0000000000 0.0000000000 0.0000000000
-2.9037210941 42.1348762512 -28.7907619476 57.5170135498 0.0000000000 0.0000000000 0.0000000000 0.0000000000
-2.9077296257 42.1463699341 -28.7933883667 57.5158958435 0.0000000000 0.0000000000 0.0000000000 0.0000000000
-2.9117541313 42.1578178406 -28.7945728302 57.5151824951 0.0000000000 0.0000000000 0.0000000000 0.0000000000
-2.9158003330 42.1692352295 -28.7949008942 57.5147476196 0.0000000000 0.0000000000 0.0000000000 0.0000000000
-2.9198272228 42.1805648804 -28.7960739136 57.5143127441 0.0000000000 0.0000000000 0.0000000000 0.0000000000
-2.9238808155 42.1918754578 -28.7981700897 57.5135040283 0.0000000000 0.0000000000 0.0000000000 0.0000000000
-2.9279608727 42.2031364441 -28.7989387512 57.5128097534 0.0000000000 0.0000000000 0.0000000000 0.0000000000
-2.9320678711 42.2143630981 -28.7998752594 57.5121383667 0.0000000000 0.0000000000 0.0000000000 0.0000000000
-2.9362399578 42.2255744934 -28.8022384644 57.5115509033 0.0000000000 0.0000000000 0.0000000000 0.0000000000
-2.9405360222 42.2366943359 -28.8042831421 57.5108146667 0.0000000000 0.0000000000 0.0000000000 0.0000000000
-2.9448904991 42.2477722168 -28.8053913116 57.5100822449 0.0000000000 0.0000000000 0.0000000000 0.0000000000
-2.9493143559 42.2587585449 -28.8063545227 57.5091056824 0.0000000000 0.0000000000 0.0000000000 0.0000000000
-2.9537508488 42.2697105408 -28.8079299927 57.5083808899 0.0000000000 0.0000000000 0.0000000000 0.0000000000
-2.9581923485 42.2806625366 -28.8099403381 57.5074462891 0.0000000000 0.0000000000 0.0000000000 0.0000000000
-2.9625320435 42.2916526794 -28.8106155396 57.5071296692 0.0000000000 0.0000000000 0.0000000000 0.0000000000
-2.9668414593 42.3027267456 -28.8117733002 57.5063400269 0.0000000000 0.0000000000 0.0000000000 0.0000000000
-2.9710996151 42.3137474060 -28.8133239746 57.5057029724 0.0000000000 0.0000000000 0.0000000000 0.0000000000
-2.9752924442 42.3246726990 -28.8151588440 57.5047225952 0.0000000000 0.0000000000 0.0000000000 0.0000000000
-2.9795141220 42.3355331421 -28.8160610199 57.5042457581 0.0000000000 0.0000000000 0.0000000000 0.0000000000
-2.9837982655 42.3463478088 -28.8176307678 57.5036888123 0.0000000000 0.0000000000 0.0000000000 0.0000000000
-2.9881169796 42.3571205139 -28.8197555542 57.5031623840 0.0000000000 0.0000000000 0.0000000000 0.0000000000
-2.9924299717 42.3678131104 -28.8215179443 57.5026512146 0.0000000000 0.0000000000 0.0000000000 0.0000000000
-2.9967014790 42.3784332275 -28.8229084015 57.5017700195 0.0000000000 0.0000000000 0.0000000000 0.0000000000
-3.0008993149 42.3889808655 -28.8236541748 57.5011215210 0.0000000000 0.0000000000 0.0000000000 0.0000000000
-3.0051412582 42.3995895386 -28.8247108459 57.5005187988 0.0000000000 0.0000000000 0.0000000000 0.0000000000
-3.0094189644 42.4102325439 -28.8264026642 57.5001449585 0.0000000000 0.0000000000 0.0000000000 0.0000000000
-3.0136981010 42.4209671021 -28.8281059265 57.4997062683 0.0000000000 0.0000000000 0.0000000000 0.0000000000
-3.0179171562 42.4317550659 -28.8288822174 57.4989356995 0.0000000000 0.0000000000 0.0000000000 0.0000000000
-3.0221221447 42.4425354004 -28.8300647736 57.4981193542 0.0000000000 0.0000000000 0.0000000000 0.0000000000
-3.0262668133 42.4533042908 -28.8317432404 57.4970397949 0.0000000000 0.0000000000 0.0000000000 0.0000000000
-3.0303406715 42.4639930725 -28.8346843719 57.4959411621 0.0000000000 0.0000000000 0.0000000000 0.0000000000
-3.0343968868 42.4746360779 -28.8367385864 57.4946479797 0.0000000000 0.0000000000 0.0000000000 0.0000000000
-3.0383739471 42.4852638245 -28.8376712799 57.4932327271 0.0000000000 0.0000000000 0.0000000000 0.0000000000
-3.0423123837 42.4958114624 -28.8375873566 57.4920768738 0.0000000000 0.0000000000 0.0000000000 0.0000000000
-3.0462081432 42.5062522888 -28.8389949799 57.4910202026 0.0000000000 0.0000000000 0.0000000000 0.0000000000
-3.0501153469 42.5166320801 -28.8406677246 57.4902381897 0.0000000000 0.0000000000 0.0000000000 0.0000000000
-3.0539901257 42.5269737244 -28.8416728973 57.4895172119 0.0000000000 0.0000000000 0.0000000000 0.0000000000
-3.0578896999 42.5372428894 -28.8421096802 57.4887313843 0.0000000000 0.0000000000 0.0000000000 0.0000000000
-3.0617272854 42.5474433899 -28.8440113068 57.4876480103 0.0000000000 0.0000000000 0.0000000000 0.0000000000
-3.0656273365 42.5575599670 -28.8456497192 57.4868965149 0.0000000000 0.0000000000 0.0000000000 0.0000000000
-3.0695912838 42.5675926208 -28.8466224670 57.4863586426 0.0000000000 0.0000000000 0.0000000000 0.0000000000
-3.0735781193 42.5775184631 -28.8473587036 57.4860839844 0.0000000000 0.0000000000 0.0000000000 0.0000000000
-3.0775170326 42.5873565674 -28.8484916687 57.4855346680 0.0000000000 0.0000000000 0.0000000000 0.0000000000
-3.0814378262 42.5971031189 -28.8490982056 57.4851493835 0.0000000000 0.0000000000 0.0000000000 0.0000000000
-3.0852591991 42.6067657471 -28.8488445282 57.4849967957 0.0000000000 0.0000000000 0.0000000000 0.0000000000
-3.0890374184 42.6163177490 -28.8493881226 57.4844741821 0.0000000000 0.0000000000 0.0000000000 0.0000000000
-3.0927205086 42.6257247925 -28.8510971069 57.4841728210 0.0000000000 0.0000000000 0.0000000000 0.0000000000
-3.0962958336 42.6350326538 -28.8529758453 57.4833984375 0.0000000000 0.0000000000 0.0000000000 0.0000000000
-3.0998160839 42.6442985535 -28.8543891907 57.4829826355 0.0000000000 0.0000000000 0.0000000000 0.0000000000
-3.1033258438 42.6535377502 -28.8556804657 57.4822845459 0.0000000000 0.0000000000 0.0000000000 0.0000000000
-3.1067028046 42.6627616882 -28.8576908112 57.4818572998 0.0000000000 0.0000000000 0.0000000000 0.0000000000
-3.1100091934 42.6719665527 -28.8590564728 57.4814605713 0.0000000000 0.0000000000 0.0000000000 0.0000000000
-3.1132175922 42.6811141968 -28.8594493866 57.4814453125 0.0000000000 0.0000000000 0.0000000000 0.0000000000
-3.1163823605 42.6901931763 -28.8591327667 57.4817276001 0.0000000000 0.0000000000 0.0000000000 0.0000000000
-3.1195409298 42.6991615295 -28.8597564697 57.4817008972 0.0000000000 0.0000000000 0.0000000000 0.0000000000
-3.1227235794 42.7080841064 -28.8602676392 57.4815750122 0.0000000000 0.0000000000 0.0000000000 0.0000000000
-3.1259081364 42.7169532776 -28.8613605499 57.4810752869 0.0000000000 0.0000000000 0.0000000000 0.0000000000
-3.1291558743 42.7257537842 -28.8627948761 57.4805450439 0.0000000000 0.0000000000 0.0000000000 0.0000000000
-3.1323382854 42.7345428467 -28.8647956848 57.4798049927 0.0000000000 0.0000000000 0.0000000000 0.0000000000
-3.1354484558 42.7432975769 -28.8669338226 57.4793701172 0.0000000000 0.0000000000 0.0000000000 0.0000000000
-3.1385273933 42.7519760132 -28.8683910370 57.4789199829 0.0000000000 0.0000000000 0.0000000000 0.0000000000
-3.1414816380 42.7605209351 -28.8679676056 57.4786491394 0.0000000000 0.0000000000 0.0000000000 0.0000000000
-3.1444413662 42.7689857483 -28.8673324585 57.4786033630 0.0000000000 0.0000000000 0.0000000000 0.0000000000
-3.1473796368 42.7773475647 -28.8682003021 57.4785614014 0.0000000000 0.0000000000 0.0000000000 0.0000000000
-3.1503140926 42.7855529785 -28.8688755035 57.4786834717 0.0000000000 0.0000000000 0.0000000000 0.0000000000
-3.1532132626 42.7936859131 -28.8688793182 57.4785690308 0.0000000000 0.0000000000 0.0000000000 0.0000000000
-3.1560666561 42.8017425537 -28.8691520691 57.4784545898 0.0000000000 0.0000000000 0.0000000000 0.0000000000
-3.1588728428 42.8096847534 -28.8712406158 57.4779548645 0.0000000000 0.0000000000 0.0000000000 0.0000000000
-3.1616673470 42.8175849915 -28.8723983765 57.4778785706 0.0000000000 0.0000000000 0.0000000000 0.0000000000
-3.1645202637 42.8254699707 -28.8730773926 57.4776000977 0.0000000000 0.0000000000 0.0000000000 0.0000000000
-3.1674053669 42.8333625793 -28.8740291595 57.4774475098 0.0000000000 0.0000000000 0.0000000000 0.0000000000
-3.1702630520 42.8412551880 -28.8750209808 57.4769592285 0.0000000000 0.0000000000 0.0000000000 0.0000000000
-3.1731584072 42.8491630554 -28.8749561310 57.4767608643 0.0000000000 0.0000000000 0.0000000000 0.0000000000
-3.1760265827 42.8570632935 -28.8742408752 57.4768371582 0.0000000000 0.0000000000 0.0000000000 0.0000000000
-3.1788504124 42.8649826050 -28.8745479584 57.4767799377 0.0000000000 0.0000000000 0.0000000000 0.0000000000
-3.1816589832 42.8728294373 -28.8752460480 57.4766960144 0.0000000000 0.0000000000 0.0000000000 0.0000000000
-3.1844120026 42.8806228638 -28.8761138916 57.4761810303 0.0000000000 0.0000000000 0.0000000000 0.0000000000
-3.1871573925 42.8883857727 -28.8781681061 57.4756088257 0.0000000000 0.0000000000 0.0000000000 0.0000000000
-3.1899330616 42.8961334229 -28.8811206818 57.4751319885 0.0000000000 0.0000000000 0.0000000000 0.0000000000
-3.1926896572 42.9038543701 -28.8832225800 57.4745674133 0.0000000000 0.0000000000 0.0000000000 0.0000000000
-3.1953785419 42.9115638733 -28.8846073151 57.4741973877 0.0000000000 0.0000000000 0.0000000000 0.0000000000
-3.1980886459 42.9192771912 -28.8848285675 57.4736633301 0.0000000000 0.0000000000 0.0000000000 0.0000000000
-3.2008728981 42.9269256592 -28.8849525452 57.4736862183 0.0000000000 0.0000000000 0.0000000000 0.0000000000
-3.2037916183 42.9345817566 -28.8843135834 57.4739303589 0.0000000000 0.0000000000 0.0000000000 0.0000000000
-3.2068562508 42.9422340393 -28.8839759827 57.4740600586 0.0000000000 0.0000000000 0.0000000000 0.0000000000
-3.2100744247 42.9499206543 -28.8841743469 57.4738235474 0.0000000000 0.0000000000 0.0000000000 0.0000000000
-3.2133543491 42.9575805664 -28.8855628967 57.4730606079 0.0000000000 0.0000000000 0.0000000000 0.0000000000
-3.2166879177 42.9652175903 -28.8875293732 57.4725914001 0.0000000000 0.0000000000 0.0000000000 0.0000000000
-3.2200260162 42.9728012085 -28.8893489838 57.4718437195 0.0000000000 0.0000000000 0.0000000000 0.0000000000
-3.2233588696 42.9803390503 -28.8912048340 57.4712486267 0.0000000000 0.0000000000 0.0000000000 0.0000000000
-3.2266089916 42.9877510071 -28.8922271729 57.4704360962 0.0000000000 0.0000000000 0.0000000000 0.0000000000
-3.2298333645 42.9951019287 -28.8915462494 57.4701690674 0.0000000000 0.0000000000 0.0000000000 0.0000000000
-3.2330262661 43.0024032593 -28.8906440735 57.4702224731 0.0000000000 0.0000000000 0.0000000000 0.0000000000
-3.2362394333 43.0097007751 -28.8908615112 57.4700355530 0.0000000000 0.0000000000 0.0000000000 0.0000000000
-3.2394778728 43.0169792175 -28.8909702301 57.4698371887 0.0000000000 0.0000000000 0.0000000000 0.0000000000
-3.2426886559 43.0242271423 -28.8919143677 57.4691848755 0.0000000000 0.0000000000 0.0000000000 0.0000000000
-3.2458834648 43.0314559937 -28.8933296204 57.4687614441 0.0000000000 0.0000000000 0.0000000000 0.0000000000
-3.2490460873 43.0386619568 -28.8956851959 57.4683074951 0.0000000000 0.0000000000 0.0000000000 0.0000000000
-3.2521607876 43.0457611084 -28.8974227905 57.4680213928 0.0000000000 0.0000000000 0.0000000000 0.0000000000
-3.2551422119 43.0527267456 -28.8969707489 57.4679260254 0.0000000000 0.0000000000 0.0000000000 0.0000000000
-3.2580790520 43.0596008301 -28.8970756531 57.4678382874 0.0000000000 0.0000000000 0.0000000000 0.0000000000
-3.2609183788 43.0664176941 -28.8980007172 57.4677925110 0.0000000000 0.0000000000 0.0000000000 0.0000000000
-3.2636492252 43.0731430054 -28.8978118896 57.4680480957 0.0000000000 0.0000000000 0.0000000000 0.0000000000
-3.2662241459 43.0798072815 -28.8971099854 57.4680862427 0.0000000000 0.0000000000 0.0000000000 0.0000000000
-3.2687306404 43.0864372253 -28.8987236023 57.4675827026 0.0000000000 0.0000000000 0.0000000000 0.0000000000
-3.2710838318 43.0930328369 -28.9004344940 57.4670257568 0.0000000000 0.0000000000 0.0000000000 0.0000000000
-3.2733104229 43.0996360779 -28.9006500244 57.4669532776 0.0000000000 0.0000000000 0.0000000000 0.0000000000
-3.2755315304 43.1062088013 -28.9015388489 57.4667396545 0.0000000000 0.0000000000 0.0000000000 0.0000000000
-3.2777614594 43.1127891541 -28.9029960632 57.4663619995 0.0000000000 0.0000000000 0.0000000000 0.0000000000
-3.2798879147 43.1193389893 -28.9034309387 57.4657859802 0.0000000000 0.0000000000 0.0000000000 0.0000000000
-3.2820231915 43.1258621216 -28.9040870667 57.4654502869 0.0000000000 0.0000000000 0.0000000000 0.0000000000
-3.2841565609 43.1323699951 -28.9058437347 57.4649085999 0.0000000000 0.0000000000 0.0000000000 0.0000000000
