#         COST_U        COST_H      COST_D       COST_S       REGU_H       REGU_S          HPO           COSTGLEN 
141.0025787354 0.0000000000 0.0000000000 0.0000000000 220.5382995605 0.0000000000 0.2637329400
140.1026306152 0.0008587319 0.0000000000 0.0000000000 210.3563690186 968.0483398438 0.1799203753
139.6978912354 0.0033776599 0.0000000000 0.0000000000 202.4325714111 16769.1093750000 0.1226047426
139.3167877197 0.0074074073 0.0000000000 0.0000000000 193.4417877197 11314.1093750000 0.0822239742
138.9756469727 0.0127995517 0.0000000000 0.0000000000 186.3953704834 9539.5830078125 0.0513004474
138.6966247559 0.0194654968 0.0000000000 0.0000000000 180.5085144043 8407.7753906250 0.0277939662
138.4589538574 0.0273622423 0.0000000000 0.0000000000 176.7855072021 7223.2133789062 0.0085401572
138.2474670410 0.0364701003 0.0000000000 0.0000000000 173.4933013916 6306.6005859375 -0.0079029873
138.0520324707 0.0467745550 0.0000000000 0.0000000000 170.6767425537 5670.2309570312 -0.0222582910
137.8664703369 0.0582497269 0.0000000000 0.0000000000 169.3258056641 5197.1137695312 -0.0347001068
137.6844787598 0.0708592311 0.0000000000 0.0000000000 167.3958740234 4603.1186523438 -0.0456809998
137.5013427734 0.0845588595 0.0000000000 0.0000000000 164.5702972412 4033.6416015625 -0.0561263151
137.3167724609 0.0993119553 0.0000000000 0.0000000000 162.1626892090 3546.7087402344 -0.0666783750
137.1284942627 0.1150797829 0.0000000000 0.0000000000 160.4557647705 3179.4223632812 -0.0777984783
136.9340057373 0.1318192035 0.0000000000 0.0000000000 160.4856262207 2931.8615722656 -0.0897232518
136.7344512939 0.1494975835 0.0000000000 0.0000000000 161.0253753662 2703.4506835938 -0.1027160287
136.5288848877 0.1680918187 0.0000000000 0.0000000000 161.6249389648 2441.7102050781 -0.1152640432
136.3143157959 0.1875769347 0.0000000000 0.0000000000 162.9151611328 2200.1455078125 -0.1282833517
136.0902252197 0.2079283148 0.0000000000 0.0000000000 164.5063934326 2007.4554443359 -0.1414700449
135.8517456055 0.2291267663 0.0000000000 0.0000000000 166.2925262451 1848.8623046875 -0.1550520360
135.5950622559 0.2511478066 0.0000000000 0.0000000000 168.3224945068 1703.6950683594 -0.1691341847
135.3169555664 0.2739745975 0.0000000000 0.0000000000 170.5051269531 1553.1202392578 -0.1837906241
135.0139617920 0.2975964248 0.0000000000 0.0000000000 172.6910552979 1407.7023925781 -0.1988980025
134.6800231934 0.3220074177 0.0000000000 0.0000000000 174.7447509766 1281.0516357422 -0.2150049806
134.3143157959 0.3472054005 0.0000000000 0.0000000000 176.6951293945 1174.5289306641 -0.2315328866
133.9171905518 0.3731770515 0.0000000000 0.0000000000 178.8214721680 1083.3764648438 -0.2486804575
133.4911193848 0.3999138772 0.0000000000 0.0000000000 181.1442413330 988.1275634766 -0.2662534416
133.0406646729 0.4273718894 0.0000000000 0.0000000000 183.2285461426 889.9913940430 -0.2838957012
132.5794677734 0.4555021822 0.0000000000 0.0000000000 184.8150482178 804.7747802734 -0.3010926843
132.1299896240 0.4842441678 0.0000000000 0.0000000000 186.1840057373 740.1170654297 -0.3169776797
131.7302703857 0.5135249496 0.0000000000 0.0000000000 187.3790435791 673.6625366211 -0.3306784928
131.4251251221 0.5432590842 0.0000000000 0.0000000000 188.9612884521 603.9718017578 -0.3393291235
131.2582702637 0.5733392239 0.0000000000 0.0000000000 191.1597137451 546.2949829102 -0.3429232836
131.2294921875 0.6036965251 0.0000000000 0.0000000000 193.5096588135 502.2725219727 -0.3419978917
131.2854614258 0.6343291402 0.0000000000 0.0000000000 195.7850036621 461.4135437012 -0.3401952982
131.3423309326 0.6652759314 0.0000000000 0.0000000000 198.1896209717 421.6129150391 -0.3398424685
131.3409881592 0.6966156960 0.0000000000 0.0000000000 200.6494140625 381.3188171387 -0.3427197337
131.2626037598 0.7284624577 0.0000000000 0.0000000000 202.6897583008 346.4247131348 -0.3482224941
131.1261749268 0.7609131932 0.0000000000 0.0000000000 203.9141693115 316.5993041992 -0.3560100496
130.9686431885 0.7940558791 0.0000000000 0.0000000000 204.3442230225 288.6318664551 -0.3643581271
130.8259582520 0.8279452920 0.0000000000 0.0000000000 204.3063354492 262.0476989746 -0.3726119101
130.7172851562 0.8625721931 0.0000000000 0.0000000000 204.0675964355 240.4696350098 -0.3798034787
130.6478729248 0.8978946209 0.0000000000 0.0000000000 203.7489013672 221.7221527100 -0.3858447075
130.6123962402 0.9338858724 0.0000000000 0.0000000000 203.3471527100 203.4390716553 -0.3906082213
130.5975036621 0.9705223441 0.0000000000 0.0000000000 202.8324737549 184.9391479492 -0.3946757019
130.5880737305 1.0077672005 0.0000000000 0.0000000000 202.1211242676 168.3164215088 -0.3983025849
130.5690307617 1.0455905199 0.0000000000 0.0000000000 201.1574707031 150.8284606934 -0.4021023810
130.5321350098 1.0839648247 0.0000000000 0.0000000000 199.9482269287 137.4794311523 -0.4063008726
130.4711608887 1.1228535175 0.0000000000 0.0000000000 198.5188751221 126.3934478760 -0.4111557603
130.3874969482 1.1622511148 0.0000000000 0.0000000000 196.8784027100 112.6557846069 -0.4166802466
130.2857360840 1.2021274567 0.0000000000 0.0000000000 194.9859466553 101.4056472778 -0.4227280021
130.1746368408 1.2424433231 0.0000000000 0.0000000000 192.7762603760 90.0943145752 -0.4291391373
130.0640716553 1.2831275463 0.0000000000 0.0000000000 190.4703063965 80.0854034424 -0.4355739355
129.9597778320 1.3241037130 0.0000000000 0.0000000000 188.3679199219 71.0423278809 -0.4417989552
129.8660583496 1.3652628660 0.0000000000 0.0000000000 186.5922241211 63.3776283264 -0.4474960268
129.7718658447 1.4064934254 0.0000000000 0.0000000000 185.1077423096 57.5377388000 -0.4529533386
129.6674957275 1.4476373196 0.0000000000 0.0000000000 183.6631622314 53.5421371460 -0.4580896497
129.5530242920 1.4885563850 0.0000000000 0.0000000000 182.2654266357 48.8608131409 -0.4638339579
129.4199523926 1.5291782618 0.0000000000 0.0000000000 181.1127471924 44.6530303955 -0.4699301422
129.2634124756 1.5695248842 0.0000000000 0.0000000000 179.6929168701 41.2771759033 -0.4766941071
129.0909729004 1.6096717119 0.0000000000 0.0000000000 178.5025329590 37.6295509338 -0.4837965667
128.9185180664 1.6497375965 0.0000000000 0.0000000000 177.4323730469 33.9244194031 -0.4910547435
128.7550964355 1.6898425817 0.0000000000 0.0000000000 176.4310302734 30.2913665771 -0.4983099401
128.6083679199 1.7301278114 0.0000000000 0.0000000000 175.5958557129 27.9974212646 -0.5055323839
128.4811706543 1.7707170248 0.0000000000 0.0000000000 175.0973510742 25.2164535522 -0.5128489733
128.3914947510 1.8117053509 0.0000000000 0.0000000000 174.6744689941 22.2988376617 -0.5203058124
128.3410034180 1.8531714678 0.0000000000 0.0000000000 174.1618804932 20.3453426361 -0.5279431343
128.3540496826 1.8951393366 0.0000000000 0.0000000000 173.8719024658 18.6644401550 -0.5355892777
128.4379882812 1.9375972748 0.0000000000 0.0000000000 173.6853179932 17.1707344055 -0.5431065559
128.6191406250 1.9805278778 0.0000000000 0.0000000000 173.5566406250 15.3957872391 -0.5504049063
128.8902282715 2.0239143372 0.0000000000 0.0000000000 173.4423675537 14.0594997406 -0.5573889613
129.2231140137 2.0677268505 0.0000000000 0.0000000000 173.3404846191 12.9762382507 -0.5642641187
129.5639801025 2.1119534969 0.0000000000 0.0000000000 173.2744903564 12.0052843094 -0.5711967945
129.8450012207 2.1565732956 0.0000000000 0.0000000000 172.8696136475 11.3256235123 -0.5782061815
130.0185394287 2.2015502453 0.0000000000 0.0000000000 172.2737426758 10.3967742920 -0.5854914784
130.0854492188 2.2468304634 0.0000000000 0.0000000000 171.4208374023 9.4123020172 -0.5930632949
130.1012268066 2.2923521996 0.0000000000 0.0000000000 170.4400329590 8.4979686737 -0.6009628177
130.1074371338 2.3380594254 0.0000000000 0.0000000000 169.5320739746 7.9454555511 -0.6091873646
130.1366424561 2.3838961124 0.0000000000 0.0000000000 168.3267517090 7.2758016586 -0.6176033020
130.1882171631 2.4298238754 0.0000000000 0.0000000000 167.1358032227 6.8416919708 -0.6262461543
130.2638397217 2.4757614136 0.0000000000 0.0000000000 166.0004425049 6.2516779900 -0.6351608634
130.3632049561 2.5216486454 0.0000000000 0.0000000000 164.8570709229 5.6818108559 -0.6444571614
130.4639129639 2.5674598217 0.0000000000 0.0000000000 163.5231018066 5.4459614754 -0.6539738178
130.5539245605 2.6131689548 0.0000000000 0.0000000000 162.2676086426 4.9874706268 -0.6633782387
130.6114501953 2.6587574482 0.0000000000 0.0000000000 161.1474304199 4.6122550964 -0.6735714674
130.6915588379 2.7041983604 0.0000000000 0.0000000000 160.1314849854 4.5934176445 -0.6839993000
130.9264373779 2.7494874001 0.0000000000 0.0000000000 159.0823211670 4.5455307961 -0.6938976049
131.3898315430 2.7946436405 0.0000000000 0.0000000000 157.8037414551 4.4591822624 -0.7036728859
132.0401611328 2.8396654129 0.0000000000 0.0000000000 156.4141082764 4.5491538048 -0.7141655087
132.7452697754 2.8845627308 0.0000000000 0.0000000000 155.2390747070 4.1743764877 -0.7225465775
133.2590484619 2.9293355942 0.0000000000 0.0000000000 154.3707122803 3.7851464748 -0.7314211130
133.5056915283 2.9739789963 0.0000000000 0.0000000000 153.6167449951 4.1584610939 -0.7403034568
133.7412719727 3.0185160637 0.0000000000 0.0000000000 152.9611816406 4.2657380104 -0.7481387854
134.2387084961 3.0629971027 0.0000000000 0.0000000000 151.8560028076 3.8533997536 -0.7567994595
134.8101501465 3.1075139046 0.0000000000 0.0000000000 150.5862121582 3.9081275463 -0.7648731470
135.1069335938 3.1521348953 0.0000000000 0.0000000000 149.7373046875 3.6596171856 -0.7727935314
135.0580749512 3.1969199181 0.0000000000 0.0000000000 148.8210296631 3.0320973396 -0.7813631296
134.8445892334 3.2419002056 0.0000000000 0.0000000000 148.0107879639 3.1415166855 -0.7899713516
134.8671875000 3.2870616913 0.0000000000 0.0000000000 146.4620971680 3.1702260971 -0.7988777161
135.2817535400 3.3323843479 0.0000000000 0.0000000000 144.6069183350 2.7600412369 -0.8086768389
135.6790618896 3.3778264523 0.0000000000 0.0000000000 142.7447662354 2.8618853092 -0.8164613843
135.6402130127 3.4233419895 0.0000000000 0.0000000000 141.3483886719 2.9248688221 -0.8246618509
135.5400543213 3.4688971043 0.0000000000 0.0000000000 140.2972259521 2.9430987835 -0.8325488567
135.9937744141 3.5144832134 0.0000000000 0.0000000000 138.6857147217 2.6789627075 -0.8400754333
136.7439575195 3.5601377487 0.0000000000 0.0000000000 137.3318481445 2.4521882534 -0.8475868702
137.1132202148 3.6058576107 0.0000000000 0.0000000000 136.5418548584 2.7290585041 -0.8545151949
137.3135528564 3.6516511440 0.0000000000 0.0000000000 135.6045684814 2.5014126301 -0.8601762652
137.8324279785 3.6974701881 0.0000000000 0.0000000000 134.9561004639 2.5362377167 -0.8664023876
138.4422607422 3.7433013916 0.0000000000 0.0000000000 134.0098266602 2.4840257168 -0.8725363612
138.7813110352 3.7891149521 0.0000000000 0.0000000000 133.3190612793 2.6043682098 -0.8783794641
139.0309143066 3.8348956108 0.0000000000 0.0000000000 132.7219390869 2.7104482651 -0.8841297030
139.7473449707 3.8806712627 0.0000000000 0.0000000000 132.0587768555 2.6330149174 -0.8896738887
140.6944427490 3.9264817238 0.0000000000 0.0000000000 131.2942657471 2.4704933167 -0.8948460817
141.2771911621 3.9723067284 0.0000000000 0.0000000000 130.4859008789 2.6215951443 -0.8999207020
141.6698150635 4.0181360245 0.0000000000 0.0000000000 129.5678253174 2.5895824432 -0.9047486782
142.1436004639 4.0639238358 0.0000000000 0.0000000000 128.8582916260 2.5308794975 -0.9093560576
142.4859924316 4.1096510887 0.0000000000 0.0000000000 128.6123809814 2.6979744434 -0.9139924645
142.6829223633 4.1553244591 0.0000000000 0.0000000000 128.2882843018 2.6420214176 -0.9183480740
143.0081024170 4.2009487152 0.0000000000 0.0000000000 127.6580810547 2.4485630989 -0.9225226641
143.2116241455 4.2465372086 0.0000000000 0.0000000000 126.8083267212 2.2303414345 -0.9265121222
143.4441223145 4.2921166420 0.0000000000 0.0000000000 126.0088500977 2.2353765965 -0.9302929044
143.9453582764 4.3377041817 0.0000000000 0.0000000000 125.4181594849 2.4162180424 -0.9338865876
144.5189514160 4.3833389282 0.0000000000 0.0000000000 124.9252929688 2.4759280682 -0.9371331334
144.6920623779 4.4290494919 0.0000000000 0.0000000000 124.3340988159 2.9050059319 -0.9402180314
144.6797485352 4.4748730659 0.0000000000 0.0000000000 123.7382583618 3.3676781654 -0.9431936741
144.8307952881 4.5208358765 0.0000000000 0.0000000000 123.1811065674 3.3490097523 -0.9460092187
144.8015899658 4.5669484138 0.0000000000 0.0000000000 122.9475479126 2.9461050034 -0.9487624168
144.8250274658 4.6132268906 0.0000000000 0.0000000000 122.5947265625 2.8929874897 -0.9514505863
144.9486236572 4.6596450806 0.0000000000 0.0000000000 122.1222991943 3.1060154438 -0.9542217851
144.7469787598 4.7061986923 0.0000000000 0.0000000000 121.5618896484 3.0697507858 -0.9569312930
144.8502960205 4.7528519630 0.0000000000 0.0000000000 121.1065216064 2.9927003384 -0.9594581723
145.0840301514 4.7995848656 0.0000000000 0.0000000000 120.7446594238 3.1081595421 -0.9617628455
144.9418334961 4.8463764191 0.0000000000 0.0000000000 120.4733123779 2.9854431152 -0.9639675021
144.9708862305 4.8931417465 0.0000000000 0.0000000000 119.9470062256 3.1475083828 -0.9662752151
144.9263000488 4.9399213791 0.0000000000 0.0000000000 119.5782775879 3.5660541058 -0.9683046341
144.7941741943 4.9866786003 0.0000000000 0.0000000000 119.4224777222 3.7942669392 -0.9705675244
144.9016571045 5.0333948135 0.0000000000 0.0000000000 119.1218185425 4.1104140282 -0.9727650285
144.7285461426 5.0800614357 0.0000000000 0.0000000000 118.8513183594 4.1920337677 -0.9748991728
144.6593933105 5.1266531944 0.0000000000 0.0000000000 118.4442672729 4.3757743835 -0.9768933058
144.8872680664 5.1731662750 0.0000000000 0.0000000000 118.1950683594 4.7781162262 -0.9787641168
144.6416168213 5.2195906639 0.0000000000 0.0000000000 117.9841613770 5.0270595551 -0.9806150794
144.7110290527 5.2659006119 0.0000000000 0.0000000000 117.7544326782 5.1029033661 -0.9824416041
144.6752471924 5.3120956421 0.0000000000 0.0000000000 117.6149826050 5.0454707146 -0.9843047857
144.5687408447 5.3581895828 0.0000000000 0.0000000000 117.4020843506 5.1136488914 -0.9860892296
144.7732238770 5.4041604996 0.0000000000 0.0000000000 117.0347442627 5.2482776642 -0.9878031611
144.3975677490 5.4500212669 0.0000000000 0.0000000000 116.7107849121 5.6040267944 -0.9894744158
144.8073272705 5.4957408905 0.0000000000 0.0000000000 116.4505081177 6.1696987152 -0.9911230803
144.5369873047 5.5413508415 0.0000000000 0.0000000000 116.1553344727 6.7278947830 -0.9927262068
144.7399597168 5.5868330002 0.0000000000 0.0000000000 115.7428359985 7.2796835899 -0.9942418337
144.8424224854 5.6322202682 0.0000000000 0.0000000000 115.4240646362 7.9673810005 -0.9956926703
144.6415252686 5.6775164604 0.0000000000 0.0000000000 115.1324081421 8.5412302017 -0.9970435500
145.0511474609 5.7227010727 0.0000000000 0.0000000000 114.7128829956 8.6430034637 -0.9983123541
144.4364776611 5.7678236961 0.0000000000 0.0000000000 114.3864746094 9.4122982025 -0.9995226860
145.1171264648 5.8128213882 0.0000000000 0.0000000000 114.0557022095 11.2275543213 -1.0005930662
144.3599700928 5.8577737808 0.0000000000 0.0000000000 113.6493911743 12.7324609756 -1.0016342402
145.3283691406 5.9026479721 0.0000000000 0.0000000000 113.2291030884 12.3447170258 -1.0028611422
144.2994689941 5.9475021362 0.0000000000 0.0000000000 112.9371109009 12.5305776596 -1.0039159060
145.5355377197 5.9922418594 0.0000000000 0.0000000000 112.5658264160 13.7156791687 -1.0050883293
144.0799255371 6.0369997025 0.0000000000 0.0000000000 112.1947174072 13.9259119034 -1.0059635639
145.6278381348 6.0816507339 0.0000000000 0.0000000000 111.8354034424 12.5143337250 -1.0069140196
144.0440216064 6.1263098717 0.0000000000 0.0000000000 111.4070053101 10.8414649963 -1.0077710152
145.4731903076 6.1708598137 0.0000000000 0.0000000000 111.0483016968 11.0951766968 -1.0087372065
144.5304412842 6.2154264450 0.0000000000 0.0000000000 110.6067733765 11.1439237595 -1.0096310377
145.0887298584 6.2599191666 0.0000000000 0.0000000000 110.2446136475 9.9313926697 -1.0103976727
145.0161132812 6.3043804169 0.0000000000 0.0000000000 109.9026641846 10.5698881149 -1.0113375187
144.6528015137 6.3488154411 0.0000000000 0.0000000000 109.5171813965 9.8817567825 -1.0121506453
145.3911743164 6.3931932449 0.0000000000 0.0000000000 109.2161026001 9.3725223541 -1.0129384995
144.2950134277 6.4375505447 0.0000000000 0.0000000000 108.7657623291 10.4476490021 -1.0135332346
145.8946380615 6.4818000793 0.0000000000 0.0000000000 108.4105300903 10.7301836014 -1.0139660835
143.9293975830 6.5260624886 0.0000000000 0.0000000000 107.9462966919 11.3113737106 -1.0142284632
146.2680969238 6.5701551437 0.0000000000 0.0000000000 107.6718673706 10.9638557434 -1.0146584511
143.9122924805 6.6142916679 0.0000000000 0.0000000000 107.0653991699 11.1680412292 -1.0152115822
146.0160522461 6.6582522392 0.0000000000 0.0000000000 106.9154510498 11.4943246841 -1.0162516832
144.5144348145 6.7022080421 0.0000000000 0.0000000000 106.4242324829 11.7570781708 -1.0172367096
145.0971527100 6.7460422516 0.0000000000 0.0000000000 106.0107650757 11.8257064819 -1.0179297924
145.4696807861 6.7898135185 0.0000000000 0.0000000000 105.7079162598 11.7709789276 -1.0182299614
144.1879577637 6.8335494995 0.0000000000 0.0000000000 105.1987762451 12.7183513641 -1.0183645487
145.8843841553 6.8771238327 0.0000000000 0.0000000000 104.9239959717 12.6986618042 -1.0186495781
144.0852661133 6.9206771851 0.0000000000 0.0000000000 104.5062561035 12.8085832596 -1.0191630125
145.4098510742 6.9640517235 0.0000000000 0.0000000000 104.2052230835 13.1877212524 -1.0198290348
144.8067169189 7.0073785782 0.0000000000 0.0000000000 103.8172988892 13.3186407089 -1.0203342438
144.5424041748 7.0506148338 0.0000000000 0.0000000000 103.7148513794 13.5964803696 -1.0204726458
145.4077606201 7.0937180519 0.0000000000 0.0000000000 103.2665405273 13.7658777237 -1.0202853680
144.0655364990 7.1367788315 0.0000000000 0.0000000000 102.7743606567 14.1313667297 -1.0201269388
145.4725952148 7.1796936989 0.0000000000 0.0000000000 102.5961151123 13.6875581741 -1.0205073357
144.1764831543 7.2225756645 0.0000000000 0.0000000000 102.0857009888 13.5636835098 -1.0215923786
145.2336883545 7.2653126717 0.0000000000 0.0000000000 101.9244613647 14.5881767273 -1.0221980810
144.6219329834 7.3080120087 0.0000000000 0.0000000000 101.4441146851 15.2304058075 -1.0221271515
144.6793975830 7.3506040573 0.0000000000 0.0000000000 101.0953445435 14.9004726410 -1.0225756168
145.2181243896 7.3930802345 0.0000000000 0.0000000000 100.7943801880 14.4610176086 -1.0228892565
144.1661529541 7.4355001450 0.0000000000 0.0000000000 100.3741455078 14.2078933716 -1.0227839947
145.5178527832 7.4777650833 0.0000000000 0.0000000000 100.2285461426 14.8099317551 -1.0231814384
143.9843597412 7.5200071335 0.0000000000 0.0000000000 99.7423019409 16.0884284973 -1.0233696699
145.5556488037 7.5620455742 0.0000000000 0.0000000000 99.6581268311 16.9113559723 -1.0235580206
143.9642944336 7.6040792465 0.0000000000 0.0000000000 99.1787033081 17.7667026520 -1.0236299038
145.3397979736 7.6459012032 0.0000000000 0.0000000000 99.0429840088 18.4142055511 -1.0239052773
144.1834869385 7.6877102852 0.0000000000 0.0000000000 98.6999206543 19.2569599152 -1.0246001482
144.8837432861 7.7293767929 0.0000000000 0.0000000000 98.4736480713 20.2749156952 -1.0250018835
144.6635437012 7.7709755898 0.0000000000 0.0000000000 98.1909866333 21.3431949615 -1.0248432159
144.3077392578 7.8124947548 0.0000000000 0.0000000000 97.9433898926 21.7897720337 -1.0250489712
145.0611877441 7.8539113998 0.0000000000 0.0000000000 97.7384414673 21.5897579193 -1.0251353979
143.9617614746 7.8953118324 0.0000000000 0.0000000000 97.5191345215 21.5817565918 -1.0250551701
145.1740112305 7.9365763664 0.0000000000 0.0000000000 97.4081268311 21.3123264313 -1.0250358582
143.6982421875 7.9778795242 0.0000000000 0.0000000000 97.0732650757 20.5369129181 -1.0249214172
145.3661804199 8.0189771652 0.0000000000 0.0000000000 97.1134338379 20.1458759308 -1.0248837471
143.3490600586 8.0601491928 0.0000000000 0.0000000000 96.4667358398 21.4693489075 -1.0246920586
145.5280609131 8.1010951996 0.0000000000 0.0000000000 96.4589462280 22.2096691132 -1.0248897076
143.3525238037 8.1421546936 0.0000000000 0.0000000000 95.9704742432 21.6380157471 -1.0252009630
145.0243072510 8.1830625534 0.0000000000 0.0000000000 95.8623123169 20.7677421570 -1.0257611275
144.0331878662 8.2240257263 0.0000000000 0.0000000000 95.6080474854 21.5482044220 -1.0260648727
144.0224761963 8.2649555206 0.0000000000 0.0000000000 95.2881774902 22.8299350739 -1.0261507034
144.8015136719 8.3058443069 0.0000000000 0.0000000000 95.0883712769 23.7023334503 -1.0260559320
143.3668518066 8.3467845917 0.0000000000 0.0000000000 94.7341537476 24.4823913574 -1.0258326530
145.1564483643 8.3876247406 0.0000000000 0.0000000000 94.6603088379 25.0878257751 -1.0257035494
143.2816314697 8.4286012650 0.0000000000 0.0000000000 94.2270431519 26.2949142456 -1.0255157948
144.9282684326 8.4694089890 0.0000000000 0.0000000000 94.2786865234 26.8541126251 -1.0256601572
143.4751739502 8.5103378296 0.0000000000 0.0000000000 93.8017120361 26.7216129303 -1.0258553028
144.4617309570 8.5511188507 0.0000000000 0.0000000000 93.6965713501 26.0348014832 -1.0262304544
143.7517547607 8.5919771194 0.0000000000 0.0000000000 93.3528976440 25.8058586121 -1.0264425278
144.0489196777 8.6327953339 0.0000000000 0.0000000000 93.1702728271 25.9885978699 -1.0264258385
144.1053619385 8.6735706329 0.0000000000 0.0000000000 93.0353088379 26.6280574799 -1.0262484550
143.5803680420 8.7143917084 0.0000000000 0.0000000000 92.8867492676 27.0361499786 -1.0259733200
144.4917144775 8.7551460266 0.0000000000 0.0000000000 92.6758041382 26.4874420166 -1.0257277489
143.0612792969 8.7959938049 0.0000000000 0.0000000000 92.4817428589 25.7591648102 -1.0254186392
144.6629180908 8.8367414474 0.0000000000 0.0000000000 92.3849563599 25.1691074371 -1.0252654552
143.0496673584 8.8776149750 0.0000000000 0.0000000000 92.1894149780 24.7723865509 -1.0251274109
144.2622833252 8.9184074402 0.0000000000 0.0000000000 92.0863418579 25.1264495850 -1.0251275301
143.5228576660 8.9593095779 0.0000000000 0.0000000000 91.9127502441 26.7514934540 -1.0250204802
143.5465240479 9.0002031326 0.0000000000 0.0000000000 91.6944351196 27.6635208130 -1.0248378515
143.9494628906 9.0411214828 0.0000000000 0.0000000000 91.5080108643 27.4850311279 -1.0245867968
143.0760650635 9.0820817947 0.0000000000 0.0000000000 91.3091201782 27.9285640717 -1.0246205330
144.1546173096 9.1229152679 0.0000000000 0.0000000000 91.2284011841 28.5385818481 -1.0240536928
142.9098052979 9.1638422012 0.0000000000 0.0000000000 91.1015014648 28.6309108734 -1.0237392187
144.1315307617 9.2046327591 0.0000000000 0.0000000000 90.9065017700 28.7598152161 -1.0235317945
142.8702239990 9.2454929352 0.0000000000 0.0000000000 90.8057632446 30.6964664459 -1.0232931376
143.9377593994 9.2861642838 0.0000000000 0.0000000000 90.5311203003 33.2172698975 -1.0231999159
142.9416351318 9.3268852234 0.0000000000 0.0000000000 90.3534927368 35.3782577515 -1.0231070518
143.6611175537 9.3674869537 0.0000000000 0.0000000000 90.1117706299 36.5668411255 -1.0229880810
143.1309661865 9.4080858231 0.0000000000 0.0000000000 89.8457260132 36.8956298828 -1.0227994919
143.3171997070 9.4485874176 0.0000000000 0.0000000000 89.6442489624 36.5166969299 -1.0225389004
143.3599395752 9.4890098572 0.0000000000 0.0000000000 89.4027633667 36.1969108582 -1.0222438574
142.9160156250 9.5293922424 0.0000000000 0.0000000000 89.2395553589 36.5449600220 -1.0218924284
143.6053466797 9.5696372986 0.0000000000 0.0000000000 89.0035629272 37.6350212097 -1.0215325356
142.6168212891 9.6098651886 0.0000000000 0.0000000000 88.7696609497 38.6813507080 -1.0211180449
143.7801208496 9.6499204636 0.0000000000 0.0000000000 88.6524200439 39.5853118896 -1.0207345486
142.4778289795 9.6899967194 0.0000000000 0.0000000000 88.4339294434 40.6900520325 -1.0202621222
143.7598419189 9.7298641205 0.0000000000 0.0000000000 88.3308792114 40.6017913818 -1.0198439360
142.4100189209 9.7697496414 0.0000000000 0.0000000000 88.1192016602 39.6123428345 -1.0194060802
143.6661682129 9.8094425201 0.0000000000 0.0000000000 88.0294647217 38.7994232178 -1.0191259384
142.4741973877 9.8491506577 0.0000000000 0.0000000000 87.8580398560 39.0338211060 -1.0189943314
143.4900207520 9.8886747360 0.0000000000 0.0000000000 87.8045806885 39.5842247009 -1.0189150572
142.6500396729 9.9281978607 0.0000000000 0.0000000000 87.6979064941 39.9404106140 -1.0187238455
143.1679840088 9.9675741196 0.0000000000 0.0000000000 87.6534423828 39.1113319397 -1.0184944868
142.8230590820 10.0069293976 0.0000000000 0.0000000000 87.4847030640 37.7253074646 -1.0181510448
142.8004913330 10.0461664200 0.0000000000 0.0000000000 87.3683013916 37.2374114990 -1.0178041458
142.9444274902 10.0853557587 0.0000000000 0.0000000000 87.2119064331 37.8974609375 -1.0174804926
142.5753173828 10.1244611740 0.0000000000 0.0000000000 87.1654663086 37.7796554565 -1.0170423985
142.9423065186 10.1635560989 0.0000000000 0.0000000000 87.0310134888 36.6083106995 -1.0166909695
142.5303344727 10.2026376724 0.0000000000 0.0000000000 86.9395065308 35.7562179565 -1.0163527727
142.7970123291 10.2416954041 0.0000000000 0.0000000000 86.8379135132 36.1852302551 -1.0160250664
142.5223846436 10.2807397842 0.0000000000 0.0000000000 86.6881790161 37.2919425964 -1.0156449080
142.6562042236 10.3197250366 0.0000000000 0.0000000000 86.6312408447 38.8679275513 -1.0152631998
142.4851379395 10.3587570190 0.0000000000 0.0000000000 86.4159469604 40.3077621460 -1.0148198605
142.6654052734 10.3976373672 0.0000000000 0.0000000000 86.3837661743 40.2297897339 -1.0143898726
142.2519226074 10.4365711212 0.0000000000 0.0000000000 86.1499328613 39.3669548035 -1.0138990879
142.8555908203 10.4752807617 0.0000000000 0.0000000000 86.2000350952 38.0875968933 -1.0134261847
141.7485961914 10.5140953064 0.0000000000 0.0000000000 85.8370742798 38.4526634216 -1.0128298998
143.2912445068 10.5526313782 0.0000000000 0.0000000000 85.8975982666 41.3786888123 -1.0122754574
141.1483459473 10.5913181305 0.0000000000 0.0000000000 85.5836029053 45.5774993896 -1.0114682913
143.6856689453 10.6296586990 0.0000000000 0.0000000000 85.6551895142 48.5828285217 -1.0110716820
140.9460449219 10.6681852341 0.0000000000 0.0000000000 85.3764343262 49.8280334473 -1.0106542110
143.2820892334 10.7064437866 0.0000000000 0.0000000000 85.3990402222 47.8954124451 -1.0109356642
141.5958404541 10.7447881699 0.0000000000 0.0000000000 85.2026214600 48.5283584595 -1.0110816956
142.1060180664 10.7829780579 0.0000000000 0.0000000000 85.2134399414 48.6304016113 -1.0109049082
142.5758514404 10.8211240768 0.0000000000 0.0000000000 85.1015319824 49.2861137390 -1.0103536844
141.2306823730 10.8592462540 0.0000000000 0.0000000000 84.9022369385 48.4093551636 -1.0095728636
142.9129486084 10.8971834183 0.0000000000 0.0000000000 84.9530868530 49.1080322266 -1.0091930628
141.2363586426 10.9351863861 0.0000000000 0.0000000000 84.8366699219 48.1553802490 -1.0089255571
142.3932342529 10.9729499817 0.0000000000 0.0000000000 84.8858337402 47.7871971130 -1.0089101791
141.7954406738 11.0107793808 0.0000000000 0.0000000000 84.6731872559 47.5136756897 -1.0088157654
141.6317749023 11.0484132767 0.0000000000 0.0000000000 84.6387329102 47.6263656616 -1.0085750818
142.2039794922 11.0859994888 0.0000000000 0.0000000000 84.5314636230 50.1480979919 -1.0081956387
141.3083038330 11.1235275269 0.0000000000 0.0000000000 84.3952941895 49.3654861450 -1.0077395439
142.1872863770 11.1608953476 0.0000000000 0.0000000000 84.4367904663 48.7106018066 -1.0073046684
141.4464569092 11.1983194351 0.0000000000 0.0000000000 84.2639083862 50.9115791321 -1.0068801641
141.8616333008 11.2354955673 0.0000000000 0.0000000000 84.3269271851 50.3867759705 -1.0065659285
141.6922912598 11.2727012634 0.0000000000 0.0000000000 84.1421203613 54.2115936279 -1.0063025951
141.5606689453 11.3097000122 0.0000000000 0.0000000000 84.1149291992 59.3207969666 -1.0060744286
141.8546142578 11.3466997147 0.0000000000 0.0000000000 83.9879379272 54.5987129211 -1.0058318377
141.4987487793 11.3836374283 0.0000000000 0.0000000000 83.8878173828 57.8445930481 -1.0054948330
141.8689270020 11.4204683304 0.0000000000 0.0000000000 83.9171829224 57.3064384460 -1.0050919056
141.5390930176 11.4573240280 0.0000000000 0.0000000000 83.7820434570 56.9203529358 -1.0046215057
141.7654571533 11.4939002991 0.0000000000 0.0000000000 83.8624267578 75.1044387817 -1.0042335987
141.4675140381 11.5305547714 0.0000000000 0.0000000000 83.6649246216 65.3326187134 -1.0038654804
141.7409210205 11.5669364929 0.0000000000 0.0000000000 83.7279586792 92.6528091431 -1.0036183596
141.3948974609 11.6034250259 0.0000000000 0.0000000000 83.5049514771 87.2834396362 -1.0033533573
141.8154907227 11.6397380829 0.0000000000 0.0000000000 83.5224304199 108.9819183350 -1.0031214952
141.2928009033 11.6761264801 0.0000000000 0.0000000000 83.3990936279 97.1333465576 -1.0027809143
141.8189544678 11.7124662399 0.0000000000 0.0000000000 83.3801651001 89.3017807007 -1.0024390221
141.2502136230 11.7488050461 0.0000000000 0.0000000000 83.3611221313 99.3961029053 -1.0020449162
141.6482238770 11.7851276398 0.0000000000 0.0000000000 83.2879409790 92.1261444092 -1.0017385483
141.3437805176 11.8213777542 0.0000000000 0.0000000000 83.3240127563 105.8352584839 -1.0014474392
141.4171142578 11.8576402664 0.0000000000 0.0000000000 83.2361145020 92.9951095581 -1.0011712313
141.5407409668 11.8938455582 0.0000000000 0.0000000000 83.2538604736 90.8259048462 -1.0008976460
141.1625976562 11.9300718307 0.0000000000 0.0000000000 83.1404876709 85.3515777588 -1.0005335808
141.6515350342 11.9662504196 0.0000000000 0.0000000000 83.1218643188 84.5491485596 -1.0002170801
140.9775848389 12.0024557114 0.0000000000 0.0000000000 83.0567932129 84.6551055908 -0.9997999668
141.7066497803 12.0385980606 0.0000000000 0.0000000000 83.0358963013 81.7577362061 -0.9995368719
140.8911437988 12.0747652054 0.0000000000 0.0000000000 82.9319305420 84.6377639771 -0.9991791248
141.7340087891 12.1108522415 0.0000000000 0.0000000000 82.8996124268 77.9705505371 -0.9989402890
140.8250274658 12.1469478607 0.0000000000 0.0000000000 82.7655792236 77.3832550049 -0.9986098409
141.7357177734 12.1829271317 0.0000000000 0.0000000000 82.7608566284 73.2613830566 -0.9982899427
140.7032165527 12.2189683914 0.0000000000 0.0000000000 82.6260375977 71.7260818481 -0.9978427887
141.8385772705 12.2548198700 0.0000000000 0.0000000000 82.7153549194 72.4744491577 -0.9973206520
140.4238281250 12.2908039093 0.0000000000 0.0000000000 82.5570373535 70.1383743286 -0.9964938760
142.1219787598 12.3264255524 0.0000000000 0.0000000000 82.7809677124 77.4364318848 -0.9954256415
139.9626617432 12.3622522354 0.0000000000 0.0000000000 82.5480728149 75.1197128296 -0.9936324358
142.3960571289 12.3974094391 0.0000000000 0.0000000000 82.7529449463 107.1837463379 -0.9926590919
139.7460021973 12.4329147339 0.0000000000 0.0000000000 82.3779525757 102.3635482788 -0.9918584824
141.8521270752 12.4677438736 0.0000000000 0.0000000000 82.4962539673 187.3586120605 -0.9939656258
140.6274566650 12.5028991699 0.0000000000 0.0000000000 82.2006149292 166.2106170654 -0.9951179624
140.6060485840 12.5380172729 0.0000000000 0.0000000000 82.2103195190 126.7196578979 -0.9944902658
141.6716918945 12.5729522705 0.0000000000 0.0000000000 82.4537124634 240.5417022705 -0.9931446910
139.9154510498 12.6082267761 0.0000000000 0.0000000000 82.1403198242 221.9759521484 -0.9925717711
141.4580993652 12.6431140900 0.0000000000 0.0000000000 82.2932128906 394.3494873047 -0.9934923649
140.3784179688 12.6782131195 0.0000000000 0.0000000000 82.2877655029 242.0068054199 -0.9934414625
140.5945281982 12.7133617401 0.0000000000 0.0000000000 82.3040313721 344.5399169922 -0.9922916293
141.0627441406 12.7482280731 0.0000000000 0.0000000000 82.5291213989 625.1384277344 -0.9917658567
140.2711334229 12.7833538055 0.0000000000 0.0000000000 82.2129592896 401.9263610840 -0.9919694066
140.8997192383 12.8182687759 0.0000000000 0.0000000000 82.2575759888 397.6865539551 -0.9922347069
140.4782409668 12.8532314301 0.0000000000 0.0000000000 82.3160705566 510.5700073242 -0.9915918708
140.5054626465 12.8883171082 0.0000000000 0.0000000000 82.2676544189 406.8548889160 -0.9908080697
140.5949249268 12.9231166840 0.0000000000 0.0000000000 82.3307189941 573.9154663086 -0.9908131361
140.4443359375 12.9580888748 0.0000000000 0.0000000000 82.1295547485 389.3038940430 -0.9909110069
140.4440612793 12.9930248260 0.0000000000 0.0000000000 82.0197067261 359.1020202637 -0.9904286265
140.4152374268 13.0278749466 0.0000000000 0.0000000000 82.1173095703 494.6072998047 -0.9896895885
140.3185424805 13.0628738403 0.0000000000 0.0000000000 81.9502410889 384.3696289062 -0.9893547297
140.2808227539 13.0976514816 0.0000000000 0.0000000000 81.8926162720 397.8187866211 -0.9893959761
140.3502044678 13.1324920654 0.0000000000 0.0000000000 81.7878265381 340.5289306641 -0.9891238213
140.1976776123 13.1673974991 0.0000000000 0.0000000000 81.7038726807 350.7571105957 -0.9884995222
140.2959289551 13.2021398544 0.0000000000 0.0000000000 81.8500595093 359.7769165039 -0.9881742001
140.1692047119 13.2370080948 0.0000000000 0.0000000000 81.5698471069 294.1183471680 -0.9881038070
140.1331024170 13.2717218399 0.0000000000 0.0000000000 81.5213546753 284.8026428223 -0.9879505038
140.1733398438 13.3064155579 0.0000000000 0.0000000000 81.6159591675 299.9766235352 -0.9874987006
140.0811309814 13.3411903381 0.0000000000 0.0000000000 81.5290527344 259.5246887207 -0.9870492816
140.1719055176 13.3757562637 0.0000000000 0.0000000000 81.7082824707 258.4151611328 -0.9869149923
140.0593719482 13.4103822708 0.0000000000 0.0000000000 81.5766296387 226.0592498779 -0.9867761731
140.1154632568 13.4449806213 0.0000000000 0.0000000000 81.5353469849 219.2014465332 -0.9864274263
140.0654449463 13.4794902802 0.0000000000 0.0000000000 81.6791000366 225.3255462646 -0.9860357046
140.0672149658 13.5140399933 0.0000000000 0.0000000000 81.5964508057 197.8421478271 -0.9857827425
140.0475311279 13.5484170914 0.0000000000 0.0000000000 81.7065963745 196.7580261230 -0.9856785536
140.0296783447 13.5827569962 0.0000000000 0.0000000000 81.8928222656 181.6858825684 -0.9854712486
140.0501403809 13.6170969009 0.0000000000 0.0000000000 81.7748718262 177.8131103516 -0.9851619601
139.9916229248 13.6513204575 0.0000000000 0.0000000000 81.8779678345 174.5323791504 -0.9849084020
139.9866180420 13.6855869293 0.0000000000 0.0000000000 81.9322814941 154.6211090088 -0.9847767949
139.9502258301 13.7197484970 0.0000000000 0.0000000000 82.0764923096 147.6145477295 -0.9846562743
139.9486694336 13.7538843155 0.0000000000 0.0000000000 82.2087173462 145.7290802002 -0.9844796062
139.9608612061 13.7880277634 0.0000000000 0.0000000000 82.3933944702 147.8999328613 -0.9842523336
139.9336700439 13.8220500946 0.0000000000 0.0000000000 82.5472640991 146.9635620117 -0.9840983152
139.9223022461 13.8561115265 0.0000000000 0.0000000000 82.5971679688 133.1079864502 -0.9839954376
139.8968811035 13.8900547028 0.0000000000 0.0000000000 82.7413330078 125.3892059326 -0.9838764668
139.8366394043 13.9239616394 0.0000000000 0.0000000000 83.1074447632 121.6978530884 -0.9837708473
139.9158020020 13.9578428268 0.0000000000 0.0000000000 83.4262313843 121.5052566528 -0.9836477041
139.8026580811 13.9916172028 0.0000000000 0.0000000000 83.7888793945 116.2191848755 -0.9837216139
139.9568481445 14.0253744125 0.0000000000 0.0000000000 84.0422744751 112.1900329590 -0.9837567806
139.7000122070 14.0590639114 0.0000000000 0.0000000000 84.2939910889 108.5580749512 -0.9839099050
139.9666290283 14.0927104950 0.0000000000 0.0000000000 84.6861953735 103.9648895264 -0.9839145541
139.5468444824 14.1264009476 0.0000000000 0.0000000000 85.0074081421 98.2151565552 -0.9840229750
140.0832519531 14.1600608826 0.0000000000 0.0000000000 85.2692489624 94.3335723877 -0.9840456247
139.3828277588 14.1938295364 0.0000000000 0.0000000000 85.4047241211 88.3986358643 -0.9841708541
140.2344055176 14.2275362015 0.0000000000 0.0000000000 85.5593185425 85.5494689941 -0.9842899442
139.1301574707 14.2613544464 0.0000000000 0.0000000000 85.7059631348 80.0293579102 -0.9844105244
140.4047546387 14.2950735092 0.0000000000 0.0000000000 86.0002746582 75.8116149902 -0.9845051765
138.8322601318 14.3288478851 0.0000000000 0.0000000000 86.2551879883 74.9651794434 -0.9845103621
140.6430358887 14.3625478745 0.0000000000 0.0000000000 86.5666122437 73.8794250488 -0.9846476316
138.6389007568 14.3963184357 0.0000000000 0.0000000000 86.8554000854 74.9212646484 -0.9847441912
140.7145080566 14.4299926758 0.0000000000 0.0000000000 87.2535324097 70.4505004883 -0.9852271080
138.7060699463 14.4638214111 0.0000000000 0.0000000000 87.2282257080 67.7416687012 -0.9856966734
140.3760070801 14.4975662231 0.0000000000 0.0000000000 87.7073822021 66.3256912231 -0.9864578843
139.1447296143 14.5315275192 0.0000000000 0.0000000000 88.0998611450 65.6283721924 -0.9871305823
139.7876434326 14.5654144287 0.0000000000 0.0000000000 88.5629196167 65.2736740112 -0.9878414273
139.7540283203 14.5994796753 0.0000000000 0.0000000000 88.7370605469 64.0988693237 -0.9885245562
139.3133087158 14.6335487366 0.0000000000 0.0000000000 89.0826187134 63.8806724548 -0.9892685413
140.1311340332 14.6677045822 0.0000000000 0.0000000000 89.3861160278 63.2386016846 -0.9900771976
139.1142425537 14.7020177841 0.0000000000 0.0000000000 89.6628952026 64.6996307373 -0.9909963608
140.2060546875 14.7363262177 0.0000000000 0.0000000000 90.0896148682 63.9833908081 -0.9920064807
139.2772827148 14.7708435059 0.0000000000 0.0000000000 90.2841567993 63.4231643677 -0.9932024479
140.1411132812 14.8052692413 0.0000000000 0.0000000000 90.7342605591 64.8521270752 -0.9945281148
139.5823822021 14.8399658203 0.0000000000 0.0000000000 90.8223342896 64.6411285400 -0.9962213039
140.0424041748 14.8744449615 0.0000000000 0.0000000000 91.2597503662 65.8337020874 -0.9979604483
139.8353424072 14.9091558456 0.0000000000 0.0000000000 91.2771377563 65.1697692871 -0.9999440312
139.9591217041 14.9438161850 0.0000000000 0.0000000000 91.6067199707 70.2243270874 -1.0019776821
140.0327758789 14.9786005020 0.0000000000 0.0000000000 91.6770324707 71.9131088257 -1.0041339397
139.9636993408 15.0134315491 0.0000000000 0.0000000000 91.9168090820 78.6284637451 -1.0063731670
140.2043151855 15.0482091904 0.0000000000 0.0000000000 92.3174667358 84.3912658691 -1.0086467266
140.0626678467 15.0830936432 0.0000000000 0.0000000000 92.5924606323 93.4717025757 -1.0111113787
140.3650207520 15.1178827286 0.0000000000 0.0000000000 92.8213882446 96.9841918945 -1.0137476921
140.2871551514 15.1527633667 0.0000000000 0.0000000000 92.7817840576 96.6500473022 -1.0169001818
140.5431976318 15.1874647141 0.0000000000 0.0000000000 92.7766494751 106.9427032471 -1.0198774338
140.5928649902 15.2221965790 0.0000000000 0.0000000000 92.8433914185 105.8295288086 -1.0233639479
140.7336425781 15.2566967010 0.0000000000 0.0000000000 93.0594863892 111.0781250000 -1.0270535946
140.9331512451 15.2912101746 0.0000000000 0.0000000000 93.1253204346 110.3168029785 -1.0309374332
140.9655761719 15.3256750107 0.0000000000 0.0000000000 93.4125366211 110.7487945557 -1.0350229740
141.2873992920 15.3600978851 0.0000000000 0.0000000000 93.6970138550 113.5242843628 -1.0392768383
141.1959533691 15.3944826126 0.0000000000 0.0000000000 94.0048522949 112.7814712524 -1.0436924696
141.6414337158 15.4287567139 0.0000000000 0.0000000000 94.5635070801 110.0010070801 -1.0481934547
141.5343017578 15.4629421234 0.0000000000 0.0000000000 94.6432571411 105.3901977539 -1.0527346134
142.0229949951 15.4967699051 0.0000000000 0.0000000000 95.0778732300 104.6898574829 -1.0566921234
142.0299224854 15.5305404663 0.0000000000 0.0000000000 95.2212982178 103.2585830688 -1.0611172915
142.2984008789 15.5638418198 0.0000000000 0.0000000000 96.1325531006 101.1981658936 -1.0649553537
142.6730651855 15.5970726013 0.0000000000 0.0000000000 95.9991302490 95.4346466064 -1.0691190958
142.4013977051 15.6293449402 0.0000000000 0.0000000000 96.8412475586 105.0507507324 -1.0724642277
143.3982543945 15.6616086960 0.0000000000 0.0000000000 96.4479370117 95.8915557861 -1.0758225918
142.5412750244 15.6929292679 0.0000000000 0.0000000000 96.9192352295 132.7860870361 -1.0808832645
143.5583038330 15.7243213654 0.0000000000 0.0000000000 96.6001434326 117.5584564209 -1.0858451128
143.2587280273 15.7554082870 0.0000000000 0.0000000000 96.5146560669 138.7713775635 -1.0886535645
143.3354949951 15.7860774994 0.0000000000 0.0000000000 96.7904968262 173.7665100098 -1.0894051790
143.6827392578 15.8167543411 0.0000000000 0.0000000000 96.3960952759 117.3609161377 -1.0927425623
143.6114807129 15.8467826843 0.0000000000 0.0000000000 96.2499465942 345.3896484375 -1.0964356661
143.5305786133 15.8766641617 0.0000000000 0.0000000000 95.9579925537 181.3323059082 -1.0974497795
143.8259582520 15.9063987732 0.0000000000 0.0000000000 95.5135192871 162.3200836182 -1.0962092876
143.5667877197 15.9355363846 0.0000000000 0.0000000000 95.7474594116 421.5935974121 -1.0985333920
143.4475860596 15.9646883011 0.0000000000 0.0000000000 95.5331726074 211.8267517090 -1.1015721560
143.8043212891 15.9935140610 0.0000000000 0.0000000000 95.5023193359 203.9596252441 -1.1013681889
143.1096191406 16.0220031738 0.0000000000 0.0000000000 95.4822463989 401.7774047852 -1.0998554230
143.4800109863 16.0504455566 0.0000000000 0.0000000000 95.1224899292 221.0419921875 -1.1010283232
143.3429718018 16.0785732269 0.0000000000 0.0000000000 94.9740982056 267.4468383789 -1.1014132500
142.8484191895 16.1065387726 0.0000000000 0.0000000000 95.0525207520 299.6402282715 -1.1003190279
143.2829589844 16.1344718933 0.0000000000 0.0000000000 94.8945312500 211.0335540771 -1.1000202894
142.7122955322 16.1620769501 0.0000000000 0.0000000000 94.9585418701 385.1662902832 -1.0905941725
142.6839752197 16.1895999908 0.0000000000 0.0000000000 94.7577362061 241.2454528809 -1.0989177227
142.8896789551 16.2170085907 0.0000000000 0.0000000000 94.6202621460 219.1089630127 -1.0975108147
142.3075103760 16.2441978455 0.0000000000 0.0000000000 94.4414749146 379.8823852539 -1.0962868929
142.8760681152 16.2713451385 0.0000000000 0.0000000000 94.1787643433 241.2460174561 -1.0956677198
142.5955200195 16.2983360291 0.0000000000 0.0000000000 94.0001296997 275.6757507324 -1.0940746069
142.5337371826 16.3250617981 0.0000000000 0.0000000000 93.9800109863 281.9590454102 -1.0930943489
142.8017272949 16.3517570496 0.0000000000 0.0000000000 93.9435348511 223.4994049072 -1.0916650295
142.4812774658 16.3781929016 0.0000000000 0.0000000000 94.1648788452 327.4500122070 -1.0905717611
142.6672515869 16.4046115875 0.0000000000 0.0000000000 94.1500244141 236.0350189209 -1.0894788504
142.7496490479 16.4309177399 0.0000000000 0.0000000000 94.1518859863 223.6346130371 -1.0879726410
142.5220947266 16.4570140839 0.0000000000 0.0000000000 94.1686401367 288.0911865234 -1.0855579376
142.6235656738 16.4830360413 0.0000000000 0.0000000000 94.1406936646 222.3725128174 -1.0852245092
142.6289367676 16.5088233948 0.0000000000 0.0000000000 94.1609420776 241.6262817383 -1.0840264559
142.1528015137 16.5345478058 0.0000000000 0.0000000000 94.2514572144 217.8250732422 -1.0825926065
142.5811767578 16.5601329803 0.0000000000 0.0000000000 94.4203033447 203.7319793701 -1.0813264847
142.1315002441 16.5854701996 0.0000000000 0.0000000000 94.4991912842 216.2489318848 -1.0803546906
142.0774688721 16.6106796265 0.0000000000 0.0000000000 94.5867004395 184.2853851318 -1.0794861317
142.3020172119 16.6357898712 0.0000000000 0.0000000000 94.7030258179 177.8271636963 -1.0776069164
141.7457885742 16.6607494354 0.0000000000 0.0000000000 94.6709060669 183.3067016602 -1.0762482882
142.0249481201 16.6855697632 0.0000000000 0.0000000000 94.7452011108 161.2805786133 -1.0750726461
141.8514862061 16.7102012634 0.0000000000 0.0000000000 94.8027496338 157.8697662354 -1.0706462860
141.6981811523 16.7345542908 0.0000000000 0.0000000000 95.0685501099 154.5117034912 -1.0694751740
141.7619628906 16.7588462830 0.0000000000 0.0000000000 95.3209609985 138.3445129395 -1.0711913109
141.7574310303 16.7830276489 0.0000000000 0.0000000000 95.4078445435 135.2726440430 -1.0700635910
141.4013366699 16.8071002960 0.0000000000 0.0000000000 95.4261169434 125.3389282227 -1.0687879324
141.6576080322 16.8310661316 0.0000000000 0.0000000000 95.4662857056 116.2894515991 -1.0677348375
141.3616027832 16.8548774719 0.0000000000 0.0000000000 95.6396331787 114.5238952637 -1.0646005869
141.4019012451 16.8785362244 0.0000000000 0.0000000000 95.7906265259 106.2514801025 -1.0653817654
141.3974151611 16.9021625519 0.0000000000 0.0000000000 95.8930435181 98.6855468750 -1.0629197359
141.3772583008 16.9256629944 0.0000000000 0.0000000000 95.9833831787 98.5972671509 -1.0633758307
141.0775146484 16.9491577148 0.0000000000 0.0000000000 96.0484390259 91.1910095215 -1.0624524355
141.4401855469 16.9725513458 0.0000000000 0.0000000000 96.1494903564 90.5312881470 -1.0615137815
140.8132781982 16.9958496094 0.0000000000 0.0000000000 96.2992019653 91.3997039795 -1.0605164766
141.4058074951 17.0190143585 0.0000000000 0.0000000000 96.3236236572 87.3975677490 -1.0596491098
140.7254638672 17.0421314240 0.0000000000 0.0000000000 96.4203872681 85.2798614502 -1.0586589575
141.4477539062 17.0650367737 0.0000000000 0.0000000000 96.6484069824 83.7714691162 -1.0577949286
140.4292297363 17.0880641937 0.0000000000 0.0000000000 96.7374572754 78.3843994141 -1.0568286180
141.7012481689 17.1106071472 0.0000000000 0.0000000000 96.8852844238 77.4115142822 -1.0558164120
139.9249114990 17.1333484650 0.0000000000 0.0000000000 96.8467483521 74.3675003052 -1.0545833111
142.1033020020 17.1556224823 0.0000000000 0.0000000000 96.9667663574 73.3023300171 -1.0535392761
139.6030426025 17.1782093048 0.0000000000 0.0000000000 96.9917449951 71.5079040527 -1.0520550013
142.1812438965 17.2001914978 0.0000000000 0.0000000000 97.0329132080 71.9315948486 -1.0516808033
139.7390441895 17.2226123810 0.0000000000 0.0000000000 96.8680648804 67.5936660767 -1.0510522127
141.5102081299 17.2444019318 0.0000000000 0.0000000000 96.8069458008 68.2163848877 -1.0515544415
140.3859405518 17.2664279938 0.0000000000 0.0000000000 96.8230590820 65.8784255981 -1.0516265631
140.5224609375 17.2881584167 0.0000000000 0.0000000000 96.8524475098 65.5430679321 -1.0510947704
141.1729278564 17.3096923828 0.0000000000 0.0000000000 96.8194503784 67.0252151489 -1.0499382019
139.8624267578 17.3313236237 0.0000000000 0.0000000000 96.7908554077 67.4852066040 -1.0486450195
141.3471069336 17.3524379730 0.0000000000 0.0000000000 96.8177642822 70.1432037354 -1.0481261015
139.9004821777 17.3738059998 0.0000000000 0.0000000000 96.7783203125 71.6133651733 -1.0478039980
140.7056884766 17.3948230743 0.0000000000 0.0000000000 96.8539047241 74.1994018555 -1.0476175547
140.5472259521 17.4158897400 0.0000000000 0.0000000000 96.8962631226 75.0765457153 -1.0469532013
139.9285125732 17.4369506836 0.0000000000 0.0000000000 96.9009170532 75.0826721191 -1.0459141731
140.9656982422 17.4577484131 0.0000000000 0.0000000000 96.8971862793 73.5982360840 -1.0449528694
139.6768798828 17.4787750244 0.0000000000 0.0000000000 96.7877197266 70.7516479492 -1.0441710949
140.5835571289 17.4995021820 0.0000000000 0.0000000000 96.7258529663 67.6944046021 -1.0437082052
140.0205535889 17.5203914642 0.0000000000 0.0000000000 96.5673217773 64.3581390381 -1.0431222916
139.8773193359 17.5412006378 0.0000000000 0.0000000000 96.4144210815 61.8684883118 -1.0423254967
140.3861846924 17.5619258881 0.0000000000 0.0000000000 96.2681655884 61.2482452393 -1.0405392647
139.5098266602 17.5827674866 0.0000000000 0.0000000000 96.1127395630 62.0785179138 -1.0404361486
140.2665405273 17.6033630371 0.0000000000 0.0000000000 95.9877777100 64.0360717773 -1.0377303362
139.6083831787 17.6241283417 0.0000000000 0.0000000000 95.8745193481 65.6928939819 -1.0390374660
139.8384246826 17.6447162628 0.0000000000 0.0000000000 95.7873611450 66.6031875610 -1.0385030508
139.8517608643 17.6652488708 0.0000000000 0.0000000000 95.7449111938 67.6599197388 -1.0376287699
139.5182037354 17.6857814789 0.0000000000 0.0000000000 95.7038726807 69.6889266968 -1.0367522240
139.9961395264 17.7061347961 0.0000000000 0.0000000000 95.7388000488 72.9644241333 -1.0358797312
139.4111022949 17.7266273499 0.0000000000 0.0000000000 95.6978683472 76.6829528809 -1.0350130796
139.9383850098 17.7468852997 0.0000000000 0.0000000000 95.7179260254 79.5042572021 -1.0342458487
139.5067138672 17.7672500610 0.0000000000 0.0000000000 95.6739196777 81.5697326660 -1.0334403515
139.6901245117 17.7875137329 0.0000000000 0.0000000000 95.6608657837 83.1508941650 -1.0326017141
