#         rmsthk      stdthk       rmsvel       stdvel       rmsdiv       stddiv       rmsusurf       stdusurf
0.0000000000 0.0000000000 -24.8255233765 140.4467163086 0.0000000000 0.0000000000 0.0000000000 0.0000000000
0.0215055943 0.4513641000 -26.4087924957 138.8717651367 0.0000000000 0.0000000000 0.0000000000 0.0000000000
0.0444370098 0.9053245783 -27.2847290039 138.1142120361 0.0000000000 0.0000000000 0.0000000000 0.0000000000
0.0671420991 1.3538237810 -27.8294734955 137.6611175537 0.0000000000 0.0000000000 0.0000000000 0.0000000000
0.0898094997 1.7909551859 -28.1755542755 137.3564910889 0.0000000000 0.0000000000 0.0000000000 0.0000000000
0.1123236120 2.2164170742 -28.4070091248 137.1535339355 0.0000000000 0.0000000000 0.0000000000 0.0000000000
0.1345836967 2.6314363480 -28.5760822296 137.0202178955 0.0000000000 0.0000000000 0.0000000000 0.0000000000
0.1567112356 3.0370392799 -28.6906738281 136.9332733154 0.0000000000 0.0000000000 0.0000000000 0.0000000000
0.1786537915 3.4343035221 -28.7583656311 136.8771972656 0.0000000000 0.0000000000 0.0000000000 0.0000000000
0.2006112784 3.8241202831 -28.8184680939 136.8392181396 0.0000000000 0.0000000000 0.0000000000 0.0000000000
0.2226918340 4.2076387405 -28.8720626831 136.8113250732 0.0000000000 0.0000000000 0.0000000000 0.0000000000
0.2449443936 4.5855841637 -28.8987998962 136.7933044434 0.0000000000 0.0000000000 0.0000000000 0.0000000000
0.2674049735 4.9583625793 -28.8953094482 136.7838745117 0.0000000000 0.0000000000 0.0000000000 0.0000000000
0.2900861204 5.3264169693 -28.8626537323 136.7819519043 0.0000000000 0.0000000000 0.0000000000 0.0000000000
0.3129503429 5.6899356842 -28.8058948517 136.7853393555 0.0000000000 0.0000000000 0.0000000000 0.0000000000
0.3361318409 6.0491919518 -28.7354240417 136.7913055420 0.0000000000 0.0000000000 0.0000000000 0.0000000000
0.3597159684 6.4043192863 -28.6470050812 136.7996673584 0.0000000000 0.0000000000 0.0000000000 0.0000000000
0.3837498426 6.7555036545 -28.5352840424 136.8106231689 0.0000000000 0.0000000000 0.0000000000 0.0000000000
0.4081947803 7.1028218269 -28.3916625977 136.8249969482 0.0000000000 0.0000000000 0.0000000000 0.0000000000
0.4330055714 7.4463453293 -28.2103214264 136.8433685303 0.0000000000 0.0000000000 0.0000000000 0.0000000000
0.4580631852 7.7861537933 -27.9821739197 136.8674011230 0.0000000000 0.0000000000 0.0000000000 0.0000000000
0.4833073616 8.1223440170 -27.6995449066 136.8981781006 0.0000000000 0.0000000000 0.0000000000 0.0000000000
0.5086725354 8.4549608231 -27.3737926483 136.9339904785 0.0000000000 0.0000000000 0.0000000000 0.0000000000
0.5341238379 8.7840852737 -27.0119247437 136.9737091064 0.0000000000 0.0000000000 0.0000000000 0.0000000000
0.5597175360 9.1098175049 -26.6321468353 137.0131225586 0.0000000000 0.0000000000 0.0000000000 0.0000000000
0.5855411887 9.4322061539 -26.2419242859 137.0502471924 0.0000000000 0.0000000000 0.0000000000 0.0000000000
0.6116624475 9.7513637543 -25.8394565582 137.0855560303 0.0000000000 0.0000000000 0.0000000000 0.0000000000
0.6381109953 10.0674247742 -25.4294719696 137.1184997559 0.0000000000 0.0000000000 0.0000000000 0.0000000000
0.6648875475 10.3805866241 -25.0151996613 137.1490936279 0.0000000000 0.0000000000 0.0000000000 0.0000000000
0.6919958591 10.6909914017 -24.5937557220 137.1777954102 0.0000000000 0.0000000000 0.0000000000 0.0000000000
0.7193901539 10.9988031387 -24.1611156464 137.2052307129 0.0000000000 0.0000000000 0.0000000000 0.0000000000
0.7471492290 11.3042230606 -23.7181816101 137.2314453125 0.0000000000 0.0000000000 0.0000000000 0.0000000000
0.7754421234 11.6074943542 -23.2669334412 137.2563018799 0.0000000000 0.0000000000 0.0000000000 0.0000000000
0.8044499159 11.9088544846 -22.8099880219 137.2794342041 0.0000000000 0.0000000000 0.0000000000 0.0000000000
0.8343691826 12.2084760666 -22.3507137299 137.3004455566 0.0000000000 0.0000000000 0.0000000000 0.0000000000
0.8653352261 12.5065383911 -21.8933925629 137.3191375732 0.0000000000 0.0000000000 0.0000000000 0.0000000000
0.8974536657 12.8031558990 -21.4332084656 137.3360137939 0.0000000000 0.0000000000 0.0000000000 0.0000000000
0.9307543635 13.0984745026 -20.9691696167 137.3510131836 0.0000000000 0.0000000000 0.0000000000 0.0000000000
0.9652908444 13.3925895691 -20.5011081696 137.3639984131 0.0000000000 0.0000000000 0.0000000000 0.0000000000
1.0010467768 13.6856155396 -20.0290718079 137.3748626709 0.0000000000 0.0000000000 0.0000000000 0.0000000000
1.0380471945 13.9776115417 -19.5513591766 137.3834686279 0.0000000000 0.0000000000 0.0000000000 0.0000000000
1.0763158798 14.2686195374 -19.0664672852 137.3899841309 0.0000000000 0.0000000000 0.0000000000 0.0000000000
1.1159013510 14.5586566925 -18.5740051270 137.3937530518 0.0000000000 0.0000000000 0.0000000000 0.0000000000
1.1568611860 14.8477516174 -18.0729084015 137.3947601318 0.0000000000 0.0000000000 0.0000000000 0.0000000000
1.1992245913 15.1359386444 -17.5631294250 137.3927154541 0.0000000000 0.0000000000 0.0000000000 0.0000000000
1.2430180311 15.4232301712 -17.0454406738 137.3868103027 0.0000000000 0.0000000000 0.0000000000 0.0000000000
1.2882766724 15.7096214294 -16.5202217102 137.3766937256 0.0000000000 0.0000000000 0.0000000000 0.0000000000
1.3350278139 15.9951181412 -15.9867048264 137.3621673584 0.0000000000 0.0000000000 0.0000000000 0.0000000000
1.3833252192 16.2797031403 -15.4452104568 137.3427124023 0.0000000000 0.0000000000 0.0000000000 0.0000000000
1.4332224131 16.5633621216 -14.8971767426 137.3181457520 0.0000000000 0.0000000000 0.0000000000 0.0000000000
1.4847593307 16.8461017609 -14.3428287506 137.2877655029 0.0000000000 0.0000000000 0.0000000000 0.0000000000
1.5379955769 17.1279220581 -13.7819900513 137.2508087158 0.0000000000 0.0000000000 0.0000000000 0.0000000000
1.5929056406 17.4088077545 -13.2136039734 137.2066497803 0.0000000000 0.0000000000 0.0000000000 0.0000000000
1.6494305134 17.6887359619 -12.6364336014 137.1562042236 0.0000000000 0.0000000000 0.0000000000 0.0000000000
1.7074611187 17.9676418304 -12.0496759415 137.0998687744 0.0000000000 0.0000000000 0.0000000000 0.0000000000
1.7668166161 18.2455101013 -11.4535999298 137.0382843018 0.0000000000 0.0000000000 0.0000000000 0.0000000000
1.8274216652 18.5221977234 -10.8489694595 136.9710998535 0.0000000000 0.0000000000 0.0000000000 0.0000000000
1.8891962767 18.7976608276 -10.2343626022 136.8985290527 0.0000000000 0.0000000000 0.0000000000 0.0000000000
1.9519791603 19.0717678070 -9.6052427292 136.8200531006 0.0000000000 0.0000000000 0.0000000000 0.0000000000
2.0157060623 19.3443737030 -8.9556503296 136.7368164062 0.0000000000 0.0000000000 0.0000000000 0.0000000000
2.0801925659 19.6153850555 -8.2857379913 136.6499633789 0.0000000000 0.0000000000 0.0000000000 0.0000000000
2.1453425884 19.8847789764 -7.5997762680 136.5595092773 0.0000000000 0.0000000000 0.0000000000 0.0000000000
2.2110652924 20.1525936127 -6.9003686905 136.4650878906 0.0000000000 0.0000000000 0.0000000000 0.0000000000
2.2774024010 20.4188499451 -6.1856417656 136.3656311035 0.0000000000 0.0000000000 0.0000000000 0.0000000000
2.3443846703 20.6835975647 -5.4516339302 136.2601776123 0.0000000000 0.0000000000 0.0000000000 0.0000000000
2.4120905399 20.9468975067 -4.6933288574 136.1484832764 0.0000000000 0.0000000000 0.0000000000 0.0000000000
2.4806165695 21.2087650299 -3.9060323238 136.0287628174 0.0000000000 0.0000000000 0.0000000000 0.0000000000
2.5500943661 21.4692268372 -3.0814387798 135.8999481201 0.0000000000 0.0000000000 0.0000000000 0.0000000000
2.6207318306 21.7283172607 -2.2111904621 135.7620849609 0.0000000000 0.0000000000 0.0000000000 0.0000000000
2.6929368973 21.9859962463 -1.2927733660 135.6161651611 0.0000000000 0.0000000000 0.0000000000 0.0000000000
2.7671589851 22.2421855927 -0.3271389604 135.4629364014 0.0000000000 0.0000000000 0.0000000000 0.0000000000
2.8439509869 22.4968566895 0.6897313595 135.3020477295 0.0000000000 0.0000000000 0.0000000000 0.0000000000
2.9240927696 22.7500724792 1.7605170012 135.1361846924 0.0000000000 0.0000000000 0.0000000000 0.0000000000
3.0085198879 23.0018405914 2.8873474598 134.9638366699 0.0000000000 0.0000000000 0.0000000000 0.0000000000
3.0981304646 23.2520771027 4.0892605782 134.7831115723 0.0000000000 0.0000000000 0.0000000000 0.0000000000
3.1941962242 23.5008506775 5.4000902176 134.5908966064 0.0000000000 0.0000000000 0.0000000000 0.0000000000
3.2981474400 23.7481822968 6.8674860001 134.3906860352 0.0000000000 0.0000000000 0.0000000000 0.0000000000
3.4119641781 23.9942474365 8.5702295303 134.1892089844 0.0000000000 0.0000000000 0.0000000000 0.0000000000
3.5379154682 24.2394561768 10.5301065445 133.9957885742 0.0000000000 0.0000000000 0.0000000000 0.0000000000
3.6789140701 24.4844875336 12.7694396973 133.8227233887 0.0000000000 0.0000000000 0.0000000000 0.0000000000
3.8379633427 24.7301597595 15.2881097794 133.6690673828 0.0000000000 0.0000000000 0.0000000000 0.0000000000
4.0177984238 24.9770164490 18.0708656311 133.5236358643 0.0000000000 0.0000000000 0.0000000000 0.0000000000
4.2222981453 25.2256565094 20.9855403900 133.3879394531 0.0000000000 0.0000000000 0.0000000000 0.0000000000
4.4542565346 25.4767551422 23.8610458374 133.2654571533 0.0000000000 0.0000000000 0.0000000000 0.0000000000
4.7163209915 25.7308120728 26.5459327698 133.1568603516 0.0000000000 0.0000000000 0.0000000000 0.0000000000
5.0084509850 25.9881992340 29.0954341888 133.0368194580 0.0000000000 0.0000000000 0.0000000000 0.0000000000
5.3294572830 26.2494258881 31.5111885071 132.9034271240 0.0000000000 0.0000000000 0.0000000000 0.0000000000
5.6770720482 26.5149078369 33.8758888245 132.7362213135 0.0000000000 0.0000000000 0.0000000000 0.0000000000
6.0487341881 26.7850246429 36.0159797668 132.5354461670 0.0000000000 0.0000000000 0.0000000000 0.0000000000
6.4404320717 27.0599861145 37.8489875793 132.2786407471 0.0000000000 0.0000000000 0.0000000000 0.0000000000
6.8450164795 27.3391628265 38.6248283386 132.0109405518 0.0000000000 0.0000000000 0.0000000000 0.0000000000
7.2517218590 27.6228981018 38.8901672363 131.6708068848 0.0000000000 0.0000000000 0.0000000000 0.0000000000
7.6526412964 27.9108448029 39.3483467102 131.2734069824 0.0000000000 0.0000000000 0.0000000000 0.0000000000
8.0452032089 28.2027912140 39.7664756775 130.8973846436 0.0000000000 0.0000000000 0.0000000000 0.0000000000
8.4295043945 28.4992656708 39.5798683167 130.5525970459 0.0000000000 0.0000000000 0.0000000000 0.0000000000
8.8056545258 28.7998065948 40.0831451416 130.1725311279 0.0000000000 0.0000000000 0.0000000000 0.0000000000
9.1721773148 29.1037883759 40.8858528137 129.8135833740 0.0000000000 0.0000000000 0.0000000000 0.0000000000
9.5260095596 29.4100837708 39.4055442810 129.3460693359 0.0000000000 0.0000000000 0.0000000000 0.0000000000
9.8628578186 29.7166595459 38.2377357483 128.8633575439 0.0000000000 0.0000000000 0.0000000000 0.0000000000
10.1777210236 30.0217647552 36.9539871216 128.3427886963 0.0000000000 0.0000000000 0.0000000000 0.0000000000
