#         COST_U        COST_H      COST_D       COST_S       REGU_H       REGU_S          HPO           COSTGLEN 
299.1395263672 0.0000000000 0.0000000000 0.0000000000 142.9513549805 0.0000000000 1.8559472561
294.9621582031 0.0005880512 0.0000000000 0.0000000000 140.1000061035 2820.2792968750 1.3000850677
293.4418029785 0.0023540759 0.0000000000 0.0000000000 138.2036743164 38152.6796875000 0.9797731638
292.2567443848 0.0052165226 0.0000000000 0.0000000000 136.6818542480 29465.6230468750 0.7270136476
291.2768554688 0.0091507612 0.0000000000 0.0000000000 135.8654022217 24089.1152343750 0.5311728120
290.5111999512 0.0140489042 0.0000000000 0.0000000000 135.3634948730 19179.9453125000 0.3669941127
289.9099731445 0.0198296849 0.0000000000 0.0000000000 135.1635894775 17747.6816406250 0.2372102886
289.4196777344 0.0264361948 0.0000000000 0.0000000000 135.2248840332 16649.4921875000 0.1361772567
289.0029907227 0.0338352285 0.0000000000 0.0000000000 135.5392456055 14860.3535156250 0.0559810475
288.6109924316 0.0420089737 0.0000000000 0.0000000000 136.0964813232 13067.9707031250 -0.0142002329
288.2335205078 0.0509474091 0.0000000000 0.0000000000 136.6098175049 11378.9033203125 -0.0775865167
287.8747253418 0.0606434159 0.0000000000 0.0000000000 137.5123138428 10068.1191406250 -0.1369069070
287.5430603027 0.0710848868 0.0000000000 0.0000000000 138.1441192627 9050.8808593750 -0.1933012307
287.2524108887 0.0822741613 0.0000000000 0.0000000000 138.4915618896 8169.0888671875 -0.2443236113
287.0150756836 0.0942033678 0.0000000000 0.0000000000 138.8025207520 7329.6396484375 -0.2882562578
286.8373413086 0.1068663448 0.0000000000 0.0000000000 138.5747528076 6535.4077148438 -0.3270398676
286.7179260254 0.1202470735 0.0000000000 0.0000000000 138.0576934814 5876.3632812500 -0.3614547253
286.6647338867 0.1343213469 0.0000000000 0.0000000000 137.4687957764 5362.5747070312 -0.3915333450
286.6693115234 0.1490537524 0.0000000000 0.0000000000 136.7891845703 4829.1953125000 -0.4168963134
286.7167358398 0.1644149721 0.0000000000 0.0000000000 136.1534271240 4269.2924804688 -0.4389415383
286.7946777344 0.1803641021 0.0000000000 0.0000000000 135.9112548828 3799.8657226562 -0.4584133625
286.8860473633 0.1968461573 0.0000000000 0.0000000000 135.3443298340 3448.7866210938 -0.4754046500
286.9654235840 0.2138036340 0.0000000000 0.0000000000 135.1133575439 3221.6953125000 -0.4914992750
287.0277709961 0.2311976850 0.0000000000 0.0000000000 134.9333953857 3034.7878417969 -0.5073766112
287.0610351562 0.2489851117 0.0000000000 0.0000000000 135.0308227539 2882.5505371094 -0.5231984258
287.0420532227 0.2671262622 0.0000000000 0.0000000000 135.0753479004 2753.0971679688 -0.5397735834
286.9646606445 0.2855848670 0.0000000000 0.0000000000 135.1937713623 2609.2849121094 -0.5569857359
286.8239746094 0.3043374419 0.0000000000 0.0000000000 135.1404571533 2443.8063964844 -0.5746523142
286.6271972656 0.3233890533 0.0000000000 0.0000000000 135.2085418701 2284.3017578125 -0.5928728580
286.3940124512 0.3427698612 0.0000000000 0.0000000000 135.0213775635 2116.7333984375 -0.6113060117
286.1473693848 0.3625142276 0.0000000000 0.0000000000 134.7895355225 1920.7523193359 -0.6290611625
285.9027709961 0.3826498091 0.0000000000 0.0000000000 134.5616607666 1741.8450927734 -0.6457765698
285.6696472168 0.4032107890 0.0000000000 0.0000000000 134.3162689209 1593.1665039062 -0.6615825295
285.4544677734 0.4242256880 0.0000000000 0.0000000000 134.0561065674 1452.1929931641 -0.6766323447
285.2705688477 0.4457219839 0.0000000000 0.0000000000 133.8332366943 1307.9395751953 -0.6908093691
285.1289062500 0.4677160978 0.0000000000 0.0000000000 133.6733551025 1180.1290283203 -0.7043548226
285.0398254395 0.4902130365 0.0000000000 0.0000000000 133.6100616455 1071.4517822266 -0.7176623940
285.0073547363 0.5132015944 0.0000000000 0.0000000000 133.5583190918 972.2299804688 -0.7307794690
285.0340881348 0.5366740823 0.0000000000 0.0000000000 133.6318969727 882.0639038086 -0.7433890700
285.1141662598 0.5606038570 0.0000000000 0.0000000000 133.7618560791 801.4190063477 -0.7553479075
285.2400207520 0.5849642754 0.0000000000 0.0000000000 133.9547729492 724.5244750977 -0.7666130066
285.3894958496 0.6097365022 0.0000000000 0.0000000000 134.2280426025 656.4520874023 -0.7773643136
285.5336914062 0.6349005103 0.0000000000 0.0000000000 134.4364624023 599.6150512695 -0.7879232168
285.6447448730 0.6604440808 0.0000000000 0.0000000000 134.5648040771 545.7330932617 -0.7985911369
285.6989440918 0.6863652468 0.0000000000 0.0000000000 134.6114196777 490.9458007812 -0.8095932007
285.6916809082 0.7126597166 0.0000000000 0.0000000000 134.5877227783 442.8536071777 -0.8209107518
285.6388549805 0.7393189669 0.0000000000 0.0000000000 134.3889923096 404.5364074707 -0.8321735263
285.5664978027 0.7663258314 0.0000000000 0.0000000000 134.3145599365 368.2464599609 -0.8431210518
285.4993286133 0.7936648130 0.0000000000 0.0000000000 134.2764434814 334.3175659180 -0.8536313772
285.4525451660 0.8213235736 0.0000000000 0.0000000000 134.3179473877 301.7805786133 -0.8638821840
285.4330444336 0.8492820263 0.0000000000 0.0000000000 134.4155731201 272.1677246094 -0.8740578294
285.4515075684 0.8775205612 0.0000000000 0.0000000000 134.6106109619 248.9692382812 -0.8841977715
285.5086669922 0.9060395956 0.0000000000 0.0000000000 134.6507263184 227.4218750000 -0.8944001794
285.6028747559 0.9348179102 0.0000000000 0.0000000000 134.7657928467 204.8719482422 -0.9044697881
285.7266845703 0.9638543725 0.0000000000 0.0000000000 134.9150390625 185.9136352539 -0.9142023325
285.8694763184 0.9931493998 0.0000000000 0.0000000000 135.1750030518 169.7123107910 -0.9234496951
286.0202941895 1.0227073431 0.0000000000 0.0000000000 135.4177246094 154.1373901367 -0.9320700765
286.1623840332 1.0525294542 0.0000000000 0.0000000000 135.5785980225 139.4164581299 -0.9399134517
286.2944030762 1.0826021433 0.0000000000 0.0000000000 135.6379089355 126.5472106934 -0.9470723867
286.4221801758 1.1129170656 0.0000000000 0.0000000000 135.7155151367 115.1163482666 -0.9537661076
286.5586853027 1.1434515715 0.0000000000 0.0000000000 135.6488647461 104.8181457520 -0.9601618052
286.7233886719 1.1742208004 0.0000000000 0.0000000000 135.4580688477 95.2569732666 -0.9664712548
286.9321594238 1.2052330971 0.0000000000 0.0000000000 135.1373138428 86.3788375854 -0.9726791978
287.1877746582 1.2364976406 0.0000000000 0.0000000000 134.7318878174 78.2529373169 -0.9786074162
287.4792175293 1.2680310011 0.0000000000 0.0000000000 134.2764587402 71.5334167480 -0.9841763973
287.7838439941 1.2998279333 0.0000000000 0.0000000000 133.7978057861 65.2511367798 -0.9893367290
288.0697021484 1.3318775892 0.0000000000 0.0000000000 133.4421386719 59.1441726685 -0.9941918850
288.3138427734 1.3641624451 0.0000000000 0.0000000000 133.0875854492 54.4138946533 -0.9988554120
288.5162658691 1.3966697454 0.0000000000 0.0000000000 132.8108062744 49.6641464233 -1.0034657717
288.7047424316 1.4293938875 0.0000000000 0.0000000000 132.6004333496 45.1162605286 -1.0080564022
288.9174194336 1.4623270035 0.0000000000 0.0000000000 132.4028472900 41.2650070190 -1.0125857592
289.1783752441 1.4954642057 0.0000000000 0.0000000000 132.2627258301 37.9194335938 -1.0170315504
289.4866333008 1.5288254023 0.0000000000 0.0000000000 132.1492614746 35.4717636108 -1.0214154720
289.8264160156 1.5624144077 0.0000000000 0.0000000000 132.0794677734 32.7863349915 -1.0256986618
290.1556396484 1.5962312222 0.0000000000 0.0000000000 131.9843750000 30.2403755188 -1.0298843384
290.4419555664 1.6302709579 0.0000000000 0.0000000000 131.8787841797 27.9797306061 -1.0340425968
290.6752624512 1.6645258665 0.0000000000 0.0000000000 131.7373657227 25.3350639343 -1.0381457806
290.8728942871 1.6989800930 0.0000000000 0.0000000000 131.6077728271 22.8311481476 -1.0421220064
291.0743103027 1.7336446047 0.0000000000 0.0000000000 131.4643707275 21.5534801483 -1.0459638834
291.3224182129 1.7685002089 0.0000000000 0.0000000000 131.3576660156 20.8636074066 -1.0497127771
291.6401672363 1.8035377264 0.0000000000 0.0000000000 131.2919311523 20.2893714905 -1.0533552170
292.0137023926 1.8387627602 0.0000000000 0.0000000000 131.2992248535 19.1624183655 -1.0570108891
292.4032897949 1.8741801977 0.0000000000 0.0000000000 131.2324981689 17.7088241577 -1.0605604649
292.7707519531 1.9098147154 0.0000000000 0.0000000000 131.1852111816 15.7832269669 -1.0640814304
293.0892944336 1.9456589222 0.0000000000 0.0000000000 131.1472473145 15.2153224945 -1.0676182508
293.3688049316 1.9817332029 0.0000000000 0.0000000000 131.1515655518 14.5505018234 -1.0710887909
293.6603088379 2.0180566311 0.0000000000 0.0000000000 131.1528015137 13.9379587173 -1.0743949413
294.0072326660 2.0546374321 0.0000000000 0.0000000000 131.1852722168 13.0289154053 -1.0774633884
294.4160156250 2.0914583206 0.0000000000 0.0000000000 131.2512817383 12.1851139069 -1.0803914070
294.8446350098 2.1285095215 0.0000000000 0.0000000000 131.3297119141 11.5596799850 -1.0831706524
295.2211914062 2.1657896042 0.0000000000 0.0000000000 131.4510040283 10.6800231934 -1.0857790709
295.5010681152 2.2033040524 0.0000000000 0.0000000000 131.5496063232 10.1607494354 -1.0881259441
295.7159423828 2.2410271168 0.0000000000 0.0000000000 131.6759338379 9.9370718002 -1.0902479887
295.9385681152 2.2789599895 0.0000000000 0.0000000000 131.8547973633 10.1731929779 -1.0923150778
296.2235412598 2.3170671463 0.0000000000 0.0000000000 132.0519409180 10.0435104370 -1.0941488743
296.5248413086 2.3553640842 0.0000000000 0.0000000000 132.2475280762 9.1982374191 -1.0958228111
296.7482299805 2.3938624859 0.0000000000 0.0000000000 132.4609985352 8.4146308899 -1.0975946188
296.8250732422 2.4325635433 0.0000000000 0.0000000000 132.6055603027 8.2770729065 -1.0993976593
296.7843322754 2.4714369774 0.0000000000 0.0000000000 132.7606964111 8.2183761597 -1.1009190083
296.7241516113 2.5105142593 0.0000000000 0.0000000000 132.9561309814 7.7894778252 -1.1024516821
296.7362365723 2.5497539043 0.0000000000 0.0000000000 133.1658935547 8.0437278748 -1.1038759947
296.8131408691 2.5891675949 0.0000000000 0.0000000000 133.3701934814 8.2415456772 -1.1051150560
296.8878784180 2.6287622452 0.0000000000 0.0000000000 133.5890655518 7.6561622620 -1.1061633825
296.8744201660 2.6685216427 0.0000000000 0.0000000000 133.7929840088 8.0127096176 -1.1072281599
296.7877807617 2.7084250450 0.0000000000 0.0000000000 133.9399871826 9.0510387421 -1.1082438231
296.7069702148 2.7484433651 0.0000000000 0.0000000000 134.0597381592 9.6212749481 -1.1092331409
296.7065429688 2.7885556221 0.0000000000 0.0000000000 134.2146453857 10.7738151550 -1.1103572845
296.7916870117 2.8287444115 0.0000000000 0.0000000000 134.3662414551 9.9163761139 -1.1115427017
296.8802490234 2.8689944744 0.0000000000 0.0000000000 134.5072326660 8.6354789734 -1.1127275229
296.8848571777 2.9093036652 0.0000000000 0.0000000000 134.6448669434 9.7092561722 -1.1138055325
296.7903137207 2.9496719837 0.0000000000 0.0000000000 134.7471618652 12.2324953079 -1.1148465872
296.6958312988 2.9900615215 0.0000000000 0.0000000000 134.8735198975 12.9747266769 -1.1157786846
296.6730957031 3.0304703712 0.0000000000 0.0000000000 134.9317169189 9.5929632187 -1.1165153980
296.6684265137 3.0708947182 0.0000000000 0.0000000000 134.9839935303 10.1676616669 -1.1171935797
296.5851745605 3.1113352776 0.0000000000 0.0000000000 135.0039520264 9.7919654846 -1.1177879572
296.3864135742 3.1518025398 0.0000000000 0.0000000000 135.0643615723 9.8370418549 -1.1183383465
296.1387634277 3.1922886372 0.0000000000 0.0000000000 135.1552276611 11.2059259415 -1.1189047098
295.9392089844 3.2328071594 0.0000000000 0.0000000000 135.1926574707 11.2326364517 -1.1194357872
295.8169860840 3.2733690739 0.0000000000 0.0000000000 135.2724761963 10.9364690781 -1.1199764013
295.7418518066 3.3139643669 0.0000000000 0.0000000000 135.3871154785 9.6376018524 -1.1203597784
295.6374206543 3.3546185493 0.0000000000 0.0000000000 135.4550323486 9.6029987335 -1.1211004257
295.5078735352 3.3953301907 0.0000000000 0.0000000000 135.5301971436 8.2233934402 -1.1218055487
295.3914184570 3.4360888004 0.0000000000 0.0000000000 135.6392211914 7.3527188301 -1.1224992275
295.3385009766 3.4768781662 0.0000000000 0.0000000000 135.7126922607 8.5813236237 -1.1230913401
295.3440551758 3.5177097321 0.0000000000 0.0000000000 135.8014831543 9.7395324707 -1.1236956120
295.3672790527 3.5585789680 0.0000000000 0.0000000000 135.8903503418 10.0590658188 -1.1245018244
295.3867187500 3.5994842052 0.0000000000 0.0000000000 135.9415283203 9.5536613464 -1.1253342628
295.4022521973 3.6404216290 0.0000000000 0.0000000000 136.0004577637 8.4234771729 -1.1261711121
295.4191894531 3.6813862324 0.0000000000 0.0000000000 136.0563354492 8.9601879120 -1.1268590689
295.4491882324 3.7223622799 0.0000000000 0.0000000000 136.1337738037 9.1566286087 -1.1274621487
295.4486389160 3.7633371353 0.0000000000 0.0000000000 136.1999816895 9.7046623230 -1.1282060146
295.4213562012 3.8042895794 0.0000000000 0.0000000000 136.2854919434 10.5852756500 -1.1290018559
295.3902893066 3.8452119827 0.0000000000 0.0000000000 136.3692321777 8.9527063370 -1.1298216581
295.3827819824 3.8860905170 0.0000000000 0.0000000000 136.4350891113 8.2473964691 -1.1306236982
295.3728942871 3.9269254208 0.0000000000 0.0000000000 136.5054321289 8.6952838898 -1.1313282251
295.3301086426 3.9676997662 0.0000000000 0.0000000000 136.5716094971 8.3555774689 -1.1320403814
295.2717590332 4.0084042549 0.0000000000 0.0000000000 136.6305541992 7.9698104858 -1.1328003407
295.2205200195 4.0490427017 0.0000000000 0.0000000000 136.6859588623 8.9250802994 -1.1336644888
295.2022705078 4.0895986557 0.0000000000 0.0000000000 136.7750549316 9.3390436172 -1.1345125437
295.1910705566 4.1300716400 0.0000000000 0.0000000000 136.8260192871 8.7518491745 -1.1353580952
295.1672973633 4.1704812050 0.0000000000 0.0000000000 136.8808135986 8.5668382645 -1.1362280846
295.1320190430 4.2108416557 0.0000000000 0.0000000000 136.9236907959 8.4580650330 -1.1370630264
295.1099853516 4.2511587143 0.0000000000 0.0000000000 136.9726257324 8.5117950439 -1.1379774809
295.0972900391 4.2914319038 0.0000000000 0.0000000000 137.0200805664 8.7004852295 -1.1389083862
295.0660400391 4.3316650391 0.0000000000 0.0000000000 137.0890502930 9.0960311890 -1.1397968531
295.0208129883 4.3718504906 0.0000000000 0.0000000000 137.1624908447 9.0486097336 -1.1407464743
294.9667358398 4.4119825363 0.0000000000 0.0000000000 137.1867218018 9.0490970612 -1.1417703629
294.9342651367 4.4520277977 0.0000000000 0.0000000000 137.2160491943 10.4366149902 -1.1426811218
294.9102172852 4.4919824600 0.0000000000 0.0000000000 137.2483673096 11.7823019028 -1.1436630487
294.8757629395 4.5318450928 0.0000000000 0.0000000000 137.2602386475 10.8340578079 -1.1446213722
294.8369750977 4.5715961456 0.0000000000 0.0000000000 137.2879180908 9.9017610550 -1.1456390619
294.8143310547 4.6112265587 0.0000000000 0.0000000000 137.3256225586 10.2544021606 -1.1466764212
294.8176574707 4.6507201195 0.0000000000 0.0000000000 137.3421173096 11.8336954117 -1.1476764679
294.8266906738 4.6900982857 0.0000000000 0.0000000000 137.3869934082 12.2259721756 -1.1488111019
294.8294982910 4.7293419838 0.0000000000 0.0000000000 137.4277343750 12.2336854935 -1.1498361826
294.8126831055 4.7684612274 0.0000000000 0.0000000000 137.4170532227 13.4648609161 -1.1509544849
294.8016967773 4.8074665070 0.0000000000 0.0000000000 137.4552612305 14.6378774643 -1.1520853043
294.7985839844 4.8463697433 0.0000000000 0.0000000000 137.5333557129 14.2686147690 -1.1532899141
294.7940063477 4.8851585388 0.0000000000 0.0000000000 137.5585937500 11.8109912872 -1.1545027494
294.7689208984 4.9238452911 0.0000000000 0.0000000000 137.6112060547 11.1483087540 -1.1556293964
294.7464294434 4.9624080658 0.0000000000 0.0000000000 137.6493377686 12.2737836838 -1.1569999456
294.7264404297 5.0008530617 0.0000000000 0.0000000000 137.6245117188 11.7971439362 -1.1579920053
294.7203063965 5.0391759872 0.0000000000 0.0000000000 137.6386108398 10.7919206619 -1.1591328382
294.7185363770 5.0773954391 0.0000000000 0.0000000000 137.6432495117 11.9066295624 -1.1602987051
294.7171020508 5.1155157089 0.0000000000 0.0000000000 137.6192626953 13.0763664246 -1.1615142822
294.7133178711 5.1535272598 0.0000000000 0.0000000000 137.5905303955 12.7691555023 -1.1626474857
294.7105712891 5.1914529800 0.0000000000 0.0000000000 137.5469055176 13.7042198181 -1.1638123989
294.7164916992 5.2292895317 0.0000000000 0.0000000000 137.4627532959 14.7786235809 -1.1650228500
294.7105407715 5.2670121193 0.0000000000 0.0000000000 137.3785705566 15.7196931839 -1.1660075188
294.7047424316 5.3046336174 0.0000000000 0.0000000000 137.2671051025 14.6518993378 -1.1669909954
294.6951599121 5.3421697617 0.0000000000 0.0000000000 137.1998443604 14.1608829498 -1.1683984995
294.7008972168 5.3795886040 0.0000000000 0.0000000000 137.1330413818 14.2687292099 -1.1697183847
294.7106323242 5.4168982506 0.0000000000 0.0000000000 137.0269165039 14.4739522934 -1.1709988117
294.7135925293 5.4541039467 0.0000000000 0.0000000000 136.9122924805 15.2817935944 -1.1721557379
294.7006225586 5.4911818504 0.0000000000 0.0000000000 136.8580322266 16.2646923065 -1.1732103825
294.6889038086 5.5281491280 0.0000000000 0.0000000000 136.7952728271 16.1671772003 -1.1741813421
294.7076416016 5.5650062561 0.0000000000 0.0000000000 136.7703704834 16.9285907745 -1.1752539873
294.7380065918 5.6017303467 0.0000000000 0.0000000000 136.7550201416 18.6078166962 -1.1765103340
294.7468566895 5.6383061409 0.0000000000 0.0000000000 136.6976318359 19.2212352753 -1.1776471138
294.7328491211 5.6747341156 0.0000000000 0.0000000000 136.6799011230 18.6240615845 -1.1787760258
294.7435302734 5.7109985352 0.0000000000 0.0000000000 136.6145629883 17.2600708008 -1.1798125505
294.7585754395 5.7471270561 0.0000000000 0.0000000000 136.5542755127 17.0856094360 -1.1807477474
294.7515258789 5.7831320763 0.0000000000 0.0000000000 136.4883270264 18.5228824615 -1.1817610264
294.7310180664 5.8189954758 0.0000000000 0.0000000000 136.4239807129 19.1384258270 -1.1827353239
294.7312927246 5.8547129631 0.0000000000 0.0000000000 136.3751983643 19.2247867584 -1.1838554144
294.7483520508 5.8902869225 0.0000000000 0.0000000000 136.3390045166 19.4512615204 -1.1849025488
294.7445678711 5.9257111549 0.0000000000 0.0000000000 136.2995910645 19.1922550201 -1.1859209538
294.7364807129 5.9609522820 0.0000000000 0.0000000000 136.2510223389 19.0783596039 -1.1869540215
294.7599182129 5.9960274696 0.0000000000 0.0000000000 136.2126922607 19.2498416901 -1.1878645420
294.7853393555 6.0309338570 0.0000000000 0.0000000000 136.1993560791 18.5733528137 -1.1887527704
294.8019104004 6.0656852722 0.0000000000 0.0000000000 136.2026214600 16.8667869568 -1.1896188259
294.8391113281 6.1002807617 0.0000000000 0.0000000000 136.1645050049 15.7884254456 -1.1904840469
294.8620300293 6.1347537041 0.0000000000 0.0000000000 136.1294097900 16.7291526794 -1.1913955212
294.8646545410 6.1691050529 0.0000000000 0.0000000000 136.1138305664 18.0335407257 -1.1922984123
294.8763122559 6.2033305168 0.0000000000 0.0000000000 136.1264190674 17.3314342499 -1.1932281256
294.9136047363 6.2374181747 0.0000000000 0.0000000000 136.1471405029 16.3303050995 -1.1940815449
294.9250488281 6.2713661194 0.0000000000 0.0000000000 136.1571960449 16.5150527954 -1.1948950291
294.9131164551 6.3051829338 0.0000000000 0.0000000000 136.1427612305 16.9776191711 -1.1956882477
294.9414672852 6.3388543129 0.0000000000 0.0000000000 136.1277770996 17.7745780945 -1.1964404583
294.9823913574 6.3724207878 0.0000000000 0.0000000000 136.1390991211 17.9570884705 -1.1972105503
295.0049438477 6.4058418274 0.0000000000 0.0000000000 136.1667022705 17.6798553467 -1.1979357004
295.0387878418 6.4391283989 0.0000000000 0.0000000000 136.1858062744 18.6787261963 -1.1986072063
295.0983886719 6.4723043442 0.0000000000 0.0000000000 136.2152252197 20.2666587830 -1.1992275715
295.1300354004 6.5053648949 0.0000000000 0.0000000000 136.2498168945 21.4080638885 -1.1998013258
295.1580810547 6.5383105278 0.0000000000 0.0000000000 136.2548065186 21.1197357178 -1.2004524469
295.2195434570 6.5711350441 0.0000000000 0.0000000000 136.2785186768 20.5228614807 -1.2010805607
295.2917175293 6.6038389206 0.0000000000 0.0000000000 136.2490844727 21.1231117249 -1.2016925812
295.3197021484 6.6364269257 0.0000000000 0.0000000000 136.2219238281 21.4516620636 -1.2023522854
295.3776855469 6.6689219475 0.0000000000 0.0000000000 136.1909942627 20.3730907440 -1.2029728889
295.4344177246 6.7013201714 0.0000000000 0.0000000000 136.1688690186 19.1497764587 -1.2036530972
295.4925537109 6.7335824966 0.0000000000 0.0000000000 136.1475830078 19.0330066681 -1.2041182518
295.4871215820 6.7657313347 0.0000000000 0.0000000000 136.1626892090 17.9235458374 -1.2045519352
295.5128173828 6.7977533340 0.0000000000 0.0000000000 136.1547546387 16.6515121460 -1.2049038410
295.5476684570 6.8296627998 0.0000000000 0.0000000000 136.1376190186 16.9547386169 -1.2052186728
295.4926452637 6.8614592552 0.0000000000 0.0000000000 136.1102752686 17.4150485992 -1.2054986954
295.4941711426 6.8931617737 0.0000000000 0.0000000000 136.0570373535 18.3653678894 -1.2057584524
295.5033874512 6.9247465134 0.0000000000 0.0000000000 135.9786071777 18.1872444153 -1.2059181929
295.4848022461 6.9562320709 0.0000000000 0.0000000000 135.8949279785 17.1325473785 -1.2060184479
295.4508666992 6.9876141548 0.0000000000 0.0000000000 135.8119964600 17.8928585052 -1.2061367035
295.4676818848 7.0188999176 0.0000000000 0.0000000000 135.7264251709 18.3887767792 -1.2062931061
295.4563598633 7.0500841141 0.0000000000 0.0000000000 135.6684112549 16.5032482147 -1.2063829899
295.4627075195 7.0811715126 0.0000000000 0.0000000000 135.6175842285 16.8548793793 -1.2064882517
295.4959716797 7.1121416092 0.0000000000 0.0000000000 135.5599365234 18.3459644318 -1.2064625025
295.5012817383 7.1429800987 0.0000000000 0.0000000000 135.5094299316 18.1820106506 -1.2064063549
295.5245666504 7.1737155914 0.0000000000 0.0000000000 135.4512481689 18.6747207642 -1.2060953379
295.5895690918 7.2043499947 0.0000000000 0.0000000000 135.3921051025 19.3361110687 -1.2058461905
295.6228027344 7.2348747253 0.0000000000 0.0000000000 135.3164825439 18.8004169464 -1.2054486275
295.6340942383 7.2652897835 0.0000000000 0.0000000000 135.2522583008 18.6432933807 -1.2050348520
295.6818847656 7.2956094742 0.0000000000 0.0000000000 135.1737823486 18.2815361023 -1.2046316862
295.7237854004 7.3258080482 0.0000000000 0.0000000000 135.1110839844 18.2296772003 -1.2041492462
295.7517089844 7.3558788300 0.0000000000 0.0000000000 135.0483093262 18.3767471313 -1.2036159039
295.7556762695 7.3858418465 0.0000000000 0.0000000000 134.9851837158 18.8804302216 -1.2030091286
295.7876281738 7.4157004356 0.0000000000 0.0000000000 134.8896179199 20.2541389465 -1.2023087740
295.7598876953 7.4454550743 0.0000000000 0.0000000000 134.8087615967 20.7537784576 -1.2015627623
295.7894287109 7.4751038551 0.0000000000 0.0000000000 134.7152709961 20.5655784607 -1.2007946968
295.7925415039 7.5046219826 0.0000000000 0.0000000000 134.6226043701 21.4342536926 -1.1998827457
295.7473754883 7.5340089798 0.0000000000 0.0000000000 134.5526428223 23.2948608398 -1.1989330053
295.7608337402 7.5632429123 0.0000000000 0.0000000000 134.4643096924 24.2166328430 -1.1978673935
295.7408752441 7.5923271179 0.0000000000 0.0000000000 134.4087066650 24.2269973755 -1.1968261003
295.7208862305 7.6212215424 0.0000000000 0.0000000000 134.3164520264 24.9614162445 -1.1956480742
295.7005615234 7.6499829292 0.0000000000 0.0000000000 134.2222747803 26.0391807556 -1.1944574118
295.7029113770 7.6785831451 0.0000000000 0.0000000000 134.1258239746 25.9071159363 -1.1932300329
295.6466369629 7.7070331573 0.0000000000 0.0000000000 134.0464019775 25.1779823303 -1.1920096874
295.6748657227 7.7353525162 0.0000000000 0.0000000000 133.9465637207 24.7373046875 -1.1907544136
295.6341247559 7.7635350227 0.0000000000 0.0000000000 133.8484649658 25.0915565491 -1.1895360947
295.5977172852 7.7915792465 0.0000000000 0.0000000000 133.7521820068 25.1095085144 -1.1881515980
295.6025695801 7.8194713593 0.0000000000 0.0000000000 133.6522216797 24.2370815277 -1.1867882013
295.5741882324 7.8472142220 0.0000000000 0.0000000000 133.5389099121 23.6196594238 -1.1853662729
295.5426330566 7.8748030663 0.0000000000 0.0000000000 133.4276733398 24.3622245789 -1.1839427948
295.5186157227 7.9022393227 0.0000000000 0.0000000000 133.3281250000 25.6630325317 -1.1825413704
295.5064697266 7.9295339584 0.0000000000 0.0000000000 133.2100372314 26.0715179443 -1.1809778214
295.4327392578 7.9566793442 0.0000000000 0.0000000000 133.1047058105 26.6405696869 -1.1794701815
295.4295654297 7.9836850166 0.0000000000 0.0000000000 132.9963684082 27.9393501282 -1.1779145002
295.3602294922 8.0105619431 0.0000000000 0.0000000000 132.8941192627 27.9681930542 -1.1763595343
295.3068237305 8.0373277664 0.0000000000 0.0000000000 132.7738189697 26.9053287506 -1.1747634411
295.2600708008 8.0639781952 0.0000000000 0.0000000000 132.6652984619 26.8393325806 -1.1731648445
295.1999511719 8.0905113220 0.0000000000 0.0000000000 132.5593414307 26.9166927338 -1.1716059446
295.1295166016 8.1169395447 0.0000000000 0.0000000000 132.4586639404 27.0532073975 -1.1700351238
295.0926513672 8.1432552338 0.0000000000 0.0000000000 132.3385772705 27.2413883209 -1.1684513092
295.0032348633 8.1694545746 0.0000000000 0.0000000000 132.2330474854 26.2945003510 -1.1668709517
294.9537353516 8.1955385208 0.0000000000 0.0000000000 132.1223449707 25.1721363068 -1.1652777195
294.9060974121 8.2215251923 0.0000000000 0.0000000000 132.0151062012 24.6933174133 -1.1636899710
294.8302307129 8.2474155426 0.0000000000 0.0000000000 131.9115142822 24.7544536591 -1.1621124744
294.7736206055 8.2732105255 0.0000000000 0.0000000000 131.7993164062 24.5140914917 -1.1605627537
294.7175292969 8.2989034653 0.0000000000 0.0000000000 131.6935729980 24.6488437653 -1.1590780020
294.6508789062 8.3244848251 0.0000000000 0.0000000000 131.6009521484 25.4996776581 -1.1574944258
294.6038208008 8.3499956131 0.0000000000 0.0000000000 131.5343780518 25.7400112152 -1.1559957266
294.5375061035 8.3754310608 0.0000000000 0.0000000000 131.4531555176 25.7184505463 -1.1545149088
294.4669799805 8.4007768631 0.0000000000 0.0000000000 131.3822631836 26.1679210663 -1.1530827284
294.4485168457 8.4260091782 0.0000000000 0.0000000000 131.3114166260 26.8339042664 -1.1516326666
294.3462524414 8.4511404037 0.0000000000 0.0000000000 131.2578887939 27.6281089783 -1.1502753496
294.3392333984 8.4761686325 0.0000000000 0.0000000000 131.1892700195 28.0954761505 -1.1488963366
294.2189331055 8.5011062622 0.0000000000 0.0000000000 131.1326446533 28.1876373291 -1.1476554871
294.2350158691 8.5259351730 0.0000000000 0.0000000000 131.0649108887 28.3270702362 -1.1462501287
294.1307373047 8.5506553650 0.0000000000 0.0000000000 131.0069122314 28.3791217804 -1.1449441910
294.1106567383 8.5752820969 0.0000000000 0.0000000000 130.9391021729 28.3914871216 -1.1436614990
294.0274658203 8.5998220444 0.0000000000 0.0000000000 130.8738708496 28.6267795563 -1.1423977613
293.9863281250 8.6242408752 0.0000000000 0.0000000000 130.8168334961 29.1259765625 -1.1411094666
293.9562988281 8.6485519409 0.0000000000 0.0000000000 130.7560577393 29.0755577087 -1.1399301291
293.8711547852 8.6727428436 0.0000000000 0.0000000000 130.6869659424 28.0069141388 -1.1387234926
293.8412475586 8.6968336105 0.0000000000 0.0000000000 130.6127166748 27.0098285675 -1.1375119686
293.7787780762 8.7208585739 0.0000000000 0.0000000000 130.5368041992 27.3202915192 -1.1362763643
293.7489624023 8.7448263168 0.0000000000 0.0000000000 130.4510040283 29.5440330505 -1.1351197958
293.6925964355 8.7687587738 0.0000000000 0.0000000000 130.3661499023 33.0665931702 -1.1340209246
293.6518249512 8.7926378250 0.0000000000 0.0000000000 130.2804870605 36.0689659119 -1.1329942942
293.5942687988 8.8164377213 0.0000000000 0.0000000000 130.1949310303 36.9125175476 -1.1319671869
293.5903625488 8.8401765823 0.0000000000 0.0000000000 130.0969085693 35.9248390198 -1.1309877634
293.5040588379 8.8638648987 0.0000000000 0.0000000000 130.0052185059 35.2710266113 -1.1300339699
293.5275573730 8.8874702454 0.0000000000 0.0000000000 129.9123382568 35.6313438416 -1.1291089058
293.4634399414 8.9110307693 0.0000000000 0.0000000000 129.8300628662 35.8733329773 -1.1282041073
293.4576721191 8.9345264435 0.0000000000 0.0000000000 129.7509765625 35.2392196655 -1.1273138523
293.4442749023 8.9579715729 0.0000000000 0.0000000000 129.6746063232 34.2398452759 -1.1264462471
293.3934631348 8.9813547134 0.0000000000 0.0000000000 129.6030273438 33.8087615967 -1.1255810261
293.4199829102 9.0046749115 0.0000000000 0.0000000000 129.5302886963 33.7753791809 -1.1247105598
293.3399047852 9.0279426575 0.0000000000 0.0000000000 129.4809417725 34.4954071045 -1.1238884926
293.3887634277 9.0511407852 0.0000000000 0.0000000000 129.4059143066 36.5685386658 -1.1230394840
293.3051452637 9.0742931366 0.0000000000 0.0000000000 129.3580169678 38.4888648987 -1.1221960783
293.3543395996 9.0973787308 0.0000000000 0.0000000000 129.2930450439 39.2678031921 -1.1213631630
293.2802429199 9.1203918457 0.0000000000 0.0000000000 129.2481842041 39.9736900330 -1.1205763817
293.3242187500 9.1433105469 0.0000000000 0.0000000000 129.1854553223 41.0256996155 -1.1197030544
293.2341308594 9.1661596298 0.0000000000 0.0000000000 129.1502990723 41.2928428650 -1.1188871861
293.3094787598 9.1889228821 0.0000000000 0.0000000000 129.0730590820 40.2568206787 -1.1179672480
293.1671142578 9.2116203308 0.0000000000 0.0000000000 129.0567016602 38.8194160461 -1.1172624826
293.2990112305 9.2342338562 0.0000000000 0.0000000000 128.9521179199 38.0179519653 -1.1164543629
293.1053466797 9.2567777634 0.0000000000 0.0000000000 128.9492340088 38.0420150757 -1.1156218052
293.2728576660 9.2792434692 0.0000000000 0.0000000000 128.8210449219 38.5988311768 -1.1148248911
293.0717468262 9.3016357422 0.0000000000 0.0000000000 128.8222961426 39.1551437378 -1.1140178442
293.2187194824 9.3239440918 0.0000000000 0.0000000000 128.6930236816 39.8011741638 -1.1132543087
293.0619201660 9.3461561203 0.0000000000 0.0000000000 128.6722412109 40.3399734497 -1.1124863625
293.1592407227 9.3682260513 0.0000000000 0.0000000000 128.5606384277 40.6981582642 -1.1116883755
293.0469055176 9.3902244568 0.0000000000 0.0000000000 128.5381774902 41.1879844666 -1.1109141111
293.1081542969 9.4121370316 0.0000000000 0.0000000000 128.4315948486 41.8272590637 -1.1101316214
293.0212097168 9.4339799881 0.0000000000 0.0000000000 128.3821868896 42.2728500366 -1.1093807220
293.0743408203 9.4557228088 0.0000000000 0.0000000000 128.2847137451 42.5038185120 -1.1085436344
292.9754943848 9.4773960114 0.0000000000 0.0000000000 128.2388305664 42.3539161682 -1.1077396870
293.0624694824 9.4990119934 0.0000000000 0.0000000000 128.1291046143 42.0149078369 -1.1069974899
292.9195861816 9.5205545425 0.0000000000 0.0000000000 128.0956878662 42.4054145813 -1.1061544418
293.0586242676 9.5420284271 0.0000000000 0.0000000000 127.9713439941 44.0551033020 -1.1054010391
292.8673706055 9.5634431839 0.0000000000 0.0000000000 127.9525375366 45.7032127380 -1.1046335697
293.0424194336 9.5848007202 0.0000000000 0.0000000000 127.8251037598 46.0078048706 -1.1038737297
292.8328247070 9.6060962677 0.0000000000 0.0000000000 127.8197021484 45.5587615967 -1.1031850576
293.0134887695 9.6272888184 0.0000000000 0.0000000000 127.6994171143 45.9992828369 -1.1023912430
292.8302612305 9.6484317780 0.0000000000 0.0000000000 127.6931686401 46.8806953430 -1.1017001867
292.9725952148 9.6695108414 0.0000000000 0.0000000000 127.5817489624 46.7096862793 -1.1009955406
292.8256530762 9.6905384064 0.0000000000 0.0000000000 127.5622329712 45.6615028381 -1.1003226042
292.9249877930 9.7115068436 0.0000000000 0.0000000000 127.4619598389 45.3300552368 -1.0996130705
292.8320007324 9.7324352264 0.0000000000 0.0000000000 127.4171524048 46.3450660706 -1.0989112854
292.8804931641 9.7532825470 0.0000000000 0.0000000000 127.3293457031 48.1578865051 -1.0982104540
292.8401489258 9.7740507126 0.0000000000 0.0000000000 127.2758026123 49.4443092346 -1.0972323418
292.8281860352 9.7947149277 0.0000000000 0.0000000000 127.2082748413 49.4434394836 -1.0968347788
292.8489990234 9.8152770996 0.0000000000 0.0000000000 127.1472549438 48.9039154053 -1.0960643291
292.7855529785 9.8357744217 0.0000000000 0.0000000000 127.1049270630 48.8493957520 -1.0954074860
292.8520507812 9.8561725616 0.0000000000 0.0000000000 127.0304107666 49.2936973572 -1.0947157145
292.7538757324 9.8765068054 0.0000000000 0.0000000000 126.9914627075 49.6757583618 -1.0940077305
292.8139343262 9.8967466354 0.0000000000 0.0000000000 126.9100189209 49.6371955872 -1.0932797194
292.7492675781 9.9168901443 0.0000000000 0.0000000000 126.8544006348 49.0862960815 -1.0925263166
292.7330017090 9.9369401932 0.0000000000 0.0000000000 126.7834014893 48.7458038330 -1.0917965174
292.7563476562 9.9568805695 0.0000000000 0.0000000000 126.7028045654 49.4786453247 -1.0909818411
292.6474914551 9.9767236710 0.0000000000 0.0000000000 126.6647644043 51.0221595764 -1.0901473761
292.7433776855 9.9964981079 0.0000000000 0.0000000000 126.5622558594 52.4055213928 -1.0893298388
292.6000366211 10.0162200928 0.0000000000 0.0000000000 126.5398101807 52.8424720764 -1.0885465145
292.6902770996 10.0358877182 0.0000000000 0.0000000000 126.4282302856 52.5168647766 -1.0877026320
292.5771179199 10.0555133820 0.0000000000 0.0000000000 126.3755493164 52.2376747131 -1.0869837999
292.6154479980 10.0750446320 0.0000000000 0.0000000000 126.2789840698 52.5848693848 -1.0860770941
292.5742797852 10.0945377350 0.0000000000 0.0000000000 126.2132415771 53.3931274414 -1.0852648020
292.5485534668 10.1139965057 0.0000000000 0.0000000000 126.1442413330 54.1864852905 -1.0844644308
292.5482788086 10.1334028244 0.0000000000 0.0000000000 126.0701599121 54.4692306519 -1.0836396217
292.5130920410 10.1527738571 0.0000000000 0.0000000000 126.0129241943 54.2932701111 -1.0828503370
292.5122375488 10.1721029282 0.0000000000 0.0000000000 125.9382858276 54.2456092834 -1.0820196867
292.4834289551 10.1914091110 0.0000000000 0.0000000000 125.8696594238 54.6405372620 -1.0812165737
292.4657287598 10.2106590271 0.0000000000 0.0000000000 125.8099670410 55.0168342590 -1.0804665089
292.4694213867 10.2298860550 0.0000000000 0.0000000000 125.7372283936 54.7774238586 -1.0795344114
292.4073486328 10.2490854263 0.0000000000 0.0000000000 125.6887969971 54.3227844238 -1.0786081553
292.4507446289 10.2682657242 0.0000000000 0.0000000000 125.6082077026 54.4727439880 -1.0778298378
292.3288269043 10.2874011993 0.0000000000 0.0000000000 125.5828552246 55.0459747314 -1.0769398212
292.4508666992 10.3064775467 0.0000000000 0.0000000000 125.5019836426 55.4870529175 -1.0762019157
292.2596740723 10.3254737854 0.0000000000 0.0000000000 125.5002288818 56.0221138000 -1.0753893852
292.4407653809 10.3443851471 0.0000000000 0.0000000000 125.4026184082 57.2414703369 -1.0745723248
292.2117004395 10.3632097244 0.0000000000 0.0000000000 125.3969268799 58.6380424500 -1.0736896992
292.4132995605 10.3819131851 0.0000000000 0.0000000000 125.2916183472 60.0274009705 -1.0730285645
292.2002868652 10.4005451202 0.0000000000 0.0000000000 125.2889251709 61.9815635681 -1.0721845627
292.3598327637 10.4191045761 0.0000000000 0.0000000000 125.2046737671 64.6833114624 -1.0713936090
292.2187194824 10.4376020432 0.0000000000 0.0000000000 125.1356201172 66.6249008179 -1.0706276894
292.2840576172 10.4560146332 0.0000000000 0.0000000000 125.0400085449 66.9928436279 -1.0697925091
292.2580871582 10.4743795395 0.0000000000 0.0000000000 124.9729614258 67.0075531006 -1.0689775944
292.2034912109 10.4926843643 0.0000000000 0.0000000000 124.9109497070 67.7986221313 -1.0681530237
292.2812805176 10.5109233856 0.0000000000 0.0000000000 124.8139419556 68.3091278076 -1.0673155785
292.1330871582 10.5290975571 0.0000000000 0.0000000000 124.7762527466 66.8414459229 -1.0664639473
292.2861022949 10.5472059250 0.0000000000 0.0000000000 124.6601104736 63.6087570190 -1.0656145811
292.0631713867 10.5652379990 0.0000000000 0.0000000000 124.6346359253 60.6119728088 -1.0648136139
292.2543334961 10.5831670761 0.0000000000 0.0000000000 124.5058288574 59.4274902344 -1.0640664101
292.0227355957 10.6010494232 0.0000000000 0.0000000000 124.4875335693 60.0043525696 -1.0634833574
292.2214355469 10.6188459396 0.0000000000 0.0000000000 124.3615951538 61.6231422424 -1.0627589226
292.0069885254 10.6366338730 0.0000000000 0.0000000000 124.3379440308 62.9926109314 -1.0621261597
292.1520080566 10.6543750763 0.0000000000 0.0000000000 124.2264785767 63.3617477417 -1.0615000725
292.0250854492 10.6720895767 0.0000000000 0.0000000000 124.1908340454 63.0583992004 -1.0608630180
292.0745544434 10.6897773743 0.0000000000 0.0000000000 124.1098632812 63.1208152771 -1.0602407455
292.0625610352 10.7074060440 0.0000000000 0.0000000000 124.0448608398 64.0770645142 -1.0595815182
291.9860534668 10.7249860764 0.0000000000 0.0000000000 124.0072708130 65.8513488770 -1.0589702129
292.0864868164 10.7424945831 0.0000000000 0.0000000000 123.9115219116 67.7627639771 -1.0583527088
291.9442749023 10.7599592209 0.0000000000 0.0000000000 123.8871536255 69.0941848755 -1.0577365160
292.0632934570 10.7773551941 0.0000000000 0.0000000000 123.7773437500 70.8104858398 -1.0571907759
291.9234313965 10.7946720123 0.0000000000 0.0000000000 123.7490005493 73.6950836182 -1.0565757751
292.0231933594 10.8119268417 0.0000000000 0.0000000000 123.6457443237 76.3493728638 -1.0560839176
291.9287414551 10.8291368484 0.0000000000 0.0000000000 123.6002273560 77.2959060669 -1.0556281805
291.9791259766 10.8462858200 0.0000000000 0.0000000000 123.5186920166 77.5240631104 -1.0553243160
291.9311218262 10.8633308411 0.0000000000 0.0000000000 123.4708557129 78.1082687378 -1.0546909571
291.9539489746 10.8803043365 0.0000000000 0.0000000000 123.4090194702 79.1801834106 -1.0541580915
291.9186096191 10.8972358704 0.0000000000 0.0000000000 123.3640594482 80.1429138184 -1.0536628962
291.9501342773 10.9141244888 0.0000000000 0.0000000000 123.2996368408 80.0842361450 -1.0531921387
291.9079589844 10.9309511185 0.0000000000 0.0000000000 123.2534408569 78.8583526611 -1.0526795387
291.9416809082 10.9477024078 0.0000000000 0.0000000000 123.1878585815 77.0940475464 -1.0522069931
291.8959350586 10.9643831253 0.0000000000 0.0000000000 123.1429901123 75.2009277344 -1.0517188311
291.9250488281 10.9810256958 0.0000000000 0.0000000000 123.0817947388 73.5340805054 -1.0512440205
291.8827209473 10.9976291656 0.0000000000 0.0000000000 123.0366439819 72.8863372803 -1.0507854223
291.9037780762 11.0142059326 0.0000000000 0.0000000000 122.9827651978 73.3029708862 -1.0504196882
291.8757934570 11.0307493210 0.0000000000 0.0000000000 122.9387817383 73.6152725220 -1.0499131680
291.8759460449 11.0472726822 0.0000000000 0.0000000000 122.8953781128 73.0813980103 -1.0494910479
291.8666381836 11.0637588501 0.0000000000 0.0000000000 122.8507995605 71.8200302124 -1.0491311550
291.8391723633 11.0801887512 0.0000000000 0.0000000000 122.8186798096 70.2412185669 -1.0487937927
291.8708190918 11.0965452194 0.0000000000 0.0000000000 122.7678909302 68.9029541016 -1.0483667850
291.7947998047 11.1128377914 0.0000000000 0.0000000000 122.7567825317 68.3747100830 -1.0479269028
291.8675231934 11.1290559769 0.0000000000 0.0000000000 122.6983566284 68.7941436768 -1.0475401878
291.7462158203 11.1452350616 0.0000000000 0.0000000000 122.6991882324 69.9637756348 -1.0471043587
291.8825988770 11.1613330841 0.0000000000 0.0000000000 122.6147384644 71.6105499268 -1.0467493534
291.6719055176 11.1773624420 0.0000000000 0.0000000000 122.6501922607 73.3108139038 -1.0462272167
291.9121398926 11.1933031082 0.0000000000 0.0000000000 122.5388259888 74.4616775513 -1.0457662344
291.5848388672 11.2091541290 0.0000000000 0.0000000000 122.6161422729 74.8169250488 -1.0452678204
291.9505920410 11.2249135971 0.0000000000 0.0000000000 122.4562911987 74.9438858032 -1.0447943211
291.5046081543 11.2406139374 0.0000000000 0.0000000000 122.5972061157 75.1946029663 -1.0442610979
291.9895935059 11.2562112808 0.0000000000 0.0000000000 122.3829421997 75.6615829468 -1.0437574387
291.4451293945 11.2717599869 0.0000000000 0.0000000000 122.5609359741 76.6277160645 -1.0433444977
291.9540405273 11.2872028351 0.0000000000 0.0000000000 122.2937927246 78.4061279297 -1.0430080891
291.5095825195 11.3026208878 0.0000000000 0.0000000000 122.4097595215 81.9149551392 -1.0427675247
291.7925415039 11.3179569244 0.0000000000 0.0000000000 122.2520599365 84.1547241211 -1.0424818993
291.6881713867 11.3332643509 0.0000000000 0.0000000000 122.2392044067 87.5698547363 -1.0421158075
291.6120605469 11.3485212326 0.0000000000 0.0000000000 122.2362365723 84.7841186523 -1.0416868925
291.8164367676 11.3637371063 0.0000000000 0.0000000000 122.1275634766 84.9651641846 -1.0411890745
291.5193176270 11.3789396286 0.0000000000 0.0000000000 122.2271575928 85.7138977051 -1.0408133268
291.8479309082 11.3941059113 0.0000000000 0.0000000000 122.0391387939 84.3024215698 -1.0405458212
291.5559082031 11.4092741013 0.0000000000 0.0000000000 122.0933761597 95.3976287842 -1.0402019024
291.7443237305 11.4244260788 0.0000000000 0.0000000000 121.9614334106 88.2457962036 -1.0399014950
291.6758422852 11.4395895004 0.0000000000 0.0000000000 121.9369888306 97.2975463867 -1.0395317078
291.6156921387 11.4547472000 0.0000000000 0.0000000000 121.9194259644 95.9084472656 -1.0391269922
291.7606506348 11.4698915482 0.0000000000 0.0000000000 121.8361587524 90.9871063232 -1.0386373997
291.5535888672 11.4850196838 0.0000000000 0.0000000000 121.8688049316 105.6631088257 -1.0382276773
291.7450561523 11.5001201630 0.0000000000 0.0000000000 121.7592620850 94.1409835815 -1.0378206968
291.5905761719 11.5152235031 0.0000000000 0.0000000000 121.7570419312 102.0893707275 -1.0376288891
291.6589050293 11.5302705765 0.0000000000 0.0000000000 121.7062683105 99.4536209106 -1.0372735262
291.6701354980 11.5453310013 0.0000000000 0.0000000000 121.6692199707 101.8302078247 -1.0369856358
291.5643615723 11.5603990555 0.0000000000 0.0000000000 121.6765747070 107.4170989990 -1.0366199017
291.7297668457 11.5754547119 0.0000000000 0.0000000000 121.5979080200 104.5572814941 -1.0362119675
291.5226440430 11.5905036926 0.0000000000 0.0000000000 121.6435470581 115.8869171143 -1.0358548164
291.7269592285 11.6055412292 0.0000000000 0.0000000000 121.5365905762 109.0358734131 -1.0354983807
291.5543518066 11.6205663681 0.0000000000 0.0000000000 121.5485229492 112.5455627441 -1.0351506472
291.6633300781 11.6355962753 0.0000000000 0.0000000000 121.4746627808 112.6846389771 -1.0347969532
291.6228332520 11.6506271362 0.0000000000 0.0000000000 121.4535140991 113.1698913574 -1.0344328880
291.5936584473 11.6656522751 0.0000000000 0.0000000000 121.4273986816 112.4104232788 -1.0340555906
291.6623229980 11.6806631088 0.0000000000 0.0000000000 121.3734207153 109.1826629639 -1.0336643457
291.5454406738 11.6956624985 0.0000000000 0.0000000000 121.3834075928 108.5050201416 -1.0332710743
291.6927795410 11.7106523514 0.0000000000 0.0000000000 121.3015975952 106.9931259155 -1.0328639746
291.5208129883 11.7256298065 0.0000000000 0.0000000000 121.3227539062 108.7991333008 -1.0324623585
291.6741943359 11.7405624390 0.0000000000 0.0000000000 121.2306365967 108.1773681641 -1.0320295095
291.5207519531 11.7554788589 0.0000000000 0.0000000000 121.2434844971 108.3267059326 -1.0316785574
291.6512451172 11.7703647614 0.0000000000 0.0000000000 121.1583328247 105.2582092285 -1.0313638449
291.5202941895 11.7852258682 0.0000000000 0.0000000000 121.1614913940 100.1990661621 -1.0311042070
291.6246032715 11.8000516891 0.0000000000 0.0000000000 121.0833206177 96.6959381104 -1.0309144258
291.5372314453 11.8148670197 0.0000000000 0.0000000000 121.0773162842 95.4382095337 -1.0308487415
291.5995788574 11.8296518326 0.0000000000 0.0000000000 121.0166015625 96.3529968262 -1.0304627419
291.5585937500 11.8443775177 0.0000000000 0.0000000000 120.9945297241 97.3211364746 -1.0301898718
291.5561828613 11.8590669632 0.0000000000 0.0000000000 120.9616165161 97.9991531372 -1.0299235582
291.6005249023 11.8737239838 0.0000000000 0.0000000000 120.9154434204 98.5200958252 -1.0296332836
291.5075378418 11.8883466721 0.0000000000 0.0000000000 120.9153137207 99.7951812744 -1.0293000937
291.6139221191 11.9029350281 0.0000000000 0.0000000000 120.8411483765 98.4920272827 -1.0289713144
291.4830017090 11.9174861908 0.0000000000 0.0000000000 120.8621597290 98.6780090332 -1.0285977125
291.6168518066 11.9319839478 0.0000000000 0.0000000000 120.7744064331 98.0223846436 -1.0283225775
291.4721984863 11.9464521408 0.0000000000 0.0000000000 120.7941741943 98.2777938843 -1.0280108452
291.5968322754 11.9608602524 0.0000000000 0.0000000000 120.7077941895 96.9159393311 -1.0277991295
291.4807128906 11.9752187729 0.0000000000 0.0000000000 120.7137451172 97.8013458252 -1.0275453329
291.5942382812 11.9895133972 0.0000000000 0.0000000000 120.6422805786 98.5556640625 -1.0272871256
291.4695739746 12.0037574768 0.0000000000 0.0000000000 120.6508102417 101.1936416626 -1.0270547867
291.5863342285 12.0179252625 0.0000000000 0.0000000000 120.5858001709 102.9248199463 -1.0268013477
291.4689941406 12.0320463181 0.0000000000 0.0000000000 120.5957412720 105.1557006836 -1.0264738798
291.5613098145 12.0460996628 0.0000000000 0.0000000000 120.5288162231 105.0763931274 -1.0261846781
291.4698181152 12.0600728989 0.0000000000 0.0000000000 120.5252609253 104.5139694214 -1.0258725882
291.5210266113 12.0739784241 0.0000000000 0.0000000000 120.4791946411 102.6053543091 -1.0255860090
291.5015563965 12.0878057480 0.0000000000 0.0000000000 120.4541015625 102.2445220947 -1.0252530575
291.4565734863 12.1015825272 0.0000000000 0.0000000000 120.4389953613 103.0909500122 -1.0249284506
291.5286560059 12.1153116226 0.0000000000 0.0000000000 120.3843765259 105.4546432495 -1.0246175528
291.3997192383 12.1290092468 0.0000000000 0.0000000000 120.4061431885 107.4372634888 -1.0242810249
291.5516967773 12.1426658630 0.0000000000 0.0000000000 120.3220443726 108.3049087524 -1.0240119696
291.3547363281 12.1562852859 0.0000000000 0.0000000000 120.3579254150 109.1751480103 -1.0237312317
291.5475158691 12.1698541641 0.0000000000 0.0000000000 120.2621765137 110.7867736816 -1.0235267878
291.3628234863 12.1833887100 0.0000000000 0.0000000000 120.2910614014 113.9215698242 -1.0233365297
291.5125122070 12.1968479156 0.0000000000 0.0000000000 120.2017135620 117.1421966553 -1.0231295824
291.3880310059 12.2102680206 0.0000000000 0.0000000000 120.2110977173 119.4707183838 -1.0229479074
291.4771423340 12.2236356735 0.0000000000 0.0000000000 120.1550292969 119.5652923584 -1.0227398872
291.4262390137 12.2369747162 0.0000000000 0.0000000000 120.1473083496 118.2224578857 -1.0225287676
291.4356384277 12.2502727509 0.0000000000 0.0000000000 120.1202926636 116.6261520386 -1.0223153830
291.4574279785 12.2635049820 0.0000000000 0.0000000000 120.0752029419 117.3361816406 -1.0220738649
291.4140625000 12.2767000198 0.0000000000 0.0000000000 120.0633468628 119.8953628540 -1.0218487978
291.4729614258 12.2898540497 0.0000000000 0.0000000000 120.0045547485 123.1069641113 -1.0216021538
291.3968505859 12.3029670715 0.0000000000 0.0000000000 120.0048980713 125.3135452271 -1.0213521719
291.4788818359 12.3160457611 0.0000000000 0.0000000000 119.9352874756 126.6647644043 -1.0210832357
291.3825988770 12.3290882111 0.0000000000 0.0000000000 119.9428100586 127.7032165527 -1.0208317041
291.4790039062 12.3420352936 0.0000000000 0.0000000000 119.8657836914 128.1349639893 -1.0205441713
291.3636779785 12.3549776077 0.0000000000 0.0000000000 119.8855667114 128.3181762695 -1.0202738047
291.4831848145 12.3678684235 0.0000000000 0.0000000000 119.8036193848 128.5012207031 -1.0201019049
291.3471374512 12.3807373047 0.0000000000 0.0000000000 119.8358078003 129.2212219238 -1.0199043751
291.4820556641 12.3935842514 0.0000000000 0.0000000000 119.7412567139 129.0030670166 -1.0198224783
291.3399963379 12.4064264297 0.0000000000 0.0000000000 119.7762680054 127.9723968506 -1.0196007490
291.4702453613 12.4192447662 0.0000000000 0.0000000000 119.6876068115 125.3660049438 -1.0194016695
291.3460083008 12.4320545197 0.0000000000 0.0000000000 119.7109603882 122.9630050659 -1.0192185640
291.4389953613 12.4448118210 0.0000000000 0.0000000000 119.6362686157 119.7259674072 -1.0190364122
291.3625183105 12.4575233459 0.0000000000 0.0000000000 119.6342163086 117.5329360962 -1.0188065767
291.4034423828 12.4702205658 0.0000000000 0.0000000000 119.5884094238 115.7460708618 -1.0185878277
291.3817443848 12.4829216003 0.0000000000 0.0000000000 119.5609741211 116.4386138916 -1.0183691978
291.3686218262 12.4956026077 0.0000000000 0.0000000000 119.5363388062 117.5454559326 -1.0181144476
291.3953857422 12.5082731247 0.0000000000 0.0000000000 119.4971847534 118.9715652466 -1.0179090500
291.3479309082 12.5209150314 0.0000000000 0.0000000000 119.4948883057 118.1190795898 -1.0176783800
