#         COST_U        COST_H      COST_D       COST_S       REGU_H       REGU_S          HPO           COSTGLEN 
339.1855773926 0.0000000000 0.0000000000 0.0000000000 110.1280212402 0.0000000000 -1.0431982279
340.3068542480 0.0025020477 0.0000000000 0.0000000000 107.1178588867 1533.0198974609 -1.1438866854
345.3360290527 0.0099558551 0.0000000000 0.0000000000 105.9148483276 6757.3188476562 -1.4385859966
353.0368041992 0.0214205701 0.0000000000 0.0000000000 105.5272369385 5283.8920898438 -1.7176555395
363.5704650879 0.0373067595 0.0000000000 0.0000000000 105.4289855957 4460.5766601562 -1.9355195761
376.9937133789 0.0572981536 0.0000000000 0.0000000000 105.6028213501 3684.6989746094 -2.1198048592
392.1995544434 0.0810038373 0.0000000000 0.0000000000 105.5848770142 3175.0866699219 -2.2746124268
407.2214355469 0.1080973148 0.0000000000 0.0000000000 105.3028259277 2821.4816894531 -2.4134132862
420.0988464355 0.1383788735 0.0000000000 0.0000000000 104.9070434570 2513.2851562500 -2.5665967464
429.2345886230 0.1716511399 0.0000000000 0.0000000000 104.5698318481 2237.2185058594 -2.7414860725
433.9808349609 0.2078506798 0.0000000000 0.0000000000 104.5101776123 1984.1490478516 -2.9328145981
435.1328430176 0.2468985170 0.0000000000 0.0000000000 104.8961029053 1763.8293457031 -3.1441690922
434.2860107422 0.2887273729 0.0000000000 0.0000000000 106.2289657593 1590.3763427734 -3.3566560745
433.3493347168 0.3331931233 0.0000000000 0.0000000000 107.9111404419 1458.2938232422 -3.5555295944
434.6779785156 0.3801106215 0.0000000000 0.0000000000 109.8295822144 1333.1029052734 -3.7385878563
440.8717651367 0.4293226898 0.0000000000 0.0000000000 111.3704833984 1200.4250488281 -3.9082489014
453.2779235840 0.4807283580 0.0000000000 0.0000000000 111.9374313354 1066.3626708984 -4.0842013359
471.8220520020 0.5344586968 0.0000000000 0.0000000000 111.4014053345 953.4407348633 -4.2766909599
496.2095031738 0.5906596780 0.0000000000 0.0000000000 110.0250701904 880.5950317383 -4.4606761932
525.1467285156 0.6494892836 0.0000000000 0.0000000000 108.5040512085 805.8809814453 -4.6200799942
555.3144531250 0.7110028267 0.0000000000 0.0000000000 107.0411605835 720.3681640625 -4.7421617508
580.0342407227 0.7753452659 0.0000000000 0.0000000000 106.2472457886 639.2777709961 -4.8521280289
594.2472534180 0.8426487446 0.0000000000 0.0000000000 106.1616134644 576.5133056641 -4.9791226387
598.5983276367 0.9130765796 0.0000000000 0.0000000000 106.7770309448 530.8381347656 -5.1299357414
598.5889282227 0.9868041873 0.0000000000 0.0000000000 107.7947769165 486.7896728516 -5.2790765762
600.0453491211 1.0639508963 0.0000000000 0.0000000000 108.9580307007 439.4498901367 -5.4124655724
605.4067993164 1.1445293427 0.0000000000 0.0000000000 109.6158599854 395.8376464844 -5.5392327309
613.4137573242 1.2284629345 0.0000000000 0.0000000000 109.5449905396 360.9815979004 -5.6700539589
621.9822998047 1.3156452179 0.0000000000 0.0000000000 108.9138641357 328.8074035645 -5.8063831329
629.6601562500 1.4059774876 0.0000000000 0.0000000000 108.0282211304 297.2998046875 -5.9303503036
636.3112792969 1.4992889166 0.0000000000 0.0000000000 107.2452850342 269.2568054199 -6.0348558426
642.3316040039 1.5953574181 0.0000000000 0.0000000000 106.7291641235 243.2988586426 -6.1205844879
648.5684204102 1.6939265728 0.0000000000 0.0000000000 106.5050048828 220.1941223145 -6.2032051086
656.1891479492 1.7948114872 0.0000000000 0.0000000000 106.5765457153 201.8710021973 -6.2860727310
666.2955932617 1.8978290558 0.0000000000 0.0000000000 107.1147232056 184.9472961426 -6.3627767563
679.1039428711 2.0028584003 0.0000000000 0.0000000000 107.6985321045 167.5164947510 -6.4228496552
693.9592895508 2.1097741127 0.0000000000 0.0000000000 108.1649169922 152.2013244629 -6.4711651802
709.9049682617 2.2185249329 0.0000000000 0.0000000000 108.2034759521 139.0428924561 -6.5143342018
725.9248046875 2.3290929794 0.0000000000 0.0000000000 107.6901321411 127.2252883911 -6.5579175949
741.8416137695 2.4415311813 0.0000000000 0.0000000000 106.7068634033 116.8811950684 -6.5953197479
757.0221557617 2.5559237003 0.0000000000 0.0000000000 105.6710205078 107.7345962524 -6.6215801239
770.2736206055 2.6723802090 0.0000000000 0.0000000000 104.7972717285 100.2792510986 -6.6427750587
780.5580444336 2.7909615040 0.0000000000 0.0000000000 104.2562713623 94.3839569092 -6.6609363556
786.6505737305 2.9116806984 0.0000000000 0.0000000000 104.0894165039 89.1515731812 -6.6783761978
788.8457641602 3.0344119072 0.0000000000 0.0000000000 104.0873107910 85.7398681641 -6.7053761482
788.1857910156 3.1588718891 0.0000000000 0.0000000000 104.0398941040 82.9831619263 -6.7282896042
786.6793823242 3.2847421169 0.0000000000 0.0000000000 103.9633331299 80.0601806641 -6.7356114388
785.9583129883 3.4116404057 0.0000000000 0.0000000000 103.6638946533 77.8078613281 -6.7416214943
786.5385131836 3.5393087864 0.0000000000 0.0000000000 103.1919326782 76.7034683228 -6.7566709518
789.7359008789 3.6676034927 0.0000000000 0.0000000000 102.7006454468 75.5352325439 -6.7574009895
794.6817626953 3.7964055538 0.0000000000 0.0000000000 102.2956008911 74.4360504150 -6.7626242638
800.4997558594 3.9257757664 0.0000000000 0.0000000000 102.1056137085 73.9163436890 -6.7732086182
806.7260742188 4.0556936264 0.0000000000 0.0000000000 102.1271743774 74.1215667725 -6.7567381859
812.0603027344 4.1861567497 0.0000000000 0.0000000000 102.1591110229 74.1661071777 -6.7669243813
817.3892211914 4.3171396255 0.0000000000 0.0000000000 102.4527664185 74.0926589966 -6.7681422234
822.5487670898 4.4486036301 0.0000000000 0.0000000000 102.6420288086 74.8692779541 -6.7433719635
826.4871215820 4.5805048943 0.0000000000 0.0000000000 102.6250991821 75.9053955078 -6.7501373291
828.6812744141 4.7128863335 0.0000000000 0.0000000000 102.4405899048 76.4562988281 -6.7389626503
828.2540283203 4.8458099365 0.0000000000 0.0000000000 102.1919708252 77.2496719360 -6.7131409645
825.2181396484 4.9793300629 0.0000000000 0.0000000000 101.8946456909 78.0614242554 -6.7132353783
821.0595703125 5.1134519577 0.0000000000 0.0000000000 101.6990814209 78.4010467529 -6.6955270767
817.2089843750 5.2481446266 0.0000000000 0.0000000000 101.6780929565 78.6895904541 -6.6659631729
814.9644775391 5.3833060265 0.0000000000 0.0000000000 101.7347488403 79.0408477783 -6.6383576393
812.9785766602 5.5188288689 0.0000000000 0.0000000000 101.8221435547 79.3123703003 -6.5867633820
811.3936157227 5.6545977592 0.0000000000 0.0000000000 101.9215927124 79.3395462036 -6.6266174316
810.8712158203 5.7906789780 0.0000000000 0.0000000000 101.8703994751 79.0765609741 -6.5890183449
810.4746093750 5.9271507263 0.0000000000 0.0000000000 101.7412185669 78.5613403320 -6.5479426384
810.5899047852 6.0641283989 0.0000000000 0.0000000000 101.6610260010 78.0973510742 -6.5698671341
811.9365234375 6.2017502785 0.0000000000 0.0000000000 101.7321014404 77.5461120605 -6.5058956146
812.2821044922 6.3401498795 0.0000000000 0.0000000000 101.8413085938 76.8001098633 -6.5203714371
813.1019897461 6.4795088768 0.0000000000 0.0000000000 102.0530319214 76.2469024658 -6.4900326729
812.4304809570 6.6198101044 0.0000000000 0.0000000000 102.3156204224 75.9143142700 -6.4777173996
810.1555786133 6.7611274719 0.0000000000 0.0000000000 102.5253906250 75.5633621216 -6.4533739090
807.8677978516 6.9034318924 0.0000000000 0.0000000000 102.5957183838 75.4035491943 -6.4371604919
805.3023071289 7.0466823578 0.0000000000 0.0000000000 102.6440963745 75.3509902954 -6.4267058372
802.7829589844 7.1908893585 0.0000000000 0.0000000000 102.7116699219 75.3199462891 -6.3862648010
801.1300048828 7.3360462189 0.0000000000 0.0000000000 102.7489013672 75.4939727783 -6.3937954903
799.9318847656 7.4821619987 0.0000000000 0.0000000000 102.8697586060 75.8527526855 -6.3573660851
798.0854492188 7.6292800903 0.0000000000 0.0000000000 103.0542449951 76.3133697510 -6.3464932442
797.3082885742 7.7773308754 0.0000000000 0.0000000000 103.2414321899 76.8318634033 -6.3299288750
797.2975463867 7.9262757301 0.0000000000 0.0000000000 103.3965377808 77.5522003174 -6.3046030998
797.0564575195 8.0761604309 0.0000000000 0.0000000000 103.5606155396 78.1629486084 -6.2966799736
797.0718383789 8.2269763947 0.0000000000 0.0000000000 103.7267684937 78.6847152710 -6.2656760216
796.0518798828 8.3788051605 0.0000000000 0.0000000000 103.7731933594 79.6108551025 -6.2585654259
794.1968994141 8.5317125320 0.0000000000 0.0000000000 103.8563232422 80.6361846924 -6.2427682877
791.7833251953 8.6856660843 0.0000000000 0.0000000000 104.0076065063 81.7576675415 -6.2170476913
788.9627075195 8.8406896591 0.0000000000 0.0000000000 104.1742248535 83.0060806274 -6.2096238136
785.8052368164 8.9966096878 0.0000000000 0.0000000000 104.4239807129 85.2480010986 -6.1857867241
781.5633544922 9.1533451080 0.0000000000 0.0000000000 104.7046127319 87.2547760010 -6.1654486656
777.0974121094 9.3107938766 0.0000000000 0.0000000000 104.9313964844 89.1856765747 -6.1501574516
772.7757568359 9.4689016342 0.0000000000 0.0000000000 105.1636581421 92.0273971558 -6.1201558113
768.2316894531 9.6276597977 0.0000000000 0.0000000000 105.4375991821 95.6019134521 -6.0961275101
764.1954345703 9.7871046066 0.0000000000 0.0000000000 105.7407760620 99.3712844849 -6.0713043213
760.1415405273 9.9472093582 0.0000000000 0.0000000000 106.0588455200 103.5657577515 -6.0401692390
756.1343994141 10.1079673767 0.0000000000 0.0000000000 106.4072647095 108.2330474854 -6.0184016228
752.2365722656 10.2692489624 0.0000000000 0.0000000000 106.6917266846 112.7806701660 -5.9967870712
748.7671508789 10.4310140610 0.0000000000 0.0000000000 106.9257965088 117.3991012573 -5.9746656418
745.5554199219 10.5931282043 0.0000000000 0.0000000000 107.1608963013 121.7475585938 -5.9610800743
742.8120727539 10.7555541992 0.0000000000 0.0000000000 107.3713760376 125.9753646851 -5.9499421120
741.1506347656 10.9181108475 0.0000000000 0.0000000000 107.5903091431 129.5634155273 -5.9375758171
739.6177368164 11.0806589127 0.0000000000 0.0000000000 107.8555603027 133.0543518066 -5.9249782562
739.2650756836 11.2430849075 0.0000000000 0.0000000000 108.1199188232 136.4538269043 -5.9088234901
737.9205322266 11.4053039551 0.0000000000 0.0000000000 108.3280029297 139.1654510498 -5.8818569183
737.6251831055 11.5671319962 0.0000000000 0.0000000000 108.5158004761 141.3987274170 -5.8723545074
736.7551269531 11.7285356522 0.0000000000 0.0000000000 108.6316223145 142.9039306641 -5.8873167038
737.9220581055 11.8895101547 0.0000000000 0.0000000000 108.8837280273 144.1744995117 -5.9019980431
740.5316772461 12.0499219894 0.0000000000 0.0000000000 109.1540832520 145.2915344238 -5.8963441849
743.6038818359 12.2098388672 0.0000000000 0.0000000000 109.4267730713 145.1494445801 -5.8697595596
747.2910156250 12.3693590164 0.0000000000 0.0000000000 109.6634216309 144.2545166016 -5.8404440880
748.7826538086 12.5285358429 0.0000000000 0.0000000000 109.7634582520 143.4794769287 -5.8472628593
751.0866699219 12.6874160767 0.0000000000 0.0000000000 109.8769302368 141.9495391846 -5.8671765327
753.8845825195 12.8461112976 0.0000000000 0.0000000000 109.9970092773 139.6109313965 -5.8588647842
756.7552490234 13.0046892166 0.0000000000 0.0000000000 110.2226867676 137.5439453125 -5.8285384178
759.3546752930 13.1630659103 0.0000000000 0.0000000000 110.3965682983 135.4353790283 -5.8196845055
760.6075439453 13.3211927414 0.0000000000 0.0000000000 110.5759963989 132.6877441406 -5.8400478363
764.1519165039 13.4788646698 0.0000000000 0.0000000000 110.7064132690 130.2367401123 -5.8445777893
769.4339599609 13.6361103058 0.0000000000 0.0000000000 110.8171081543 127.9263305664 -5.8230218887
774.5836181641 13.7931413651 0.0000000000 0.0000000000 110.9782867432 125.9853057861 -5.7851448059
778.0336303711 13.9500312805 0.0000000000 0.0000000000 110.9782180786 123.8558044434 -5.7776350975
779.6271362305 14.1069450378 0.0000000000 0.0000000000 111.1001739502 122.2943725586 -5.7901587486
781.0885620117 14.2637968063 0.0000000000 0.0000000000 111.2229537964 121.1148834229 -5.7753362656
783.5682983398 14.4205274582 0.0000000000 0.0000000000 111.4310531616 119.7808837891 -5.7519536018
784.3175048828 14.5770587921 0.0000000000 0.0000000000 111.5867767334 118.4463348389 -5.7649402618
785.6218872070 14.7333641052 0.0000000000 0.0000000000 111.6996383667 117.2654495239 -5.7769503593
787.3578491211 14.8893833160 0.0000000000 0.0000000000 111.8010559082 116.2269134521 -5.7600512505
788.9729614258 15.0451726913 0.0000000000 0.0000000000 111.9126281738 115.4981842041 -5.7252216339
790.8549804688 15.2007675171 0.0000000000 0.0000000000 112.0011672974 114.8989410400 -5.7217788696
791.6306152344 15.3563060760 0.0000000000 0.0000000000 112.0769577026 114.1255493164 -5.7257938385
792.6066894531 15.5119562149 0.0000000000 0.0000000000 112.2470321655 113.1867065430 -5.7075252533
792.0914306641 15.6676130295 0.0000000000 0.0000000000 112.3221206665 112.2622375488 -5.6868286133
789.9070434570 15.8233795166 0.0000000000 0.0000000000 112.4387741089 112.5623016357 -5.6935591698
787.5883789062 15.9790983200 0.0000000000 0.0000000000 112.4678192139 112.1723022461 -5.6991710663
786.4483642578 16.1346988678 0.0000000000 0.0000000000 112.5892486572 111.2656707764 -5.6824455261
785.6574096680 16.2901115417 0.0000000000 0.0000000000 112.7565765381 111.2534942627 -5.6607480049
784.7331542969 16.4452018738 0.0000000000 0.0000000000 112.8353347778 110.7977447510 -5.6594538689
783.4932250977 16.6000633240 0.0000000000 0.0000000000 112.9547348022 110.5812454224 -5.6580410004
782.3290405273 16.7546844482 0.0000000000 0.0000000000 113.0412292480 110.1390686035 -5.6417474747
781.8422241211 16.9091224670 0.0000000000 0.0000000000 113.1202545166 109.6378326416 -5.6248226166
780.4540405273 17.0634231567 0.0000000000 0.0000000000 113.2265548706 108.5442504883 -5.6254487038
779.2988891602 17.2174320221 0.0000000000 0.0000000000 113.3246231079 107.3197631836 -5.6254296303
777.7242431641 17.3712234497 0.0000000000 0.0000000000 113.3595657349 106.3962478638 -5.6125183105
776.0291137695 17.5248794556 0.0000000000 0.0000000000 113.4677352905 105.5958709717 -5.5938339233
774.3640747070 17.6783580780 0.0000000000 0.0000000000 113.5008544922 105.0010986328 -5.5901861191
772.9116210938 17.8315887451 0.0000000000 0.0000000000 113.6209106445 104.5689849854 -5.5850424767
771.7760620117 17.9844913483 0.0000000000 0.0000000000 113.7309722900 103.4064636230 -5.5726795197
770.7376708984 18.1370048523 0.0000000000 0.0000000000 113.8370971680 102.2484741211 -5.5597586632
769.2065429688 18.2891578674 0.0000000000 0.0000000000 113.9452896118 101.6660461426 -5.5531101227
768.0210571289 18.4409046173 0.0000000000 0.0000000000 114.0302505493 101.1433715820 -5.5468893051
767.2507934570 18.5923690796 0.0000000000 0.0000000000 114.1523895264 100.2426681519 -5.5349159241
766.1412963867 18.7436332703 0.0000000000 0.0000000000 114.2565841675 99.1304931641 -5.5218391418
765.0431518555 18.8946914673 0.0000000000 0.0000000000 114.3730316162 98.0625762939 -5.5133213997
763.2111206055 19.0455532074 0.0000000000 0.0000000000 114.4449386597 97.1753768921 -5.5092325211
761.7227783203 19.1960868835 0.0000000000 0.0000000000 114.5571899414 96.3198394775 -5.4938573837
760.3374633789 19.3463420868 0.0000000000 0.0000000000 114.7017898560 95.4172363281 -5.4818739891
758.9530029297 19.4963626862 0.0000000000 0.0000000000 114.7869720459 94.5207824707 -5.4724917412
757.3627929688 19.6461219788 0.0000000000 0.0000000000 114.8534088135 93.8103485107 -5.4648418427
756.0004882812 19.7956752777 0.0000000000 0.0000000000 114.9617462158 93.3918914795 -5.4550161362
754.5948486328 19.9450607300 0.0000000000 0.0000000000 115.0480957031 92.8492279053 -5.4453377724
753.7579956055 20.0943412781 0.0000000000 0.0000000000 115.1678543091 91.6488952637 -5.4380197525
752.7457885742 20.2435703278 0.0000000000 0.0000000000 115.2875289917 90.3330230713 -5.4291796684
751.6416625977 20.3927135468 0.0000000000 0.0000000000 115.4095916748 89.7016601562 -5.4181590080
750.5566406250 20.5417461395 0.0000000000 0.0000000000 115.5213851929 89.1045532227 -5.4073152542
749.2527465820 20.6906738281 0.0000000000 0.0000000000 115.6563186646 88.5843353271 -5.3973240852
748.0195922852 20.8395404816 0.0000000000 0.0000000000 115.7122192383 88.3067779541 -5.3866953850
746.6018676758 20.9883422852 0.0000000000 0.0000000000 115.8225708008 87.5698089600 -5.3745460510
745.0792236328 21.1370601654 0.0000000000 0.0000000000 115.9430007935 86.7107925415 -5.3626384735
743.4759521484 21.2856254578 0.0000000000 0.0000000000 116.0228424072 86.2110137939 -5.3519549370
742.1483154297 21.4341030121 0.0000000000 0.0000000000 116.1255187988 85.8097076416 -5.3409585953
740.8217163086 21.5824069977 0.0000000000 0.0000000000 116.1829299927 85.6001129150 -5.3298134804
739.6113891602 21.7306900024 0.0000000000 0.0000000000 116.2624130249 85.1151733398 -5.3200707436
738.1810302734 21.8790321350 0.0000000000 0.0000000000 116.3478698730 83.6617660522 -5.3170566559
736.8934326172 22.0274696350 0.0000000000 0.0000000000 116.4490203857 82.8052978516 -5.3000597954
735.4435424805 22.1760997772 0.0000000000 0.0000000000 116.5366058350 82.8223571777 -5.2891883850
733.8165283203 22.3248481750 0.0000000000 0.0000000000 116.6332397461 82.3101959229 -5.2783246040
732.0787963867 22.4737644196 0.0000000000 0.0000000000 116.7036819458 81.7602233887 -5.2671861649
730.3336181641 22.6227703094 0.0000000000 0.0000000000 116.7755661011 81.4389190674 -5.2553949356
728.5275268555 22.7718505859 0.0000000000 0.0000000000 116.8685455322 80.6065216064 -5.2432241440
726.5430908203 22.9209060669 0.0000000000 0.0000000000 116.9647674561 79.9575958252 -5.2315316200
724.4926757812 23.0699005127 0.0000000000 0.0000000000 117.0692443848 79.3749237061 -5.2194156647
722.4337768555 23.2188377380 0.0000000000 0.0000000000 117.1645584106 78.7530822754 -5.2069592476
720.6338500977 23.3675804138 0.0000000000 0.0000000000 117.2635116577 78.0937271118 -5.1949820518
718.8481445312 23.5161380768 0.0000000000 0.0000000000 117.3554382324 77.1793289185 -5.1831245422
716.9733886719 23.6645317078 0.0000000000 0.0000000000 117.4648742676 76.9677963257 -5.1700739861
714.9219970703 23.8128757477 0.0000000000 0.0000000000 117.6204605103 77.1000213623 -5.1577339172
712.9947509766 23.9610214233 0.0000000000 0.0000000000 117.7508239746 76.6414642334 -5.1454262733
711.1931762695 24.1090145111 0.0000000000 0.0000000000 117.8641204834 76.7043762207 -5.1330313683
709.4605102539 24.2568111420 0.0000000000 0.0000000000 117.9845275879 77.4033279419 -5.1204576492
707.6138916016 24.4043655396 0.0000000000 0.0000000000 118.1143112183 77.3589248657 -5.1078677177
705.7067871094 24.5517063141 0.0000000000 0.0000000000 118.2817764282 76.2357788086 -5.0967760086
703.9722290039 24.6986618042 0.0000000000 0.0000000000 118.4461898804 74.9086074829 -5.0844712257
702.2723999023 24.8452968597 0.0000000000 0.0000000000 118.5917968750 74.1550292969 -5.0703954697
700.4779052734 24.9915809631 0.0000000000 0.0000000000 118.7290191650 73.8151855469 -5.0636711121
698.7106323242 25.1373329163 0.0000000000 0.0000000000 118.8464508057 73.6094512939 -5.0522150993
697.0493164062 25.2826347351 0.0000000000 0.0000000000 118.9558105469 73.1101837158 -5.0347614288
695.3516845703 25.4276027679 0.0000000000 0.0000000000 119.0479965210 72.7674102783 -5.0257520676
693.6674804688 25.5720520020 0.0000000000 0.0000000000 119.1540222168 72.9169616699 -5.0111546516
691.9208374023 25.7160644531 0.0000000000 0.0000000000 119.2624053955 72.1141510010 -5.0020890236
690.2110595703 25.8595027924 0.0000000000 0.0000000000 119.3748474121 70.9634094238 -4.9885296822
688.5563964844 26.0024414062 0.0000000000 0.0000000000 119.4920425415 70.3264007568 -4.9773697853
686.9445800781 26.1449642181 0.0000000000 0.0000000000 119.6154937744 69.7272491455 -4.9662799835
685.3742675781 26.2870655060 0.0000000000 0.0000000000 119.7338562012 69.0588226318 -4.9552040100
683.8317871094 26.4286956787 0.0000000000 0.0000000000 119.8306045532 68.8302154541 -4.9440226555
682.3115234375 26.5699195862 0.0000000000 0.0000000000 119.9190216064 68.8260955811 -4.9330244064
680.8059692383 26.7106895447 0.0000000000 0.0000000000 120.0176315308 68.5161590576 -4.9220519066
679.3327636719 26.8509101868 0.0000000000 0.0000000000 120.1270217896 68.1055908203 -4.9120097160
677.9051513672 26.9904479980 0.0000000000 0.0000000000 120.2251663208 67.4112930298 -4.9011955261
676.3788452148 27.1293563843 0.0000000000 0.0000000000 120.2965087891 67.0323181152 -4.8913536072
674.7699584961 27.2675933838 0.0000000000 0.0000000000 120.3421859741 67.0988006592 -4.8808746338
673.0581665039 27.4052391052 0.0000000000 0.0000000000 120.4108200073 67.1396026611 -4.8695912361
671.3441162109 27.5424518585 0.0000000000 0.0000000000 120.4895629883 66.8605346680 -4.8585572243
669.5872802734 27.6791400909 0.0000000000 0.0000000000 120.5567092896 66.0041885376 -4.8527007103
667.8778686523 27.8150291443 0.0000000000 0.0000000000 120.6282958984 65.3927459717 -4.8423323631
666.0800170898 27.9504947662 0.0000000000 0.0000000000 120.6929168701 65.3270950317 -4.8274288177
664.1649780273 28.0855751038 0.0000000000 0.0000000000 120.7748794556 65.0455017090 -4.8173623085
662.2230224609 28.2202606201 0.0000000000 0.0000000000 120.8592987061 64.4108963013 -4.8154358864
660.4588012695 28.3542842865 0.0000000000 0.0000000000 120.9580688477 63.9029159546 -4.8038692474
658.6473999023 28.4878616333 0.0000000000 0.0000000000 121.0470962524 63.8933181763 -4.7978601456
656.8327636719 28.6206054688 0.0000000000 0.0000000000 121.1189422607 63.7599563599 -4.7843561172
654.9633789062 28.7529048920 0.0000000000 0.0000000000 121.1648254395 63.2701416016 -4.7686562538
653.0538940430 28.8849143982 0.0000000000 0.0000000000 121.2150573730 62.8808517456 -4.7610244751
651.1537475586 29.0164623260 0.0000000000 0.0000000000 121.2893676758 62.3692779541 -4.7500839233
649.2077026367 29.1476421356 0.0000000000 0.0000000000 121.3759536743 61.5200271606 -4.7409248352
647.2244873047 29.2783489227 0.0000000000 0.0000000000 121.4553985596 60.8738174438 -4.7318778038
645.4134521484 29.4083957672 0.0000000000 0.0000000000 121.5040054321 60.6558837891 -4.7229413986
643.8436279297 29.5375843048 0.0000000000 0.0000000000 121.5503387451 60.6447601318 -4.7140059471
642.4273681641 29.6660881042 0.0000000000 0.0000000000 121.6023941040 60.4423599243 -4.7050180435
640.9650878906 29.7939624786 0.0000000000 0.0000000000 121.6559829712 60.0627593994 -4.6961050034
639.5291748047 29.9212074280 0.0000000000 0.0000000000 121.7057113647 59.7686157227 -4.6872611046
638.1936645508 30.0477600098 0.0000000000 0.0000000000 121.7503356934 59.4836120605 -4.6784100533
636.8430786133 30.1737003326 0.0000000000 0.0000000000 121.7828979492 58.9178848267 -4.6696262360
635.3725585938 30.2990531921 0.0000000000 0.0000000000 121.8096389771 58.0437164307 -4.6608791351
633.7690429688 30.4238090515 0.0000000000 0.0000000000 121.8323669434 57.0083045959 -4.6522789001
632.1053466797 30.5478973389 0.0000000000 0.0000000000 121.8578796387 56.2683906555 -4.6435518265
630.3457031250 30.6713047028 0.0000000000 0.0000000000 121.8908309937 56.0242919922 -4.6350278854
628.5827636719 30.7938518524 0.0000000000 0.0000000000 121.9141540527 55.7596092224 -4.6262035370
626.8615722656 30.9157409668 0.0000000000 0.0000000000 121.9412002563 55.0588684082 -4.6172308922
625.1817626953 31.0369281769 0.0000000000 0.0000000000 121.9702911377 54.2334976196 -4.6089553833
623.6229248047 31.1574230194 0.0000000000 0.0000000000 121.9971160889 53.7262802124 -4.6003437042
622.0663452148 31.2772293091 0.0000000000 0.0000000000 122.0264205933 53.5093383789 -4.5917797089
620.4954833984 31.3963413239 0.0000000000 0.0000000000 122.0566558838 53.1689682007 -4.5837345123
618.9547119141 31.5146732330 0.0000000000 0.0000000000 122.0852432251 52.7505187988 -4.5747485161
617.3408813477 31.6323566437 0.0000000000 0.0000000000 122.1141052246 52.6377868652 -4.5682625771
615.7349853516 31.7492904663 0.0000000000 0.0000000000 122.1475372314 52.9202766418 -4.5579090118
614.0619506836 31.8656368256 0.0000000000 0.0000000000 122.1789932251 53.3870315552 -4.5495548248
612.3524780273 31.9813594818 0.0000000000 0.0000000000 122.2152175903 53.7323837280 -4.5412025452
610.7352905273 32.0964355469 0.0000000000 0.0000000000 122.2515487671 53.7466011047 -4.5329232216
609.1613159180 32.2108459473 0.0000000000 0.0000000000 122.2796630859 53.5534210205 -4.5246605873
607.6032714844 32.3246536255 0.0000000000 0.0000000000 122.3055191040 53.3209838867 -4.5164194107
605.9959716797 32.4379043579 0.0000000000 0.0000000000 122.3302841187 53.1760406494 -4.5081987381
604.5077514648 32.5506172180 0.0000000000 0.0000000000 122.3590927124 52.9254302979 -4.4999938011
603.1380615234 32.6628189087 0.0000000000 0.0000000000 122.3897781372 52.2554168701 -4.4918417931
601.7583007812 32.7745246887 0.0000000000 0.0000000000 122.4160079956 51.6065521240 -4.4837574959
600.2785034180 32.8857040405 0.0000000000 0.0000000000 122.4347229004 51.2947006226 -4.4757823944
598.8093872070 32.9962959290 0.0000000000 0.0000000000 122.4568099976 51.1419982910 -4.4677352905
597.4252929688 33.1063346863 0.0000000000 0.0000000000 122.4951934814 51.1503448486 -4.4597415924
596.1011352539 33.2157745361 0.0000000000 0.0000000000 122.5424270630 50.8483352661 -4.4518504143
594.7109375000 33.3246726990 0.0000000000 0.0000000000 122.5872268677 50.0763854980 -4.4486899376
593.3483886719 33.4329490662 0.0000000000 0.0000000000 122.6333541870 49.3422775269 -4.4459447861
592.1369628906 33.5405464172 0.0000000000 0.0000000000 122.6855468750 48.7171630859 -4.4286198616
590.6982421875 33.6475830078 0.0000000000 0.0000000000 122.7167282104 48.2416610718 -4.4209723473
589.1749267578 33.7540130615 0.0000000000 0.0000000000 122.7470932007 48.4022293091 -4.4133124352
587.7338867188 33.8598136902 0.0000000000 0.0000000000 122.7848663330 49.1362037659 -4.4057450294
586.2996215820 33.9650077820 0.0000000000 0.0000000000 122.8282928467 49.9469642639 -4.3983120918
584.7791137695 34.0696487427 0.0000000000 0.0000000000 122.8801269531 50.3870239258 -4.3905930519
583.3286743164 34.1737174988 0.0000000000 0.0000000000 122.9259872437 50.3097305298 -4.3831334114
582.1250610352 34.2771110535 0.0000000000 0.0000000000 122.9612503052 49.8097000122 -4.3758921623
581.1260986328 34.3798179626 0.0000000000 0.0000000000 122.9885864258 49.1178588867 -4.3685173988
580.1119995117 34.4819412231 0.0000000000 0.0000000000 123.0195617676 48.3993301392 -4.3609485626
579.0311889648 34.5836410522 0.0000000000 0.0000000000 123.0617675781 47.8859405518 -4.3535728455
577.9641723633 34.6848907471 0.0000000000 0.0000000000 123.1116638184 47.6366271973 -4.3463106155
576.9234619141 34.7855796814 0.0000000000 0.0000000000 123.1594161987 47.4329147339 -4.3389616013
575.8712158203 34.8857727051 0.0000000000 0.0000000000 123.1907882690 47.0922126770 -4.3317341805
574.7463989258 34.9855232239 0.0000000000 0.0000000000 123.2131576538 46.7441062927 -4.3247323036
573.5737915039 35.0848464966 0.0000000000 0.0000000000 123.2352371216 46.4789390564 -4.3173985481
572.3121337891 35.1838226318 0.0000000000 0.0000000000 123.2650680542 46.3258132935 -4.3101415634
570.9573364258 35.2824974060 0.0000000000 0.0000000000 123.3017272949 46.3816375732 -4.3047709465
569.6055297852 35.3804092407 0.0000000000 0.0000000000 123.3455657959 46.4176673889 -4.2961506844
568.2653198242 35.4778366089 0.0000000000 0.0000000000 123.3819046021 46.1671752930 -4.2885012627
566.9575195312 35.5748214722 0.0000000000 0.0000000000 123.4041595459 46.0899314880 -4.2813668251
565.7805786133 35.6713714600 0.0000000000 0.0000000000 123.4338073730 46.2782096863 -4.2741951942
564.6012573242 35.7675666809 0.0000000000 0.0000000000 123.4807434082 46.3038063049 -4.2671022415
563.3947753906 35.8633422852 0.0000000000 0.0000000000 123.5355682373 46.0988388062 -4.2599353790
562.1544189453 35.9586791992 0.0000000000 0.0000000000 123.6013641357 46.0345535278 -4.2527575493
561.0000000000 36.0535392761 0.0000000000 0.0000000000 123.6574020386 46.1072463989 -4.2456746101
559.8690795898 36.1478881836 0.0000000000 0.0000000000 123.6989593506 46.1892166138 -4.2383794785
558.6489257812 36.2418403625 0.0000000000 0.0000000000 123.7289733887 46.0949134827 -4.2312874794
557.3375244141 36.3354301453 0.0000000000 0.0000000000 123.7719879150 45.6634902954 -4.2241177559
556.0733032227 36.4286460876 0.0000000000 0.0000000000 123.8264999390 44.9696426392 -4.2171430588
554.8323974609 36.5214538574 0.0000000000 0.0000000000 123.8841857910 44.3092575073 -4.2100892067
553.6262817383 36.6137771606 0.0000000000 0.0000000000 123.9287033081 43.9239501953 -4.2032465935
552.5059204102 36.7056350708 0.0000000000 0.0000000000 123.9645462036 43.8875694275 -4.1963834763
551.4738769531 36.7970428467 0.0000000000 0.0000000000 123.9913406372 43.8450088501 -4.1895937920
550.4862670898 36.8879623413 0.0000000000 0.0000000000 124.0213088989 43.3538169861 -4.1828732491
549.4224243164 36.9784698486 0.0000000000 0.0000000000 124.0522079468 42.7768287659 -4.1810469627
548.2998046875 37.0685234070 0.0000000000 0.0000000000 124.0949325562 42.7456741333 -4.1695604324
547.0800781250 37.1581764221 0.0000000000 0.0000000000 124.1319503784 43.1040725708 -4.1630535126
545.9359741211 37.2473945618 0.0000000000 0.0000000000 124.1628952026 43.2341995239 -4.1565666199
544.8598632812 37.3361968994 0.0000000000 0.0000000000 124.1898956299 42.8887138367 -4.1501297951
543.7396850586 37.4246482849 0.0000000000 0.0000000000 124.2214965820 42.1881217957 -4.1437897682
542.5342407227 37.5126304626 0.0000000000 0.0000000000 124.2540130615 41.6077690125 -4.1374497414
541.4235839844 37.6000747681 0.0000000000 0.0000000000 124.2892227173 41.5421714783 -4.1312241554
540.4367065430 37.6870155334 0.0000000000 0.0000000000 124.3275527954 41.8842773438 -4.1249117851
539.4653320312 37.7734184265 0.0000000000 0.0000000000 124.3649826050 42.3615226746 -4.1190094948
538.4490966797 37.8592948914 0.0000000000 0.0000000000 124.3993148804 42.9044799805 -4.1127572060
537.4595947266 37.9448356628 0.0000000000 0.0000000000 124.4349136353 43.4386253357 -4.1068038940
536.4880371094 38.0300292969 0.0000000000 0.0000000000 124.4719543457 44.0092315674 -4.1009902954
535.4874267578 38.1149139404 0.0000000000 0.0000000000 124.5027313232 44.5587577820 -4.0955080986
534.4615478516 38.1994056702 0.0000000000 0.0000000000 124.5216369629 44.9260292053 -4.0897340775
533.4337158203 38.2834548950 0.0000000000 0.0000000000 124.5335006714 44.9524765015 -4.0842080116
532.4329833984 38.3671112061 0.0000000000 0.0000000000 124.5471496582 44.6797218323 -4.0789036751
531.4066162109 38.4503746033 0.0000000000 0.0000000000 124.5603942871 44.4608917236 -4.0734314919
530.2775878906 38.5334167480 0.0000000000 0.0000000000 124.5720901489 44.6054458618 -4.0681476593
529.1632690430 38.6162071228 0.0000000000 0.0000000000 124.5836868286 44.7664985657 -4.0629215240
528.1239013672 38.6986808777 0.0000000000 0.0000000000 124.5992813110 44.3961448669 -4.0577182770
527.1295166016 38.7808685303 0.0000000000 0.0000000000 124.6136856079 43.4526519775 -4.0526504517
526.1160278320 38.8627967834 0.0000000000 0.0000000000 124.6266021729 42.5261878967 -4.0476374626
525.0906982422 38.9444503784 0.0000000000 0.0000000000 124.6358337402 42.0841064453 -4.0426764488
524.0705566406 39.0258064270 0.0000000000 0.0000000000 124.6485748291 42.1579017639 -4.0381073952
523.0366210938 39.1067962646 0.0000000000 0.0000000000 124.6658401489 42.4611511230 -4.0329484940
521.9865722656 39.1873931885 0.0000000000 0.0000000000 124.6838684082 42.6333694458 -4.0283207893
520.8977050781 39.2675285339 0.0000000000 0.0000000000 124.6959838867 42.5154571533 -4.0235142708
519.8480834961 39.3471908569 0.0000000000 0.0000000000 124.7004394531 42.1483993530 -4.0188212395
518.8429565430 39.4263496399 0.0000000000 0.0000000000 124.7016983032 41.7410202026 -4.0143780708
517.9235229492 39.5049781799 0.0000000000 0.0000000000 124.7061462402 41.5510063171 -4.0096535683
516.9724121094 39.5831298828 0.0000000000 0.0000000000 124.7203674316 41.6158294678 -4.0052614212
516.0391235352 39.6608047485 0.0000000000 0.0000000000 124.7413406372 41.5816726685 -4.0007948875
515.1201782227 39.7380485535 0.0000000000 0.0000000000 124.7655639648 41.3543815613 -3.9965250492
514.2400512695 39.8148994446 0.0000000000 0.0000000000 124.7880706787 41.1311569214 -3.9922728539
513.3558959961 39.8913841248 0.0000000000 0.0000000000 124.8046417236 41.0449485779 -3.9880912304
512.4224853516 39.9676055908 0.0000000000 0.0000000000 124.8221969604 40.8064651489 -3.9840383530
511.5110778809 40.0435791016 0.0000000000 0.0000000000 124.8361206055 40.1745147705 -3.9799561501
510.5746459961 40.1193428040 0.0000000000 0.0000000000 124.8475265503 39.5365066528 -3.9760136604
509.6012268066 40.1949577332 0.0000000000 0.0000000000 124.8580093384 39.1850891113 -3.9722275734
508.5716552734 40.2703285217 0.0000000000 0.0000000000 124.8637619019 39.2032775879 -3.9684519768
507.6814270020 40.3454322815 0.0000000000 0.0000000000 124.8769302368 39.6864967346 -3.9649655819
506.8586730957 40.4202728271 0.0000000000 0.0000000000 124.8897323608 40.4936065674 -3.9612915516
505.9981689453 40.4949417114 0.0000000000 0.0000000000 124.8949737549 40.9742927551 -3.9579195976
505.1032104492 40.5693664551 0.0000000000 0.0000000000 124.9027481079 40.9438247681 -3.9546124935
504.1997985840 40.6435203552 0.0000000000 0.0000000000 124.9156417847 40.9529457092 -3.9515106678
503.3356628418 40.7173576355 0.0000000000 0.0000000000 124.9278335571 41.4945983887 -3.9597213268
502.5884399414 40.7907447815 0.0000000000 0.0000000000 124.9459991455 42.5519332886 -3.9458179474
501.5685119629 40.8638763428 0.0000000000 0.0000000000 124.9425888062 43.6836395264 -3.9513218403
500.6290588379 40.9365653992 0.0000000000 0.0000000000 124.9527053833 44.2119102478 -3.9490504265
499.8685607910 41.0088882446 0.0000000000 0.0000000000 124.9993591309 43.8582229614 -3.9385299683
498.8508605957 41.0808601379 0.0000000000 0.0000000000 125.0157470703 43.5855522156 -3.9362428188
497.6834411621 41.1525802612 0.0000000000 0.0000000000 125.0224990845 43.4455337524 -3.9338369370
496.6320190430 41.2240409851 0.0000000000 0.0000000000 125.0464172363 42.5831069946 -3.9314064980
495.6000976562 41.2952804565 0.0000000000 0.0000000000 125.0886688232 41.6989593506 -3.9285280704
494.5119934082 41.3659019470 0.0000000000 0.0000000000 125.1251602173 41.6344451904 -3.9264492989
493.5226440430 41.4359016418 0.0000000000 0.0000000000 125.1684875488 41.9415969849 -3.9238898754
492.7908935547 41.5052528381 0.0000000000 0.0000000000 125.1910552979 42.2749481201 -3.9212427139
492.2285766602 41.5740623474 0.0000000000 0.0000000000 125.2385101318 42.4416961670 -3.9191691875
491.6108093262 41.6419906616 0.0000000000 0.0000000000 125.2776489258 42.4948272705 -3.9169261456
490.9217529297 41.7095985413 0.0000000000 0.0000000000 125.3164978027 42.3927383423 -3.9142661095
490.2099304199 41.7769889832 0.0000000000 0.0000000000 125.3456802368 41.8714370728 -3.9124879837
489.4552917480 41.8441810608 0.0000000000 0.0000000000 125.3651504517 41.1840667725 -3.9106240273
488.5660705566 41.9108619690 0.0000000000 0.0000000000 125.3768920898 40.7494812012 -3.9090826511
487.5646362305 41.9772415161 0.0000000000 0.0000000000 125.3993606567 40.5452384949 -3.9075887203
486.5433044434 42.0432548523 0.0000000000 0.0000000000 125.4231643677 40.3035545349 -3.9065139294
485.5595397949 42.1088218689 0.0000000000 0.0000000000 125.4514083862 39.9609909058 -3.9053485394
484.6145935059 42.1739006042 0.0000000000 0.0000000000 125.4873199463 39.7086524963 -3.9045503139
483.7059020996 42.2383079529 0.0000000000 0.0000000000 125.5300445557 39.7708282471 -3.9033463001
482.8442382812 42.3020782471 0.0000000000 0.0000000000 125.5733566284 39.8823318481 -3.9027519226
482.0101013184 42.3652839661 0.0000000000 0.0000000000 125.6161499023 39.6967697144 -3.9010784626
481.1226501465 42.4280281067 0.0000000000 0.0000000000 125.6663436890 39.8836898804 -3.9005753994
480.2114562988 42.4902572632 0.0000000000 0.0000000000 125.7235412598 40.7221298218 -3.8984808922
479.2638244629 42.5520629883 0.0000000000 0.0000000000 125.7872238159 40.9313392639 -3.8977458477
478.4053955078 42.6134757996 0.0000000000 0.0000000000 125.8476409912 40.3042030334 -3.8952639103
477.4940795898 42.6745300293 0.0000000000 0.0000000000 125.8955230713 40.3028564453 -3.8948636055
476.6560058594 42.7351570129 0.0000000000 0.0000000000 125.9415054321 40.8653144836 -3.8931765556
475.8335876465 42.7951583862 0.0000000000 0.0000000000 125.9884185791 40.8271255493 -3.8927547932
474.9853210449 42.8547477722 0.0000000000 0.0000000000 126.0192794800 40.2934570312 -3.8923785686
474.2043762207 42.9138641357 0.0000000000 0.0000000000 126.0478668213 40.4820251465 -3.8926270008
473.5389404297 42.9725456238 0.0000000000 0.0000000000 126.0763702393 41.4075660706 -3.8944821358
472.8493957520 43.0306549072 0.0000000000 0.0000000000 126.1056442261 41.9604759216 -3.8965163231
472.0722045898 43.0884513855 0.0000000000 0.0000000000 126.1397323608 41.7160415649 -3.9009754658
471.2561340332 43.1458587646 0.0000000000 0.0000000000 126.1789016724 41.2521209717 -3.9050030708
470.3920898438 43.2028465271 0.0000000000 0.0000000000 126.2223510742 41.2978553772 -3.9106812477
469.4093933105 43.2595558167 0.0000000000 0.0000000000 126.2687225342 41.8215713501 -3.9154877663
468.2676086426 43.3160362244 0.0000000000 0.0000000000 126.3203887939 42.1591148376 -3.9206457138
467.2250366211 43.3722076416 0.0000000000 0.0000000000 126.3756103516 42.5901184082 -3.9258601665
466.3496398926 43.4280242920 0.0000000000 0.0000000000 126.4362182617 43.9071197510 -3.9321069717
465.4741821289 43.4834861755 0.0000000000 0.0000000000 126.5052261353 45.4029426575 -3.9397408962
464.5408325195 43.5387268066 0.0000000000 0.0000000000 126.5821762085 46.4055480957 -3.9468493462
463.5598144531 43.5937461853 0.0000000000 0.0000000000 126.6657867432 47.3014755249 -3.9561448097
462.7303771973 43.6484184265 0.0000000000 0.0000000000 126.7470474243 48.3010559082 -3.9647877216
461.9776916504 43.7029457092 0.0000000000 0.0000000000 126.8132476807 49.6285552979 -3.9763016701
461.1619873047 43.7572402954 0.0000000000 0.0000000000 126.8423843384 48.9689636230 -3.9866855145
460.5236206055 43.8112869263 0.0000000000 0.0000000000 126.8517684937 46.4096794128 -3.9982194901
459.9690246582 43.8650894165 0.0000000000 0.0000000000 126.8338394165 46.2631492615 -4.0110721588
459.3027648926 43.9186058044 0.0000000000 0.0000000000 126.8349761963 46.8164291382 -4.0253643990
458.4452819824 43.9718894958 0.0000000000 0.0000000000 126.8228607178 48.1847457886 -4.0420608521
457.7686157227 44.0245437622 0.0000000000 0.0000000000 126.7871093750 48.2765541077 -4.0551309586
457.1679382324 44.0768394470 0.0000000000 0.0000000000 126.7425384521 48.4791564941 -4.0684199333
456.4669799805 44.1288337708 0.0000000000 0.0000000000 126.7083053589 49.8851737976 -4.0814194679
455.6598510742 44.1805534363 0.0000000000 0.0000000000 126.6769332886 50.5841102600 -4.0907483101
454.9157714844 44.2320480347 0.0000000000 0.0000000000 126.6428909302 49.0734710693 -4.0991353989
454.2136840820 44.2831687927 0.0000000000 0.0000000000 126.5996627808 47.5927200317 -4.1027069092
453.3293151855 44.3336143494 0.0000000000 0.0000000000 126.5523071289 48.7101821899 -4.1038460732
452.3381958008 44.3831558228 0.0000000000 0.0000000000 126.5212173462 48.2632560730 -4.1012082100
451.4457397461 44.4319953918 0.0000000000 0.0000000000 126.5164947510 47.1202659607 -4.0946779251
450.4913024902 44.4802207947 0.0000000000 0.0000000000 126.5216140747 47.3980674744 -4.0874924660
449.2788696289 44.5278358459 0.0000000000 0.0000000000 126.5187759399 46.6127433777 -4.0731868744
447.9310913086 44.5750312805 0.0000000000 0.0000000000 126.5242462158 45.4442291260 -4.0615625381
446.5600280762 44.6218681335 0.0000000000 0.0000000000 126.5605087280 45.0909271240 -4.0417995453
445.1518554688 44.6681518555 0.0000000000 0.0000000000 126.5703048706 46.2451553345 -4.0241961479
443.8356933594 44.7139320374 0.0000000000 0.0000000000 126.5773620605 49.1625022888 -3.9991030693
442.7583007812 44.7590141296 0.0000000000 0.0000000000 126.5963363647 51.7447204590 -3.9791207314
442.0661621094 44.8033485413 0.0000000000 0.0000000000 126.6147537231 53.3467788696 -3.9549117088
441.2592773438 44.8470344543 0.0000000000 0.0000000000 126.5920333862 53.1091651917 -3.9366908073
440.8519592285 44.8897933960 0.0000000000 0.0000000000 126.5811767578 52.2027244568 -3.9220476151
440.3919372559 44.9317207336 0.0000000000 0.0000000000 126.5654220581 52.5829505920 -3.9091618061
439.4558715820 44.9726028442 0.0000000000 0.0000000000 126.5749053955 52.8241691589 -3.9018008709
438.9013671875 45.0121879578 0.0000000000 0.0000000000 126.5957565308 52.6264533997 -3.8968856335
438.6958923340 45.0503501892 0.0000000000 0.0000000000 126.5451507568 53.3838424683 -3.8966419697
438.2423706055 45.0872535706 0.0000000000 0.0000000000 126.4338455200 54.8502883911 -3.8991310596
437.4241027832 45.1230545044 0.0000000000 0.0000000000 126.3400878906 55.3467674255 -3.8987233639
436.0130004883 45.1578788757 0.0000000000 0.0000000000 126.3083801270 55.3110275269 -3.9036467075
434.1660461426 45.1913185120 0.0000000000 0.0000000000 126.2869110107 56.6650238037 -3.9012372494
432.0145568848 45.2233467102 0.0000000000 0.0000000000 126.2414550781 57.1210937500 -3.9037864208
430.3894348145 45.2537345886 0.0000000000 0.0000000000 126.1630096436 54.7471160889 -3.8977077007
429.3749694824 45.2825698853 0.0000000000 0.0000000000 126.1213455200 53.3788337708 -3.8959681988
428.3009948730 45.3102798462 0.0000000000 0.0000000000 126.1047363281 51.3299446106 -3.8857665062
426.8170166016 45.3368415833 0.0000000000 0.0000000000 126.1225585938 46.7191429138 -3.8827877045
425.3144531250 45.3625106812 0.0000000000 0.0000000000 126.1819534302 45.2833328247 -3.8679740429
424.2781677246 45.3871765137 0.0000000000 0.0000000000 126.2724990845 44.9583015442 -3.8695063591
423.6389160156 45.4109268188 0.0000000000 0.0000000000 126.2867279053 44.3969268799 -3.8577775955
423.1675415039 45.4341659546 0.0000000000 0.0000000000 126.2288665771 43.3255233765 -3.8673665524
422.6963500977 45.4570350647 0.0000000000 0.0000000000 126.1995086670 43.8467636108 -3.8641283512
422.0831604004 45.4798049927 0.0000000000 0.0000000000 126.2508850098 46.4131584167 -3.8803265095
421.1105957031 45.5027503967 0.0000000000 0.0000000000 126.3204956055 47.4801216125 -3.8873796463
420.1771545410 45.5257682800 0.0000000000 0.0000000000 126.3627548218 46.4779701233 -3.9126360416
419.9268493652 45.5489463806 0.0000000000 0.0000000000 126.4014663696 45.8434410095 -3.9285190105
419.9090270996 45.5724182129 0.0000000000 0.0000000000 126.4222793579 47.0285949707 -3.9521517754
419.6119079590 45.5964469910 0.0000000000 0.0000000000 126.4620361328 46.8816299438 -3.9670209885
418.9968566895 45.6207695007 0.0000000000 0.0000000000 126.5729293823 47.3483734131 -3.9750161171
418.5996093750 45.6455726624 0.0000000000 0.0000000000 126.7398529053 47.1106185913 -3.9684998989
418.4515686035 45.6707496643 0.0000000000 0.0000000000 126.8216171265 45.4774856567 -3.9456248283
418.2361450195 45.6964073181 0.0000000000 0.0000000000 126.8126831055 45.8219718933 -3.8915009499
418.0270690918 45.7225036621 0.0000000000 0.0000000000 126.7734146118 46.2625389099 -3.8166394234
417.8656311035 45.7491950989 0.0000000000 0.0000000000 126.6994934082 47.4337158203 -3.7164700031
417.4133911133 45.7764778137 0.0000000000 0.0000000000 126.6539306641 46.4437980652 -3.5956840515
416.8381958008 45.8042602539 0.0000000000 0.0000000000 126.5707778931 45.0893783569 -3.4865369797
416.9936218262 45.8324089050 0.0000000000 0.0000000000 126.4446182251 43.6411399841 -3.3880271912
418.2619934082 45.8610191345 0.0000000000 0.0000000000 126.3529281616 43.8513107300 -3.3424582481
420.5173034668 45.8903160095 0.0000000000 0.0000000000 126.1538238525 43.6766242981 -3.3427228928
423.2365722656 45.9206161499 0.0000000000 0.0000000000 125.9729309082 42.6578102112 -3.4002943039
426.3033752441 45.9521903992 0.0000000000 0.0000000000 125.8981323242 41.6639175415 -3.5054605007
429.5361633301 45.9852371216 0.0000000000 0.0000000000 125.8479003906 40.1688919067 -3.6564733982
432.2881469727 46.0199775696 0.0000000000 0.0000000000 125.7498092651 39.2676811218 -3.8456499577
434.1755065918 46.0567283630 0.0000000000 0.0000000000 125.6483001709 37.9867362976 -4.0836973190
434.8747863770 46.0959510803 0.0000000000 0.0000000000 125.5649642944 36.8411674500 -4.3690242767
434.1571350098 46.1379623413 0.0000000000 0.0000000000 125.7047576904 35.7403526306 -4.7247734070
432.0045776367 46.1825828552 0.0000000000 0.0000000000 126.1777267456 35.0425910950 -5.1396641731
429.8092956543 46.2294120789 0.0000000000 0.0000000000 126.8032073975 34.6471443176 -5.6153020859
429.4872436523 46.2775192261 0.0000000000 0.0000000000 127.7889328003 34.9932899475 -6.0780057907
433.2127685547 46.3259849548 0.0000000000 0.0000000000 128.7792358398 36.4796295166 -6.3460159302
439.6863403320 46.3737144470 0.0000000000 0.0000000000 129.0354919434 40.2463378906 -6.1422924995
441.8986816406 46.4180946350 0.0000000000 0.0000000000 128.7419128418 46.7779922485 -5.2670631409
435.4963378906 46.4550666809 0.0000000000 0.0000000000 128.1795501709 53.2866287231 -3.6101627350
420.1757202148 46.4818992615 0.0000000000 0.0000000000 127.4495544434 55.7974319458 -1.1907129288
399.4066162109 46.4976768494 0.0000000000 0.0000000000 126.3839340210 56.9228057861 1.4287862778
381.6048278809 46.5030059814 0.0000000000 0.0000000000 124.8827667236 57.5441741943 3.3574247360
373.2627563477 46.4998512268 0.0000000000 0.0000000000 123.6476211548 56.3603019714 4.0298376083
374.8954772949 46.4898071289 0.0000000000 0.0000000000 123.2942199707 52.7877044678 3.5228013992
383.7041320801 46.4740905762 0.0000000000 0.0000000000 123.5367050171 49.9073295593 2.2842497826
396.3255004883 46.4537010193 0.0000000000 0.0000000000 124.0882568359 48.2061614990 0.8221817017
409.6418457031 46.4292335510 0.0000000000 0.0000000000 125.6370697021 47.3605079651 -0.4523875713
421.1221923828 46.4012870789 0.0000000000 0.0000000000 126.0982818604 49.6877708435 -1.3330012560
430.9151306152 46.3704605103 0.0000000000 0.0000000000 126.8488388062 54.1595993042 -1.9529316425
437.8972778320 46.3379325867 0.0000000000 0.0000000000 127.0270538330 61.0105514526 -2.3368918896
442.3862609863 46.3051300049 0.0000000000 0.0000000000 126.5282363892 71.7966690063 -2.5078513622
444.9389953613 46.2728347778 0.0000000000 0.0000000000 126.4451370239 80.0789642334 -2.5745351315
445.7255249023 46.2413940430 0.0000000000 0.0000000000 126.3978958130 85.0921020508 -2.5948789120
445.3792724609 46.2107429504 0.0000000000 0.0000000000 126.1547927856 92.5195159912 -2.6033196449
445.4204406738 46.1806602478 0.0000000000 0.0000000000 125.6212539673 101.9966812134 -2.6153640747
446.2085571289 46.1507911682 0.0000000000 0.0000000000 124.9100570679 106.6995239258 -2.6320545673
446.6301574707 46.1209754944 0.0000000000 0.0000000000 124.3839187622 106.8667526245 -2.6480429173
445.9874267578 46.0909194946 0.0000000000 0.0000000000 124.0522613525 106.9984283447 -2.6607365608
445.2651672363 46.0601425171 0.0000000000 0.0000000000 123.8148574829 102.5647277832 -2.6720986366
446.2030334473 46.0283813477 0.0000000000 0.0000000000 123.5289916992 96.2215270996 -2.6863889694
449.3183593750 45.9959716797 0.0000000000 0.0000000000 123.0429534912 90.6249160767 -2.7092053890
453.4574279785 45.9639358521 0.0000000000 0.0000000000 122.5434188843 85.0308227539 -2.7388160229
456.6853942871 45.9334831238 0.0000000000 0.0000000000 122.1007003784 79.4518127441 -2.7681705952
458.1942138672 45.9055480957 0.0000000000 0.0000000000 121.7824630737 73.7295303345 -2.7925770283
458.9859008789 45.8805389404 0.0000000000 0.0000000000 121.5624923706 68.6598358154 -2.8108999729
460.2728881836 45.8584556580 0.0000000000 0.0000000000 121.2323379517 65.5588378906 -2.8284902573
461.9274291992 45.8393211365 0.0000000000 0.0000000000 120.8309249878 62.7649650574 -2.8487548828
463.1166687012 45.8233451843 0.0000000000 0.0000000000 120.4125289917 58.0910415649 -2.8703687191
463.6524047852 45.8106155396 0.0000000000 0.0000000000 120.1266403198 53.0588569641 -2.8901803493
464.1284484863 45.8009223938 0.0000000000 0.0000000000 120.0051727295 50.2205047607 -2.9055798054
465.2699890137 45.7939262390 0.0000000000 0.0000000000 119.9636001587 46.6160278320 -2.9171140194
466.9497375488 45.7893981934 0.0000000000 0.0000000000 119.9064178467 43.6364479065 -2.9299488068
468.7623596191 45.7874832153 0.0000000000 0.0000000000 119.7803497314 40.1673812866 -2.9460277557
470.6151428223 45.7883987427 0.0000000000 0.0000000000 119.6818618774 36.3388748169 -2.9628386497
472.5083312988 45.7924118042 0.0000000000 0.0000000000 119.6947479248 34.5980491638 -2.9775097370
474.2131652832 45.7996253967 0.0000000000 0.0000000000 119.8122711182 34.2593460083 -2.9896161556
475.4899902344 45.8100624084 0.0000000000 0.0000000000 119.9316024780 35.3104896545 -3.0021579266
476.4877929688 45.8234786987 0.0000000000 0.0000000000 119.9880752563 37.3931541443 -3.0162739754
477.6788635254 45.8396568298 0.0000000000 0.0000000000 120.0022811890 36.7343139648 -3.0312213898
478.9766235352 45.8584785461 0.0000000000 0.0000000000 120.0423126221 35.2923240662 -3.0444405079
479.7719116211 45.8797912598 0.0000000000 0.0000000000 120.1549453735 35.8866348267 -3.0557680130
479.6719360352 45.9032630920 0.0000000000 0.0000000000 120.3143920898 35.7334442139 -3.0661790371
479.1643066406 45.9282379150 0.0000000000 0.0000000000 120.4514007568 34.3254280090 -3.0774214268
479.2297058105 45.9539871216 0.0000000000 0.0000000000 120.5736770630 33.8457412720 -3.0886180401
480.1660461426 45.9801216125 0.0000000000 0.0000000000 120.6701583862 33.8856086731 -3.0985217094
481.3727722168 46.0067481995 0.0000000000 0.0000000000 120.8115539551 34.0492820740 -3.1075212955
482.0695190430 46.0340995789 0.0000000000 0.0000000000 120.9703216553 33.3879508972 -3.1156165600
482.3869628906 46.0621566772 0.0000000000 0.0000000000 121.1638717651 32.1114654541 -3.1241378784
483.0054016113 46.0907135010 0.0000000000 0.0000000000 121.3707656860 31.6523971558 -3.1322355270
483.9841308594 46.1197929382 0.0000000000 0.0000000000 121.5259323120 32.3179054260 -3.1395549774
484.7271728516 46.1495513916 0.0000000000 0.0000000000 121.6110839844 33.2584800720 -3.1455936432
484.8007507324 46.1800994873 0.0000000000 0.0000000000 121.6706924438 34.1427001953 -3.1512372494
484.5393066406 46.2113075256 0.0000000000 0.0000000000 121.7330322266 34.3242721558 -3.1571526527
484.3558044434 46.2429924011 0.0000000000 0.0000000000 121.8302536011 34.9530868530 -3.1623601913
484.4634399414 46.2748680115 0.0000000000 0.0000000000 121.9122009277 35.3250045776 -3.1668605804
484.7069702148 46.3068046570 0.0000000000 0.0000000000 121.9349441528 33.6532287598 -3.1703946590
485.1451110840 46.3387565613 0.0000000000 0.0000000000 121.9391860962 31.2009258270 -3.1741869450
485.9259338379 46.3708114624 0.0000000000 0.0000000000 121.9754638672 31.8597087860 -3.1768164635
486.8415832520 46.4031181335 0.0000000000 0.0000000000 122.0276184082 33.5797538757 -3.1805806160
487.4991149902 46.4357910156 0.0000000000 0.0000000000 122.0811386108 33.4120445251 -3.1829512119
487.8287963867 46.4687881470 0.0000000000 0.0000000000 122.1002960205 32.4262542725 -3.1849436760
488.0835876465 46.5019798279 0.0000000000 0.0000000000 122.0722656250 31.1646995544 -3.1870291233
488.4546508789 46.5353164673 0.0000000000 0.0000000000 122.0000610352 30.3193321228 -3.1886868477
488.7286987305 46.5687408447 0.0000000000 0.0000000000 121.9193420410 30.9369316101 -3.1900172234
488.7112121582 46.6022224426 0.0000000000 0.0000000000 121.8585968018 31.8605747223 -3.1909134388
488.4884033203 46.6354637146 0.0000000000 0.0000000000 121.8118820190 31.4985466003 -3.1918144226
488.4154663086 46.6681747437 0.0000000000 0.0000000000 121.7697830200 30.1314506531 -3.1924281120
488.7132263184 46.7001762390 0.0000000000 0.0000000000 121.7173385620 29.2395496368 -3.1928100586
489.1819763184 46.7314910889 0.0000000000 0.0000000000 121.6675491333 29.5401000977 -3.1929941177
489.5274658203 46.7622032166 0.0000000000 0.0000000000 121.6106796265 29.8593292236 -3.1929750443
489.6959838867 46.7924537659 0.0000000000 0.0000000000 121.5848388672 29.4205207825 -3.1929070950
489.8544311523 46.8222579956 0.0000000000 0.0000000000 121.5802688599 29.1700687408 -3.1925790310
490.0846557617 46.8516540527 0.0000000000 0.0000000000 121.5789489746 29.6483135223 -3.1919288635
490.3508300781 46.8807220459 0.0000000000 0.0000000000 121.5546340942 30.1706485748 -3.1912264824
490.5830383301 46.9096221924 0.0000000000 0.0000000000 121.5191421509 30.0216522217 -3.1905655861
490.7442626953 46.9383697510 0.0000000000 0.0000000000 121.4885864258 29.5854091644 -3.1891195774
490.7191772461 46.9671592712 0.0000000000 0.0000000000 121.4723587036 29.3845043182 -3.1877365112
490.3816223145 46.9959869385 0.0000000000 0.0000000000 121.4704284668 29.1993503571 -3.1860747337
489.7638549805 47.0247840881 0.0000000000 0.0000000000 121.4584503174 28.9027175903 -3.1842811108
489.1310119629 47.0532836914 0.0000000000 0.0000000000 121.4222564697 28.4123420715 -3.1824986935
488.7230834961 47.0813713074 0.0000000000 0.0000000000 121.3666152954 27.7234649658 -3.1804759502
488.5097045898 47.1090087891 0.0000000000 0.0000000000 121.3296890259 26.9867973328 -3.1784682274
488.3375244141 47.1363220215 0.0000000000 0.0000000000 121.3250885010 26.2372245789 -3.1761765480
488.1821899414 47.1634178162 0.0000000000 0.0000000000 121.3522796631 25.4153976440 -3.1739726067
488.1983032227 47.1903839111 0.0000000000 0.0000000000 121.3914871216 24.6027412415 -3.1719694138
488.4391479492 47.2173500061 0.0000000000 0.0000000000 121.4218444824 24.0794162750 -3.1695635319
488.7071228027 47.2444915771 0.0000000000 0.0000000000 121.4308319092 24.0305519104 -3.1670961380
488.8229064941 47.2720260620 0.0000000000 0.0000000000 121.4278945923 24.0807456970 -3.1645169258
488.6522521973 47.3001213074 0.0000000000 0.0000000000 121.4295425415 24.0256958008 -3.1618542671
488.2732849121 47.3287162781 0.0000000000 0.0000000000 121.4240112305 24.1937389374 -3.1591558456
487.8343200684 47.3577117920 0.0000000000 0.0000000000 121.4093627930 25.0716552734 -3.1562714577
487.4683532715 47.3869552612 0.0000000000 0.0000000000 121.3770294189 26.5577373505 -3.1536231041
487.1614990234 47.4164505005 0.0000000000 0.0000000000 121.3387298584 27.8259544373 -3.1505315304
486.9039916992 47.4461021423 0.0000000000 0.0000000000 121.3077774048 28.0640201569 -3.1478550434
486.6995849609 47.4757995605 0.0000000000 0.0000000000 121.2900238037 26.8164634705 -3.1446452141
486.5904235840 47.5054321289 0.0000000000 0.0000000000 121.2845458984 24.5870170593 -3.1419050694
486.5745849609 47.5350837708 0.0000000000 0.0000000000 121.2822265625 23.3934078217 -3.1387069225
486.6014404297 47.5648384094 0.0000000000 0.0000000000 121.2724533081 23.9160480499 -3.1357548237
486.5843505859 47.5947570801 0.0000000000 0.0000000000 121.2627334595 24.5488357544 -3.1325793266
486.5069885254 47.6248550415 0.0000000000 0.0000000000 121.2597503662 24.2891807556 -3.1294395924
486.3148193359 47.6551551819 0.0000000000 0.0000000000 121.2549285889 24.0936145782 -3.1263396740
485.9686279297 47.6856918335 0.0000000000 0.0000000000 121.2436904907 24.7440071106 -3.1231577396
485.5717773438 47.7163124084 0.0000000000 0.0000000000 121.2208709717 25.4954509735 -3.1200108528
485.3146972656 47.7469863892 0.0000000000 0.0000000000 121.1973419189 25.0429725647 -3.1169428825
485.1254577637 47.7776489258 0.0000000000 0.0000000000 121.1781921387 23.9057731628 -3.1136724949
484.9606628418 47.8083114624 0.0000000000 0.0000000000 121.1643600464 23.0300083160 -3.1105957031
484.7805175781 47.8389472961 0.0000000000 0.0000000000 121.1523971558 22.5128231049 -3.1073729992
484.6914672852 47.8694686890 0.0000000000 0.0000000000 121.1402740479 22.4951095581 -3.1041841507
484.6542053223 47.8999137878 0.0000000000 0.0000000000 121.1322555542 23.0991020203 -3.1010131836
484.6026916504 47.9303321838 0.0000000000 0.0000000000 121.1227874756 23.6996803284 -3.0977134705
484.5007324219 47.9607429504 0.0000000000 0.0000000000 121.1078033447 23.7790870667 -3.0946660042
484.2858581543 47.9911270142 0.0000000000 0.0000000000 121.0949020386 23.6639156342 -3.0913486481
484.0001525879 48.0214424133 0.0000000000 0.0000000000 121.0836410522 24.1676864624 -3.0883719921
483.7370605469 48.0516471863 0.0000000000 0.0000000000 121.0698547363 25.6113662720 -3.0850887299
483.5692749023 48.0816688538 0.0000000000 0.0000000000 121.0550613403 27.2870731354 -3.0820593834
483.4161376953 48.1114578247 0.0000000000 0.0000000000 121.0359344482 28.4970169067 -3.0788702965
483.2622680664 48.1410102844 0.0000000000 0.0000000000 121.0282974243 29.2949810028 -3.0757949352
483.1098632812 48.1704139709 0.0000000000 0.0000000000 121.0253982544 29.9319610596 -3.0726706982
482.9988708496 48.1996726990 0.0000000000 0.0000000000 121.0281677246 30.3963794708 -3.0695948601
482.9010009766 48.2288932800 0.0000000000 0.0000000000 121.0305175781 30.9422836304 -3.0664823055
482.7874450684 48.2581329346 0.0000000000 0.0000000000 121.0274200439 31.9719314575 -3.0634124279
482.6138305664 48.2873649597 0.0000000000 0.0000000000 121.0192337036 33.5055084229 -3.0603356361
482.4096984863 48.3165779114 0.0000000000 0.0000000000 121.0035324097 35.0052566528 -3.0572986603
482.2117614746 48.3457489014 0.0000000000 0.0000000000 120.9908218384 36.2118721008 -3.0542714596
481.9947509766 48.3748130798 0.0000000000 0.0000000000 120.9764328003 37.2233161926 -3.0513784885
481.7897644043 48.4037551880 0.0000000000 0.0000000000 120.9589767456 37.9324035645 -3.0484025478
481.5917358398 48.4325447083 0.0000000000 0.0000000000 120.9398193359 38.2991485596 -3.0456333160
481.4282531738 48.4611778259 0.0000000000 0.0000000000 120.9237899780 37.9256477356 -3.0425364971
481.2899780273 48.4896087646 0.0000000000 0.0000000000 120.9073028564 36.0946617126 -3.0400388241
481.1253662109 48.5178222656 0.0000000000 0.0000000000 120.8871765137 34.7848091125 -3.0371932983
480.9618835449 48.5458602905 0.0000000000 0.0000000000 120.8655090332 34.8385467529 -3.0345633030
480.8219299316 48.5737686157 0.0000000000 0.0000000000 120.8474655151 34.6955566406 -3.0317692757
480.6837158203 48.6016120911 0.0000000000 0.0000000000 120.8300170898 35.0673446655 -3.0291969776
480.5175781250 48.6293220520 0.0000000000 0.0000000000 120.8116378784 36.1502304077 -3.0264773369
480.3069763184 48.6569519043 0.0000000000 0.0000000000 120.7912216187 37.0700645447 -3.0239391327
480.0550842285 48.6845245361 0.0000000000 0.0000000000 120.7729263306 38.2770919800 -3.0213468075
479.8261718750 48.7120056152 0.0000000000 0.0000000000 120.7549209595 39.3780517578 -3.0188102722
479.5942382812 48.7393875122 0.0000000000 0.0000000000 120.7381134033 39.1167945862 -3.0163226128
479.3771667480 48.7666397095 0.0000000000 0.0000000000 120.7238769531 38.0937538147 -3.0137996674
479.1847229004 48.7937660217 0.0000000000 0.0000000000 120.6942901611 37.0515823364 -3.0113158226
479.0579528809 48.8207817078 0.0000000000 0.0000000000 120.6766433716 36.2957916260 -3.0088474751
478.9137573242 48.8477210999 0.0000000000 0.0000000000 120.6645660400 36.2726440430 -3.0063207150
478.7064514160 48.8746261597 0.0000000000 0.0000000000 120.6595687866 35.9648666382 -3.0038871765
478.4776916504 48.9014816284 0.0000000000 0.0000000000 120.6516799927 35.2113800049 -3.0013546944
478.3389587402 48.9282035828 0.0000000000 0.0000000000 120.6383361816 34.4487457275 -2.9989857674
478.2276306152 48.9547729492 0.0000000000 0.0000000000 120.6245880127 33.8618927002 -2.9964957237
478.0429382324 48.9812431335 0.0000000000 0.0000000000 120.6119995117 33.9557723999 -2.9941842556
477.7942810059 49.0075721741 0.0000000000 0.0000000000 120.5977172852 34.2254486084 -2.9917137623
477.5479125977 49.0337600708 0.0000000000 0.0000000000 120.5972976685 34.3195266724 -2.9894299507
477.3560485840 49.0597267151 0.0000000000 0.0000000000 120.5915908813 33.7936172485 -2.9869835377
477.1553955078 49.0854721069 0.0000000000 0.0000000000 120.5871887207 32.3631553650 -2.9847218990
476.9422607422 49.1110382080 0.0000000000 0.0000000000 120.5803527832 30.5478305817 -2.9823470116
476.7984924316 49.1363792419 0.0000000000 0.0000000000 120.5832214355 29.1661739349 -2.9800965786
476.7015686035 49.1615676880 0.0000000000 0.0000000000 120.5868911743 28.7503147125 -2.9778344631
476.5345458984 49.1866912842 0.0000000000 0.0000000000 120.5947189331 28.7032546997 -2.9755945206
476.3256225586 49.2117004395 0.0000000000 0.0000000000 120.5883789062 28.3709392548 -2.9734065533
476.1640625000 49.2365760803 0.0000000000 0.0000000000 120.5829772949 27.7835617065 -2.9712653160
476.0088806152 49.2613906860 0.0000000000 0.0000000000 120.5744171143 27.3433799744 -2.9690260887
475.7808532715 49.2862434387 0.0000000000 0.0000000000 120.5628509521 27.2273273468 -2.9668033123
475.5087890625 49.3111305237 0.0000000000 0.0000000000 120.5519180298 27.5411930084 -2.9646906853
475.3113403320 49.3359107971 0.0000000000 0.0000000000 120.5449905396 28.5247364044 -2.9625520706
475.1652832031 49.3605651855 0.0000000000 0.0000000000 120.5358123779 29.9251785278 -2.9604284763
475.0192260742 49.3851089478 0.0000000000 0.0000000000 120.5277252197 31.0566120148 -2.9583673477
474.8366088867 49.4095764160 0.0000000000 0.0000000000 120.5167694092 31.5769786835 -2.9562382698
474.6712951660 49.4339828491 0.0000000000 0.0000000000 120.5140609741 31.9906063080 -2.9542455673
474.5449829102 49.4583854675 0.0000000000 0.0000000000 120.5063171387 32.7344055176 -2.9521052837
474.3866271973 49.4828338623 0.0000000000 0.0000000000 120.4965896606 33.3303108215 -2.9501843452
474.1644897461 49.5074157715 0.0000000000 0.0000000000 120.4850311279 33.0740356445 -2.9480745792
473.9449462891 49.5320816040 0.0000000000 0.0000000000 120.4722366333 31.9092502594 -2.9461865425
473.7682189941 49.5567550659 0.0000000000 0.0000000000 120.4657135010 30.4415836334 -2.9441623688
473.5994873047 49.5814781189 0.0000000000 0.0000000000 120.4457855225 29.3807048798 -2.9422788620
473.3666992188 49.6062507629 0.0000000000 0.0000000000 120.4416503906 29.2703704834 -2.9403049946
473.1580200195 49.6310195923 0.0000000000 0.0000000000 120.4354324341 30.1002178192 -2.9383394718
472.9827880859 49.6557769775 0.0000000000 0.0000000000 120.4341506958 31.4931926727 -2.9364542961
472.8785400391 49.6805229187 0.0000000000 0.0000000000 120.4274978638 32.9276618958 -2.9345622063
472.6943054199 49.7052955627 0.0000000000 0.0000000000 120.4169311523 34.3992614746 -2.9326949120
472.5392456055 49.7300415039 0.0000000000 0.0000000000 120.4089355469 35.9841537476 -2.9309015274
472.3180236816 49.7547912598 0.0000000000 0.0000000000 120.4037780762 37.7041702271 -2.9290423393
472.1098022461 49.7795143127 0.0000000000 0.0000000000 120.3945312500 39.0245399475 -2.9273035526
471.8655700684 49.8041305542 0.0000000000 0.0000000000 120.3784790039 39.6365432739 -2.9254667759
471.6536865234 49.8285713196 0.0000000000 0.0000000000 120.3624191284 39.7101325989 -2.9237651825
471.4809265137 49.8528137207 0.0000000000 0.0000000000 120.3504562378 39.7579345703 -2.9219446182
471.2532958984 49.8768997192 0.0000000000 0.0000000000 120.3407516479 39.9983596802 -2.9202978611
471.0474548340 49.9008407593 0.0000000000 0.0000000000 120.3330383301 40.1217422485 -2.9184305668
470.8721618652 49.9246406555 0.0000000000 0.0000000000 120.3260803223 39.7955627441 -2.9168422222
470.7592468262 49.9482574463 0.0000000000 0.0000000000 120.3208160400 38.8134727478 -2.9148793221
470.6092529297 49.9717597961 0.0000000000 0.0000000000 120.3071060181 37.3361320496 -2.9132990837
470.4219360352 49.9951972961 0.0000000000 0.0000000000 120.2949371338 35.8900566101 -2.9114131927
470.2752990723 50.0184478760 0.0000000000 0.0000000000 120.2825241089 35.0778388977 -2.9096934795
470.1025390625 50.0415611267 0.0000000000 0.0000000000 120.2741394043 34.9733734131 -2.9079244137
469.9010314941 50.0645370483 0.0000000000 0.0000000000 120.2588577271 35.0473251343 -2.9061515331
469.7043151855 50.0873641968 0.0000000000 0.0000000000 120.2424163818 34.9946784973 -2.9045438766
469.5549621582 50.1100311279 0.0000000000 0.0000000000 120.2232131958 35.1261405945 -2.9027712345
469.4025268555 50.1325378418 0.0000000000 0.0000000000 120.2056961060 35.9257316589 -2.9012219906
469.2173156738 50.1549072266 0.0000000000 0.0000000000 120.1925430298 37.2427368164 -2.8995289803
469.0019836426 50.1771354675 0.0000000000 0.0000000000 120.1847381592 38.3423995972 -2.8979859352
468.8631896973 50.1992263794 0.0000000000 0.0000000000 120.1740875244 38.6205787659 -2.8963871002
468.7618408203 50.2211799622 0.0000000000 0.0000000000 120.1591567993 38.0140266418 -2.8948640823
468.6041870117 50.2430610657 0.0000000000 0.0000000000 120.1427459717 36.8153305054 -2.8933017254
468.4258422852 50.2648391724 0.0000000000 0.0000000000 120.1356735229 35.3833961487 -2.8917679787
468.2579040527 50.2865257263 0.0000000000 0.0000000000 120.1300430298 34.1291351318 -2.8902325630
468.1008605957 50.3080749512 0.0000000000 0.0000000000 120.1287231445 33.2850341797 -2.8886573315
467.9565429688 50.3294525146 0.0000000000 0.0000000000 120.1116867065 32.8044395447 -2.8871550560
467.8156433105 50.3507270813 0.0000000000 0.0000000000 120.0962753296 32.5262031555 -2.8855378628
467.6667175293 50.3719482422 0.0000000000 0.0000000000 120.0840911865 32.4100036621 -2.8840794563
467.4756469727 50.3930931091 0.0000000000 0.0000000000 120.0788574219 32.5419616699 -2.8824458122
467.2460632324 50.4141616821 0.0000000000 0.0000000000 120.0754547119 33.0048065186 -2.8810281754
467.0822753906 50.4350395203 0.0000000000 0.0000000000 120.0657882690 33.7463378906 -2.8793902397
466.9712524414 50.4557800293 0.0000000000 0.0000000000 120.0528488159 34.5867958069 -2.8779783249
466.8242797852 50.4764785767 0.0000000000 0.0000000000 120.0433502197 35.3833465576 -2.8764154911
466.6223754883 50.4971084595 0.0000000000 0.0000000000 120.0395202637 36.0483131409 -2.8749032021
466.4333801270 50.5176048279 0.0000000000 0.0000000000 120.0423202515 36.7561378479 -2.8735418320
466.3131408691 50.5379333496 0.0000000000 0.0000000000 120.0370864868 37.7432060242 -2.8718614578
466.2094421387 50.5581436157 0.0000000000 0.0000000000 120.0281524658 38.7852058411 -2.8707234859
466.0415649414 50.5783081055 0.0000000000 0.0000000000 120.0192794800 39.3624458313 -2.8690049648
465.8689880371 50.5983505249 0.0000000000 0.0000000000 120.0195465088 39.2282905579 -2.8678724766
465.6977844238 50.6182479858 0.0000000000 0.0000000000 120.0194625854 38.6320571899 -2.8663589954
465.5034790039 50.6380424500 0.0000000000 0.0000000000 120.0148849487 37.9513282776 -2.8650817871
465.3011474609 50.6577148438 0.0000000000 0.0000000000 120.0022506714 37.1823692322 -2.8638348579
465.1423645020 50.6772842407 0.0000000000 0.0000000000 119.9976348877 35.9851455688 -2.8624520302
464.9836120605 50.6967735291 0.0000000000 0.0000000000 119.9943161011 34.5286560059 -2.8613386154
464.7991638184 50.7162475586 0.0000000000 0.0000000000 119.9961624146 33.6581420898 -2.8599286079
464.6314697266 50.7356681824 0.0000000000 0.0000000000 119.9920654297 33.8387222290 -2.8588924408
464.5346069336 50.7550125122 0.0000000000 0.0000000000 119.9906845093 34.4618835449 -2.8575906754
464.4448852539 50.7742881775 0.0000000000 0.0000000000 119.9831008911 34.5663375854 -2.8565359116
464.2980651855 50.7936134338 0.0000000000 0.0000000000 119.9766006470 33.8188514709 -2.8553650379
464.1152038574 50.8129539490 0.0000000000 0.0000000000 119.9663848877 32.6025657654 -2.8542826176
463.9801330566 50.8322334290 0.0000000000 0.0000000000 119.9576797485 31.5346088409 -2.8531758785
463.8695373535 50.8514404297 0.0000000000 0.0000000000 119.9461212158 31.0527210236 -2.8521161079
463.6949768066 50.8705787659 0.0000000000 0.0000000000 119.9321365356 31.3134670258 -2.8510556221
463.4712524414 50.8897285461 0.0000000000 0.0000000000 119.9212112427 32.1644973755 -2.8499870300
463.3074645996 50.9088172913 0.0000000000 0.0000000000 119.9112167358 33.1850624084 -2.8489990234
463.1910095215 50.9278602600 0.0000000000 0.0000000000 119.9038238525 34.0285530090 -2.8478953838
463.0635375977 50.9469566345 0.0000000000 0.0000000000 119.8936004639 34.6462974548 -2.8469860554
462.9193725586 50.9661369324 0.0000000000 0.0000000000 119.8820114136 35.0035324097 -2.8459665775
462.7939453125 50.9852981567 0.0000000000 0.0000000000 119.8794555664 34.9494552612 -2.8450975418
462.6560363770 51.0044822693 0.0000000000 0.0000000000 119.8734588623 34.4374961853 -2.8441667557
462.4642639160 51.0236892700 0.0000000000 0.0000000000 119.8653411865 33.6538810730 -2.8432922363
462.2684631348 51.0428695679 0.0000000000 0.0000000000 119.8450393677 33.0254173279 -2.8423855305
462.1150207520 51.0620117188 0.0000000000 0.0000000000 119.8294906616 33.0626487732 -2.8415522575
461.9530944824 51.0811614990 0.0000000000 0.0000000000 119.8170242310 33.7932968140 -2.8406898975
461.7451477051 51.1002655029 0.0000000000 0.0000000000 119.8013381958 34.6827011108 -2.8398096561
461.5560302734 51.1193161011 0.0000000000 0.0000000000 119.7872238159 35.1350708008 -2.8390715122
461.4414672852 51.1382675171 0.0000000000 0.0000000000 119.7582092285 35.1537437439 -2.8381991386
461.3302612305 51.1572113037 0.0000000000 0.0000000000 119.7319869995 35.2357444763 -2.8375763893
461.1705017090 51.1761589050 0.0000000000 0.0000000000 119.7103118896 35.7866058350 -2.8367915154
460.9751586914 51.1952514648 0.0000000000 0.0000000000 119.6900024414 36.6820373535 -2.8362326622
460.8035278320 51.2144012451 0.0000000000 0.0000000000 119.6770248413 37.6295394897 -2.8355236053
460.6245727539 51.2336235046 0.0000000000 0.0000000000 119.6315002441 38.5989494324 -2.8351464272
460.4183959961 51.2528839111 0.0000000000 0.0000000000 119.5903549194 39.8273353577 -2.8343508244
460.2107543945 51.2721214294 0.0000000000 0.0000000000 119.5439910889 41.3801078796 -2.8342077732
460.0346984863 51.2913780212 0.0000000000 0.0000000000 119.5042800903 42.9947204590 -2.8332893848
459.8347167969 51.3105545044 0.0000000000 0.0000000000 119.4588165283 44.3328437805 -2.8333959579
459.6349182129 51.3296585083 0.0000000000 0.0000000000 119.4112625122 45.2255096436 -2.8325467110
459.5132141113 51.3486595154 0.0000000000 0.0000000000 119.3624267578 45.7598037720 -2.8326809406
459.4252014160 51.3676528931 0.0000000000 0.0000000000 119.3239822388 46.1967658997 -2.8322184086
459.2593994141 51.3868064880 0.0000000000 0.0000000000 119.2980194092 46.7002372742 -2.8322632313
459.0137023926 51.4060516357 0.0000000000 0.0000000000 119.2917938232 47.1499824524 -2.8322215080
458.7937011719 51.4253425598 0.0000000000 0.0000000000 119.2996826172 47.1331214905 -2.8322384357
458.6026916504 51.4447479248 0.0000000000 0.0000000000 119.3269271851 46.3383255005 -2.8324627876
458.3784179688 51.4642295837 0.0000000000 0.0000000000 119.3714904785 44.7981376648 -2.8327107430
458.1214294434 51.4837532043 0.0000000000 0.0000000000 119.4241867065 42.9726715088 -2.8331189156
457.9177551270 51.5032844543 0.0000000000 0.0000000000 119.4825515747 41.4536361694 -2.8335225582
457.7517395020 51.5229034424 0.0000000000 0.0000000000 119.5457382202 40.8472862244 -2.8339745998
457.5429382324 51.5426445007 0.0000000000 0.0000000000 119.6073608398 41.2743721008 -2.8345668316
457.2710266113 51.5624160767 0.0000000000 0.0000000000 119.6648178101 42.4079818726 -2.8350703716
457.0514831543 51.5822029114 0.0000000000 0.0000000000 119.7223815918 43.8601760864 -2.8358614445
456.8658447266 51.6019744873 0.0000000000 0.0000000000 119.7794952393 45.6004257202 -2.8365290165
456.6369018555 51.6218299866 0.0000000000 0.0000000000 119.8305740356 47.4659843445 -2.8373296261
456.3382263184 51.6417961121 0.0000000000 0.0000000000 119.8738708496 48.7531585693 -2.8381524086
456.0661010742 51.6617889404 0.0000000000 0.0000000000 119.9187088013 48.8887672424 -2.8386869431
455.7836914062 51.6818084717 0.0000000000 0.0000000000 119.9535446167 48.1912078857 -2.8393192291
455.4788818359 51.7019004822 0.0000000000 0.0000000000 119.9750671387 46.5944328308 -2.8397154808
455.1321105957 51.7219924927 0.0000000000 0.0000000000 119.9933624268 44.2090530396 -2.8401951790
454.8273925781 51.7419891357 0.0000000000 0.0000000000 120.0153121948 42.0718116760 -2.8406717777
454.4994506836 51.7619056702 0.0000000000 0.0000000000 120.0376052856 40.9699554443 -2.8412635326
454.1476135254 51.7817001343 0.0000000000 0.0000000000 120.0572738647 40.5394554138 -2.8419511318
453.8180541992 51.8014068604 0.0000000000 0.0000000000 120.0759048462 40.1977043152 -2.8428306580
453.5368652344 51.8210144043 0.0000000000 0.0000000000 120.0803604126 39.4942245483 -2.8437249660
453.2219848633 51.8405647278 0.0000000000 0.0000000000 120.0874328613 38.3690490723 -2.8452258110
452.8255004883 51.8601226807 0.0000000000 0.0000000000 120.0944976807 37.2597236633 -2.8467614651
452.4421081543 51.8796768188 0.0000000000 0.0000000000 120.1041336060 36.3356437683 -2.8491055965
452.0464782715 51.8991775513 0.0000000000 0.0000000000 120.1006317139 35.3753890991 -2.8512957096
451.6188354492 51.9186782837 0.0000000000 0.0000000000 120.0938873291 34.4917716980 -2.8539512157
451.1723327637 51.9381332397 0.0000000000 0.0000000000 120.0925140381 34.0995903015 -2.8568074703
450.7668457031 51.9575119019 0.0000000000 0.0000000000 120.0959472656 34.1772384644 -2.8599312305
450.3902893066 51.9767990112 0.0000000000 0.0000000000 120.0930633545 34.4012794495 -2.8635177612
449.9712524414 51.9960556030 0.0000000000 0.0000000000 120.0877456665 34.4977798462 -2.8675470352
449.4747314453 52.0153083801 0.0000000000 0.0000000000 120.0859985352 34.4716110229 -2.8715360165
449.0445251465 52.0344543457 0.0000000000 0.0000000000 120.0938644409 34.4760742188 -2.8762290478
448.5847778320 52.0535736084 0.0000000000 0.0000000000 120.1072158813 34.7081871033 -2.8810377121
448.0174865723 52.0728111267 0.0000000000 0.0000000000 120.1128921509 35.2405052185 -2.8866870403
447.4692382812 52.0920219421 0.0000000000 0.0000000000 120.1205673218 35.9209442139 -2.8931105137
446.9269104004 52.1112060547 0.0000000000 0.0000000000 120.1338424683 36.6471672058 -2.9004309177
446.2939147949 52.1304359436 0.0000000000 0.0000000000 120.1539535522 37.7389907837 -2.9087388515
445.5790405273 52.1497039795 0.0000000000 0.0000000000 120.1878509521 39.7337379456 -2.9176816940
444.9333190918 52.1689033508 0.0000000000 0.0000000000 120.1984252930 42.6701507568 -2.9278810024
444.3567199707 52.1881446838 0.0000000000 0.0000000000 120.2381286621 45.2809906006 -2.9393692017
443.6650695801 52.2076148987 0.0000000000 0.0000000000 120.2744445801 46.1329040527 -2.9517767429
442.8663024902 52.2273750305 0.0000000000 0.0000000000 120.3308944702 45.9645423889 -2.9660065174
442.0959167480 52.2473793030 0.0000000000 0.0000000000 120.4057617188 46.4167404175 -2.9809627533
441.3092956543 52.2676887512 0.0000000000 0.0000000000 120.4912490845 47.3795547485 -2.9985978603
440.3937683105 52.2883300781 0.0000000000 0.0000000000 120.5763092041 47.5615005493 -3.0169725418
439.4135131836 52.3093109131 0.0000000000 0.0000000000 120.6671829224 47.1916198730 -3.0382056236
438.3883056641 52.3306922913 0.0000000000 0.0000000000 120.7750320435 47.5630569458 -3.0611894131
437.2659606934 52.3524932861 0.0000000000 0.0000000000 120.8858261108 48.3237228394 -3.0871887207
436.0756225586 52.3746643066 0.0000000000 0.0000000000 120.9937362671 48.4221572876 -3.1147994995
434.7846069336 52.3971138000 0.0000000000 0.0000000000 121.1094741821 47.9798965454 -3.1455395222
433.4510192871 52.4199180603 0.0000000000 0.0000000000 121.2412567139 46.8053054810 -3.1780962944
432.0049133301 52.4430961609 0.0000000000 0.0000000000 121.3551406860 44.9729423523 -3.2171385288
430.4934692383 52.4666404724 0.0000000000 0.0000000000 121.4788894653 43.6463851929 -3.2573804855
428.8257446289 52.4906272888 0.0000000000 0.0000000000 121.5981750488 43.8691101074 -3.3073410988
426.9899597168 52.5152091980 0.0000000000 0.0000000000 121.7235107422 44.6916694641 -3.3567268848
425.0283508301 52.5402183533 0.0000000000 0.0000000000 121.8742218018 44.5998039246 -3.4178647995
423.0165100098 52.5656051636 0.0000000000 0.0000000000 122.0286636353 43.6261367798 -3.4816782475
420.7600708008 52.5915603638 0.0000000000 0.0000000000 122.1791839600 43.1509246826 -3.5578019619
418.2380065918 52.6179389954 0.0000000000 0.0000000000 122.3209762573 44.2390861511 -3.6448664665
415.5569763184 52.6449356079 0.0000000000 0.0000000000 122.4830093384 46.3450012207 -3.7441761494
412.7330322266 52.6725959778 0.0000000000 0.0000000000 122.6530990601 46.8677558899 -3.8626008034
409.5567016602 52.7008247375 0.0000000000 0.0000000000 122.8197097778 45.5353012085 -3.9975438118
406.1152038574 52.7296485901 0.0000000000 0.0000000000 123.0112686157 46.8916320801 -4.1565198898
402.5682373047 52.7590446472 0.0000000000 0.0000000000 123.2262039185 51.3291282654 -4.3390588760
398.7974243164 52.7890014648 0.0000000000 0.0000000000 123.4494934082 54.7623977661 -4.5508933067
394.9497680664 52.8196296692 0.0000000000 0.0000000000 123.7075347900 57.6311721802 -4.7911825180
391.1261901855 52.8509216309 0.0000000000 0.0000000000 123.9740829468 63.5159759521 -5.0616374016
387.6532592773 52.8827285767 0.0000000000 0.0000000000 124.1898422241 71.7743148804 -5.3621959686
384.7545776367 52.9147186279 0.0000000000 0.0000000000 124.4956283569 79.5013809204 -5.6800937653
382.9939270020 52.9462280273 0.0000000000 0.0000000000 124.7939758301 89.5013351440 -6.0029444695
382.8261108398 52.9762306213 0.0000000000 0.0000000000 124.9875183105 102.7877502441 -6.2839899063
384.8841857910 53.0033874512 0.0000000000 0.0000000000 125.1436614990 115.4968109131 -6.4548115730
389.8341369629 53.0260238647 0.0000000000 0.0000000000 125.2550506592 128.4380493164 -6.3858509064
397.8792114258 53.0419845581 0.0000000000 0.0000000000 125.1710281372 136.5621185303 -5.8780598640
407.4287414551 53.0487480164 0.0000000000 0.0000000000 124.9784851074 146.3523406982 -4.6691503525
414.1131591797 53.0439262390 0.0000000000 0.0000000000 124.7106628418 160.6349945068 -2.4691853523
409.8136901855 53.0245361328 0.0000000000 0.0000000000 124.4339981079 159.4805603027 0.8270540237
389.1560058594 52.9877548218 0.0000000000 0.0000000000 124.1402740479 154.4475097656 4.7564125061
358.1616210938 52.9308853149 0.0000000000 0.0000000000 123.8787231445 173.8959655762 8.2022924423
329.3845520020 52.8528785706 0.0000000000 0.0000000000 122.8506469727 194.5267028809 10.1140565872
311.1439819336 52.7539291382 0.0000000000 0.0000000000 120.9916076660 224.2950897217 10.1340751648
306.0794067383 52.6352272034 0.0000000000 0.0000000000 118.8100204468 243.7823791504 8.6736888885
311.8212585449 52.4997177124 0.0000000000 0.0000000000 116.3718032837 239.6686553955 6.4598078728
323.0316162109 52.3507270813 0.0000000000 0.0000000000 114.3578491211 223.8746948242 4.1962566376
333.7598571777 52.1908340454 0.0000000000 0.0000000000 112.8931655884 222.7935333252 2.3096385002
340.5922241211 52.0206069946 0.0000000000 0.0000000000 112.2872238159 226.4778442383 0.9465279579
343.9553222656 51.8392791748 0.0000000000 0.0000000000 111.8221511841 227.8159332275 0.0621981621
345.8083190918 51.6456069946 0.0000000000 0.0000000000 111.4914093018 219.4541015625 -0.4675710201
347.4437866211 51.4390754700 0.0000000000 0.0000000000 111.1495895386 209.0985717773 -0.7613902092
349.3588867188 51.2204589844 0.0000000000 0.0000000000 110.7779922485 199.0354156494 -0.9119210839
351.6692810059 50.9912986755 0.0000000000 0.0000000000 109.8656921387 197.8926849365 -0.9858278632
354.1504516602 50.7535362244 0.0000000000 0.0000000000 108.8680419922 198.5606231689 -1.0217765570
356.4745788574 50.5091247559 0.0000000000 0.0000000000 107.8267745972 177.8437042236 -1.0374702215
358.2748718262 50.2596817017 0.0000000000 0.0000000000 106.9124374390 160.4781951904 -1.0462883711
359.3437194824 50.0064239502 0.0000000000 0.0000000000 106.1911544800 136.8271179199 -1.0548198223
359.7105407715 49.7501754761 0.0000000000 0.0000000000 105.7882690430 125.4075851440 -1.0672333241
359.6454467773 49.4918327332 0.0000000000 0.0000000000 105.6758956909 107.9956283569 -1.0853946209
359.4999084473 49.2321128845 0.0000000000 0.0000000000 105.7205963135 99.0031433105 -1.1090948582
359.5606689453 48.9718818665 0.0000000000 0.0000000000 105.8660507202 85.3246002197 -1.1370010376
359.9815368652 48.7120819092 0.0000000000 0.0000000000 106.1226577759 79.9004516602 -1.1682791710
360.7477416992 48.4537467957 0.0000000000 0.0000000000 106.4431686401 70.7221908569 -1.2034276724
361.8259582520 48.1978416443 0.0000000000 0.0000000000 106.7900924683 64.2300186157 -1.2430350780
363.1503601074 47.9451789856 0.0000000000 0.0000000000 107.2314834595 57.8619537354 -1.2870482206
364.7682495117 47.6965827942 0.0000000000 0.0000000000 107.7063598633 52.2782287598 -1.3340967894
366.7420654297 47.4528846741 0.0000000000 0.0000000000 108.1971511841 49.4037818909 -1.3833210468
369.0469360352 47.2150726318 0.0000000000 0.0000000000 108.6591186523 46.5657081604 -1.4343698025
371.4927062988 46.9841880798 0.0000000000 0.0000000000 109.1162261963 42.8141098022 -1.4879117012
373.7837219238 46.7612380981 0.0000000000 0.0000000000 109.6345596313 41.4639129639 -1.5429737568
375.6760253906 46.5472221375 0.0000000000 0.0000000000 110.2321472168 43.2900581360 -1.5999113321
377.1734619141 46.3427505493 0.0000000000 0.0000000000 110.8938217163 44.8249626160 -1.6581312418
378.6351623535 46.1481399536 0.0000000000 0.0000000000 111.5392684937 46.0801048279 -1.7175436020
380.6458435059 45.9636230469 0.0000000000 0.0000000000 111.9905776978 46.0971603394 -1.7786449194
383.6241149902 45.7892990112 0.0000000000 0.0000000000 112.0258865356 45.5073318481 -1.8412384987
387.3974304199 45.6254119873 0.0000000000 0.0000000000 111.7968673706 47.1372070312 -1.9049532413
391.1181640625 45.4723472595 0.0000000000 0.0000000000 111.5353012085 52.6690292358 -1.9679307938
393.8056640625 45.3301963806 0.0000000000 0.0000000000 111.4651641846 57.0503997803 -2.0297966003
395.2227172852 45.1990623474 0.0000000000 0.0000000000 111.6029357910 56.9556770325 -2.0895147324
396.2093505859 45.0784072876 0.0000000000 0.0000000000 111.8068923950 57.2064514160 -2.1447565556
397.8244018555 44.9673500061 0.0000000000 0.0000000000 111.8612289429 56.3431472778 -2.1941838264
400.4751892090 44.8654518127 0.0000000000 0.0000000000 111.8747100830 55.6221084595 -2.2370402813
403.9496154785 44.7725219727 0.0000000000 0.0000000000 111.8656845093 56.6375312805 -2.2727251053
407.4577331543 44.6885528564 0.0000000000 0.0000000000 112.0121231079 64.5370407104 -2.3004908562
410.1329650879 44.6135635376 0.0000000000 0.0000000000 112.3245162964 74.8333129883 -2.3216462135
411.9311523438 44.5474090576 0.0000000000 0.0000000000 112.6319046021 82.4038467407 -2.3385477066
413.3281250000 44.4897613525 0.0000000000 0.0000000000 112.9123229980 90.5413284302 -2.3532114029
415.1274414062 44.4402351379 0.0000000000 0.0000000000 113.0920944214 94.1375198364 -2.3684875965
417.2333679199 44.3983726501 0.0000000000 0.0000000000 113.1447753906 90.8896408081 -2.3866033554
418.8036499023 44.3639030457 0.0000000000 0.0000000000 113.0824584961 93.6305999756 -2.4082329273
419.1729431152 44.3363189697 0.0000000000 0.0000000000 113.0343856812 97.7134780884 -2.4337737560
418.6755371094 44.3147850037 0.0000000000 0.0000000000 113.0483779907 92.0320892334 -2.4617457390
418.3066711426 44.2982940674 0.0000000000 0.0000000000 113.0717391968 85.0513992310 -2.4912235737
418.7317504883 44.2858848572 0.0000000000 0.0000000000 113.0572280884 81.2063674927 -2.5203595161
419.9992370605 44.2767486572 0.0000000000 0.0000000000 112.9812164307 78.9470901489 -2.5491206646
421.7997131348 44.2705726624 0.0000000000 0.0000000000 112.9022064209 79.8711929321 -2.5763683319
423.8047485352 44.2676124573 0.0000000000 0.0000000000 112.9006042480 75.9132843018 -2.6016199589
425.8957519531 44.2680130005 0.0000000000 0.0000000000 113.0334396362 67.2154006958 -2.6247620583
428.0809020996 44.2720260620 0.0000000000 0.0000000000 113.2120056152 64.0327682495 -2.6447460651
430.4758911133 44.2796897888 0.0000000000 0.0000000000 113.3046264648 60.0005874634 -2.6639230251
433.1065368652 44.2915191650 0.0000000000 0.0000000000 113.3008499146 53.5101432800 -2.6809113026
435.7062683105 44.3079566956 0.0000000000 0.0000000000 113.2379684448 53.5032310486 -2.6965677738
437.7339477539 44.3292999268 0.0000000000 0.0000000000 113.2075042725 52.6984596252 -2.7123372555
438.8582458496 44.3555297852 0.0000000000 0.0000000000 113.1829528809 49.9551544189 -2.7282934189
439.2609558105 44.3861808777 0.0000000000 0.0000000000 113.1289062500 48.7201843262 -2.7444605827
439.5836791992 44.4204788208 0.0000000000 0.0000000000 113.0821609497 45.0702133179 -2.7602057457
440.4481506348 44.4575614929 0.0000000000 0.0000000000 113.0982589722 43.0524024963 -2.7753977776
441.7843017578 44.4969863892 0.0000000000 0.0000000000 113.1624984741 43.1742744446 -2.7895491123
443.1248474121 44.5384788513 0.0000000000 0.0000000000 113.2458877563 42.0305557251 -2.8023357391
444.3196105957 44.5818595886 0.0000000000 0.0000000000 113.3815841675 39.8090438843 -2.8128962517
445.6665649414 44.6270942688 0.0000000000 0.0000000000 113.5482559204 39.9569129944 -2.8221194744
447.3111572266 44.6740798950 0.0000000000 0.0000000000 113.7547607422 38.1854476929 -2.8296618462
449.0305480957 44.7228660583 0.0000000000 0.0000000000 113.9247207642 34.4381103516 -2.8374474049
450.4242248535 44.7735786438 0.0000000000 0.0000000000 114.0573272705 32.0917778015 -2.8443467617
451.2818298340 44.8263435364 0.0000000000 0.0000000000 114.1957092285 29.9572029114 -2.8513860703
451.6425170898 44.8808441162 0.0000000000 0.0000000000 114.3588638306 27.6330051422 -2.8578684330
451.6277160645 44.9369010925 0.0000000000 0.0000000000 114.5150604248 26.9477767944 -2.8644356728
451.3706665039 44.9939498901 0.0000000000 0.0000000000 114.6212310791 26.2451210022 -2.8702108860
451.1752624512 45.0515251160 0.0000000000 0.0000000000 114.6792984009 26.0526218414 -2.8751969337
451.1666870117 45.1094017029 0.0000000000 0.0000000000 114.7439346313 27.2767486572 -2.8793010712
451.2912597656 45.1675186157 0.0000000000 0.0000000000 114.8395767212 27.0312595367 -2.8828866482
451.4556274414 45.2257804871 0.0000000000 0.0000000000 114.9559020996 25.5779438019 -2.8863658905
451.6460876465 45.2841720581 0.0000000000 0.0000000000 115.0734024048 23.8467044830 -2.8899719715
452.1139831543 45.3428153992 0.0000000000 0.0000000000 115.1817626953 22.3207530975 -2.8936851025
452.8492431641 45.4018554688 0.0000000000 0.0000000000 115.2898254395 21.1030445099 -2.8969449997
453.4991455078 45.4615936279 0.0000000000 0.0000000000 115.3866806030 20.0411968231 -2.8995163441
453.7964782715 45.5222854614 0.0000000000 0.0000000000 115.4942703247 19.7306632996 -2.9012188911
453.8331604004 45.5839004517 0.0000000000 0.0000000000 115.6086120605 19.6366615295 -2.9023437500
453.7971496582 45.6462745667 0.0000000000 0.0000000000 115.7163467407 19.6894721985 -2.9031918049
453.6901245117 45.7091217041 0.0000000000 0.0000000000 115.7840194702 20.6538791656 -2.9039394855
453.5013732910 45.7722015381 0.0000000000 0.0000000000 115.8193893433 22.0978965759 -2.9046132565
453.3285217285 45.8353004456 0.0000000000 0.0000000000 115.8444061279 22.9209403992 -2.9050135612
453.1523437500 45.8981742859 0.0000000000 0.0000000000 115.8863525391 23.4383392334 -2.9054436684
452.9566040039 45.9605979919 0.0000000000 0.0000000000 115.9500808716 23.2061347961 -2.9046957493
452.7414855957 46.0223464966 0.0000000000 0.0000000000 116.0020828247 22.3770771027 -2.9040639400
452.7301940918 46.0832405090 0.0000000000 0.0000000000 116.0369720459 21.8811893463 -2.9033222198
452.9088134766 46.1433029175 0.0000000000 0.0000000000 116.0590744019 22.0193195343 -2.9027161598
453.1816101074 46.2026214600 0.0000000000 0.0000000000 116.0738754272 22.3283615112 -2.9020936489
453.3674926758 46.2613105774 0.0000000000 0.0000000000 116.0879821777 21.8932418823 -2.9014720917
453.4201965332 46.3193893433 0.0000000000 0.0000000000 116.1136932373 20.4939212799 -2.9007406235
453.4844665527 46.3767509460 0.0000000000 0.0000000000 116.1459655762 19.8475227356 -2.8998169899
453.5913085938 46.4333534241 0.0000000000 0.0000000000 116.1553421021 20.6228504181 -2.8987927437
453.7343750000 46.4891548157 0.0000000000 0.0000000000 116.1414794922 21.4939174652 -2.8976724148
453.9142456055 46.5441818237 0.0000000000 0.0000000000 116.1134796143 21.7597675323 -2.8965752125
454.0524597168 46.5984840393 0.0000000000 0.0000000000 116.0916290283 21.7048835754 -2.8958759308
454.1880493164 46.6520957947 0.0000000000 0.0000000000 116.0907669067 22.0345249176 -2.8941965103
454.3399658203 46.7049942017 0.0000000000 0.0000000000 116.0940628052 23.0524387360 -2.8928217888
454.4893798828 46.7570495605 0.0000000000 0.0000000000 116.0991897583 24.0085449219 -2.8912196159
454.6584472656 46.8082389832 0.0000000000 0.0000000000 116.1119384766 24.0792560577 -2.8894705772
454.6874694824 46.8586044312 0.0000000000 0.0000000000 116.1257858276 23.1700878143 -2.8875169754
454.5591735840 46.9080619812 0.0000000000 0.0000000000 116.1385269165 21.5544471741 -2.8856229782
454.2859497070 46.9564323425 0.0000000000 0.0000000000 116.1480865479 20.0813980103 -2.8836534023
453.9822998047 47.0036048889 0.0000000000 0.0000000000 116.1454238892 19.3005657196 -2.8817732334
453.7364196777 47.0494651794 0.0000000000 0.0000000000 116.1406784058 18.7639503479 -2.8798844814
453.5249328613 47.0939254761 0.0000000000 0.0000000000 116.1554565430 18.1149597168 -2.8780851364
453.3444519043 47.1370201111 0.0000000000 0.0000000000 116.1523590088 17.8495979309 -2.8763568401
453.2539978027 47.1788520813 0.0000000000 0.0000000000 116.1655120850 18.2343406677 -2.8746969700
453.3170776367 47.2196044922 0.0000000000 0.0000000000 116.2098236084 18.6409759521 -2.8731553555
453.5433044434 47.2594566345 0.0000000000 0.0000000000 116.2583618164 18.8181877136 -2.8716614246
453.8495788574 47.2986564636 0.0000000000 0.0000000000 116.3039779663 19.3568515778 -2.8701939583
454.0937194824 47.3375167847 0.0000000000 0.0000000000 116.3486251831 20.4493026733 -2.8687140942
454.2116088867 47.3762779236 0.0000000000 0.0000000000 116.3907241821 21.5177249908 -2.8675134182
454.1964111328 47.4149551392 0.0000000000 0.0000000000 116.4247436523 22.3536243439 -2.8657920361
454.0573425293 47.4536857605 0.0000000000 0.0000000000 116.4427108765 23.4205474854 -2.8643767834
453.8097839355 47.4923591614 0.0000000000 0.0000000000 116.4383697510 24.6058750153 -2.8629727364
453.5050659180 47.5308990479 0.0000000000 0.0000000000 116.4285202026 25.0571956635 -2.8616349697
453.2022094727 47.5692138672 0.0000000000 0.0000000000 116.4043273926 24.2563228607 -2.8602890968
452.9105224609 47.6072349548 0.0000000000 0.0000000000 116.3949356079 22.5955753326 -2.8589730263
452.6616821289 47.6448516846 0.0000000000 0.0000000000 116.3916015625 21.0227947235 -2.8577265739
452.4830627441 47.6820030212 0.0000000000 0.0000000000 116.3991928101 20.1923618317 -2.8565783501
452.3853454590 47.7186546326 0.0000000000 0.0000000000 116.4091262817 20.1495246887 -2.8555381298
452.3677368164 47.7548675537 0.0000000000 0.0000000000 116.4282073975 20.6368846893 -2.8545570374
452.3614807129 47.7907371521 0.0000000000 0.0000000000 116.4438858032 21.4118499756 -2.8536570072
452.3121032715 47.8264160156 0.0000000000 0.0000000000 116.4647216797 22.2930049896 -2.8527991772
452.1728820801 47.8619270325 0.0000000000 0.0000000000 116.4755096436 23.1562595367 -2.8520252705
451.9619445801 47.8973617554 0.0000000000 0.0000000000 116.4898910522 23.9292716980 -2.8512985706
451.6980895996 47.9327354431 0.0000000000 0.0000000000 116.4967193604 24.5380516052 -2.8506500721
451.4080505371 47.9680175781 0.0000000000 0.0000000000 116.4968566895 24.9122066498 -2.8500504494
451.0991210938 48.0031890869 0.0000000000 0.0000000000 116.4870147705 25.1861400604 -2.8495776653
450.8226013184 48.0382232666 0.0000000000 0.0000000000 116.4760284424 25.6754608154 -2.8490471840
450.5758056641 48.0730934143 0.0000000000 0.0000000000 116.4756011963 26.5021190643 -2.8486685753
450.3554992676 48.1078567505 0.0000000000 0.0000000000 116.4782409668 27.4911861420 -2.8481824398
450.1672058105 48.1425094604 0.0000000000 0.0000000000 116.4821014404 28.3369750977 -2.8478879929
450.0421142578 48.1770629883 0.0000000000 0.0000000000 116.4861068726 28.7813148499 -2.8473267555
449.9405517578 48.2115173340 0.0000000000 0.0000000000 116.4933929443 28.7968482971 -2.8471469879
449.8885803223 48.2459945679 0.0000000000 0.0000000000 116.4982299805 28.5192413330 -2.8464570045
449.7806701660 48.2805709839 0.0000000000 0.0000000000 116.5002212524 28.2372989655 -2.8466224670
449.5637512207 48.3153305054 0.0000000000 0.0000000000 116.4987030029 28.2866115570 -2.8458559513
449.3064270020 48.3502197266 0.0000000000 0.0000000000 116.4997253418 28.6828327179 -2.8463783264
449.0693054199 48.3851890564 0.0000000000 0.0000000000 116.4913101196 29.0432147980 -2.8458323479
448.8439941406 48.4201583862 0.0000000000 0.0000000000 116.4709625244 29.1071014404 -2.8463797569
448.5759277344 48.4550971985 0.0000000000 0.0000000000 116.4440765381 29.1661682129 -2.8464586735
448.3032531738 48.4899940491 0.0000000000 0.0000000000 116.4244766235 29.7620429993 -2.8468198776
448.0786132812 48.5248069763 0.0000000000 0.0000000000 116.4077148438 31.0555706024 -2.8475148678
447.8827514648 48.5595207214 0.0000000000 0.0000000000 116.3857803345 32.6935195923 -2.8479018211
447.6818237305 48.5940971375 0.0000000000 0.0000000000 116.3433532715 34.2749404907 -2.8487155437
447.5022277832 48.6285285950 0.0000000000 0.0000000000 116.3025817871 35.6474418640 -2.8495616913
447.3231811523 48.6628532410 0.0000000000 0.0000000000 116.2749252319 36.7969551086 -2.8503816128
447.0993347168 48.6971054077 0.0000000000 0.0000000000 116.2626266479 37.5409469604 -2.8516011238
446.8331298828 48.7313156128 0.0000000000 0.0000000000 116.2457809448 37.5797691345 -2.8526735306
446.5838012695 48.7654380798 0.0000000000 0.0000000000 116.2193298340 37.1134872437 -2.8540167809
446.3632812500 48.7994651794 0.0000000000 0.0000000000 116.1912689209 36.7019653320 -2.8554298878
446.1565856934 48.8334236145 0.0000000000 0.0000000000 116.1575469971 36.4851341248 -2.8569834232
445.8304443359 48.8673591614 0.0000000000 0.0000000000 116.1418991089 36.1086158752 -2.8585467339
445.4327087402 48.9012260437 0.0000000000 0.0000000000 116.1446304321 35.2653770447 -2.8601715565
445.1045227051 48.9349746704 0.0000000000 0.0000000000 116.1677093506 34.0523757935 -2.8619084358
444.8451232910 48.9686317444 0.0000000000 0.0000000000 116.1982040405 32.7732696533 -2.8634877205
444.5718383789 49.0022392273 0.0000000000 0.0000000000 116.2366485596 31.7121028900 -2.8653364182
444.2008361816 49.0358352661 0.0000000000 0.0000000000 116.2771530151 30.9445209503 -2.8672635555
443.8249206543 49.0693664551 0.0000000000 0.0000000000 116.3170166016 30.4143829346 -2.8693363667
443.5394897461 49.1028213501 0.0000000000 0.0000000000 116.3501434326 29.9721240997 -2.8716394901
443.2871093750 49.1361503601 0.0000000000 0.0000000000 116.3800888062 29.4740066528 -2.8740675449
442.9497680664 49.1694297791 0.0000000000 0.0000000000 116.4116592407 28.8947944641 -2.8766636848
442.5418701172 49.2026443481 0.0000000000 0.0000000000 116.4459991455 28.1415252686 -2.8792748451
442.1217956543 49.2358932495 0.0000000000 0.0000000000 116.4842071533 27.1406021118 -2.8818879128
441.7267150879 49.2691040039 0.0000000000 0.0000000000 116.5231399536 25.8516731262 -2.8846647739
441.3942260742 49.3023414612 0.0000000000 0.0000000000 116.5540618896 24.3353233337 -2.8874034882
441.0773315430 49.3356361389 0.0000000000 0.0000000000 116.5811996460 22.8972492218 -2.8904738426
440.7249755859 49.3690795898 0.0000000000 0.0000000000 116.6181640625 22.1099510193 -2.8936624527
440.3468322754 49.4026908875 0.0000000000 0.0000000000 116.6707611084 22.3506698608 -2.8969278336
439.9392395020 49.4364280701 0.0000000000 0.0000000000 116.7243194580 23.3800525665 -2.9002630711
439.5124816895 49.4702835083 0.0000000000 0.0000000000 116.7747650146 24.5440826416 -2.9036118984
439.1057739258 49.5042037964 0.0000000000 0.0000000000 116.8219223022 25.3166217804 -2.9069225788
438.7124938965 49.5382041931 0.0000000000 0.0000000000 116.8678970337 25.5323638916 -2.9101395607
438.2830505371 49.5722770691 0.0000000000 0.0000000000 116.9134750366 25.2431068420 -2.9133236408
437.7606811523 49.6064071655 0.0000000000 0.0000000000 116.9480133057 24.5510902405 -2.9162774086
437.1965026855 49.6405944824 0.0000000000 0.0000000000 116.9831619263 23.6419429779 -2.9191458225
436.6777954102 49.6747245789 0.0000000000 0.0000000000 117.0202941895 22.8035888672 -2.9219636917
436.2080688477 49.7087821960 0.0000000000 0.0000000000 117.0510025024 22.3254413605 -2.9248411655
435.6718139648 49.7427673340 0.0000000000 0.0000000000 117.0909500122 22.4014492035 -2.9278426170
435.0598754883 49.7766380310 0.0000000000 0.0000000000 117.1336975098 23.0672359467 -2.9310891628
434.4744262695 49.8103256226 0.0000000000 0.0000000000 117.1730041504 24.2106704712 -2.9345920086
433.9481201172 49.8438148499 0.0000000000 0.0000000000 117.2016448975 25.6497402191 -2.9384019375
433.4081726074 49.8771324158 0.0000000000 0.0000000000 117.2220535278 27.2697715759 -2.9423079491
432.8151550293 49.9103317261 0.0000000000 0.0000000000 117.2427215576 29.0600833893 -2.9463963509
432.1987609863 49.9434738159 0.0000000000 0.0000000000 117.2619705200 31.0719242096 -2.9507088661
431.5566711426 49.9765625000 0.0000000000 0.0000000000 117.2850646973 33.3493270874 -2.9551930428
430.8993530273 50.0095367432 0.0000000000 0.0000000000 117.2997436523 35.8977546692 -2.9602985382
430.2716064453 50.0423965454 0.0000000000 0.0000000000 117.3183975220 38.6749801636 -2.9660058022
429.6593933105 50.0751037598 0.0000000000 0.0000000000 117.3369674683 41.4541969299 -2.9724941254
429.0309143066 50.1076965332 0.0000000000 0.0000000000 117.3635177612 43.3500366211 -2.9794948101
428.3672180176 50.1401863098 0.0000000000 0.0000000000 117.3958435059 43.0986442566 -2.9871542454
427.6927185059 50.1725273132 0.0000000000 0.0000000000 117.4340744019 41.3618545532 -2.9949727058
