#         rmsthk      stdthk       rmsvel       stdvel       rmsdiv       stddiv       rmsusurf       stdusurf
-0.0000040320 0.0001576881 -50.9634590149 159.5063171387 0.0000000000 0.0000000000 0.0000000000 0.0000000000
-0.0331385881 0.7024781704 -49.0400428772 159.4866638184 0.0000000000 0.0000000000 0.0000000000 0.0000000000
-0.0312589295 1.3883054256 -44.7771835327 160.1079711914 0.0000000000 0.0000000000 0.0000000000 0.0000000000
-0.0149489185 2.0677096844 -39.5698509216 161.0945129395 0.0000000000 0.0000000000 0.0000000000 0.0000000000
0.0128962891 2.7355051041 -33.5268173218 162.5328826904 0.0000000000 0.0000000000 0.0000000000 0.0000000000
0.0364926010 3.3939592838 -26.9989490509 164.4018859863 0.0000000000 0.0000000000 0.0000000000 0.0000000000
0.0505573787 4.0395298004 -20.5770950317 166.5431671143 0.0000000000 0.0000000000 0.0000000000 0.0000000000
0.0545096882 4.6715188026 -14.9225616455 168.6636352539 0.0000000000 0.0000000000 0.0000000000 0.0000000000
0.0474736802 5.2911381721 -10.5396137238 170.4494934082 0.0000000000 0.0000000000 0.0000000000 0.0000000000
0.0299903490 5.8997769356 -7.6632676125 171.6675567627 0.0000000000 0.0000000000 0.0000000000 0.0000000000
0.0034536454 6.4982318878 -6.3002448082 172.1821441650 0.0000000000 0.0000000000 0.0000000000 0.0000000000
-0.0317868143 7.0881447792 -6.1121311188 172.1317749023 0.0000000000 0.0000000000 0.0000000000 0.0000000000
-0.0751834959 7.6708502769 -6.6014599800 171.8154602051 0.0000000000 0.0000000000 0.0000000000 0.0000000000
-0.1260630935 8.2467641830 -7.1953043938 171.6027221680 0.0000000000 0.0000000000 0.0000000000 0.0000000000
-0.1840031445 8.8153591156 -7.1757049561 171.9220733643 0.0000000000 0.0000000000 0.0000000000 0.0000000000
-0.2487776577 9.3762311935 -5.9219899178 173.1270751953 0.0000000000 0.0000000000 0.0000000000 0.0000000000
-0.3206086755 9.9297761917 -3.0965366364 175.3061065674 0.0000000000 0.0000000000 0.0000000000 0.0000000000
-0.4000037909 10.4776973724 1.2069716454 178.3422393799 0.0000000000 0.0000000000 0.0000000000 0.0000000000
-0.4871315360 11.0220203400 6.6997647285 182.1117401123 0.0000000000 0.0000000000 0.0000000000 0.0000000000
-0.5831691027 11.5643272400 12.9172592163 186.4657592773 0.0000000000 0.0000000000 0.0000000000 0.0000000000
-0.6884429455 12.1052017212 19.0415992737 191.1344757080 0.0000000000 0.0000000000 0.0000000000 0.0000000000
-0.8037959933 12.6452131271 23.5944538116 195.2929229736 0.0000000000 0.0000000000 0.0000000000 0.0000000000
-0.9294313192 13.1856021881 25.6896629333 198.3259429932 0.0000000000 0.0000000000 0.0000000000 0.0000000000
-1.0647348166 13.7274694443 25.4554901123 200.3514251709 0.0000000000 0.0000000000 0.0000000000 0.0000000000
-1.2083756924 14.2715730667 24.0586395264 202.0850830078 0.0000000000 0.0000000000 0.0000000000 0.0000000000
-1.3593294621 14.8182353973 22.7167949677 204.0903625488 0.0000000000 0.0000000000 0.0000000000 0.0000000000
-1.5160604715 15.3673152924 22.1717929840 206.4852600098 0.0000000000 0.0000000000 0.0000000000 0.0000000000
-1.6773422956 15.9184179306 22.4648742676 208.9727630615 0.0000000000 0.0000000000 0.0000000000 0.0000000000
-1.8420746326 16.4710731506 23.2427520752 211.3227233887 0.0000000000 0.0000000000 0.0000000000 0.0000000000
-2.0097563267 17.0248222351 24.0716075897 213.4634704590 0.0000000000 0.0000000000 0.0000000000 0.0000000000
-2.1797516346 17.5786857605 24.6359977722 215.4969940186 0.0000000000 0.0000000000 0.0000000000 0.0000000000
-2.3514328003 18.1316318512 24.7679996490 217.5809783936 0.0000000000 0.0000000000 0.0000000000 0.0000000000
-2.5239431858 18.6827354431 24.4550857544 219.9119110107 0.0000000000 0.0000000000 0.0000000000 0.0000000000
-2.6964168549 19.2311649323 23.9022750854 222.6528472900 0.0000000000 0.0000000000 0.0000000000 0.0000000000
-2.8682880402 19.7763862610 23.4035758972 225.9343719482 0.0000000000 0.0000000000 0.0000000000 0.0000000000
-3.0389082432 20.3181343079 23.2671413422 229.7494964600 0.0000000000 0.0000000000 0.0000000000 0.0000000000
-3.2079811096 20.8562889099 23.6287269592 233.8301696777 0.0000000000 0.0000000000 0.0000000000 0.0000000000
-3.3753690720 21.3906860352 24.5514049530 237.8211059570 0.0000000000 0.0000000000 0.0000000000 0.0000000000
-3.5412223339 21.9217605591 26.0204029083 241.5895996094 0.0000000000 0.0000000000 0.0000000000 0.0000000000
-3.7059388161 22.4501113892 27.8492374420 245.1075744629 0.0000000000 0.0000000000 0.0000000000 0.0000000000
-3.8698575497 22.9762115479 29.6171684265 248.3603210449 0.0000000000 0.0000000000 0.0000000000 0.0000000000
-4.0334677696 23.5005702972 30.7785568237 251.3364562988 0.0000000000 0.0000000000 0.0000000000 0.0000000000
-4.1969742775 24.0234813690 31.0031547546 253.9951477051 0.0000000000 0.0000000000 0.0000000000 0.0000000000
-4.3602457047 24.5449905396 30.2814826965 256.3064880371 0.0000000000 0.0000000000 0.0000000000 0.0000000000
-4.5229768753 25.0647449493 28.9459877014 258.1517028809 0.0000000000 0.0000000000 0.0000000000 0.0000000000
-4.6844067574 25.5820064545 27.4844379425 259.6311340332 0.0000000000 0.0000000000 0.0000000000 0.0000000000
-4.8438615799 26.0960998535 26.3369083405 260.7273254395 0.0000000000 0.0000000000 0.0000000000 0.0000000000
-5.0011501312 26.6063117981 25.7457141876 261.6947937012 0.0000000000 0.0000000000 0.0000000000 0.0000000000
-5.1564922333 27.1121139526 25.6894664764 262.8156127930 0.0000000000 0.0000000000 0.0000000000 0.0000000000
-5.3099322319 27.6130695343 25.9953613281 264.1631469727 0.0000000000 0.0000000000 0.0000000000 0.0000000000
-5.4618363380 28.1092014313 26.4082870483 265.9059753418 0.0000000000 0.0000000000 0.0000000000 0.0000000000
-5.6125149727 28.6005001068 26.6825637817 267.8779602051 0.0000000000 0.0000000000 0.0000000000 0.0000000000
-5.7621679306 29.0871086121 26.7168216705 269.9345703125 0.0000000000 0.0000000000 0.0000000000 0.0000000000
-5.9110007286 29.5691680908 26.5824546814 271.9241943359 0.0000000000 0.0000000000 0.0000000000 0.0000000000
-6.0589885712 30.0466957092 26.4775714874 273.8384399414 0.0000000000 0.0000000000 0.0000000000 0.0000000000
-6.2061519623 30.5197772980 26.5067844391 275.4360351562 0.0000000000 0.0000000000 0.0000000000 0.0000000000
-6.3527441025 30.9888572693 26.6738834381 276.7098388672 0.0000000000 0.0000000000 0.0000000000 0.0000000000
-6.4990515709 31.4541149139 26.9176578522 277.5365295410 0.0000000000 0.0000000000 0.0000000000 0.0000000000
-6.6453371048 31.9158306122 27.0507240295 277.8960876465 0.0000000000 0.0000000000 0.0000000000 0.0000000000
-6.7919087410 32.3742828369 26.8833332062 277.9814453125 0.0000000000 0.0000000000 0.0000000000 0.0000000000
-6.9385790825 32.8295021057 26.4742641449 277.8579711914 0.0000000000 0.0000000000 0.0000000000 0.0000000000
-7.0852570534 33.2814979553 25.9686012268 277.9947509766 0.0000000000 0.0000000000 0.0000000000 0.0000000000
-7.2318015099 33.7301254272 25.4974269867 278.3261108398 0.0000000000 0.0000000000 0.0000000000 0.0000000000
-7.3780469894 34.1754226685 25.3007125854 278.9436340332 0.0000000000 0.0000000000 0.0000000000 0.0000000000
-7.5238862038 34.6174468994 25.4421653748 279.6386108398 0.0000000000 0.0000000000 0.0000000000 0.0000000000
-7.6695771217 35.0564422607 25.7684688568 280.1651611328 0.0000000000 0.0000000000 0.0000000000 0.0000000000
-7.8153138161 35.4927406311 26.2148036957 280.5086975098 0.0000000000 0.0000000000 0.0000000000 0.0000000000
-7.9612236023 35.9267654419 26.6382312775 280.6300964355 0.0000000000 0.0000000000 0.0000000000 0.0000000000
-8.1076326370 36.3589935303 26.8413085938 280.7992858887 0.0000000000 0.0000000000 0.0000000000 0.0000000000
-8.2547473907 36.7897300720 26.8319282532 280.8446655273 0.0000000000 0.0000000000 0.0000000000 0.0000000000
-8.4025802612 37.2192077637 26.6161098480 280.8183288574 0.0000000000 0.0000000000 0.0000000000 0.0000000000
-8.5509052277 37.6472434998 26.1840801239 280.5367736816 0.0000000000 0.0000000000 0.0000000000 0.0000000000
-8.6991748810 38.0737190247 25.7628173828 279.8586730957 0.0000000000 0.0000000000 0.0000000000 0.0000000000
-8.8472995758 38.4986343384 25.4720458984 279.0599670410 0.0000000000 0.0000000000 0.0000000000 0.0000000000
-8.9950742722 38.9219894409 25.3068714142 278.1678466797 0.0000000000 0.0000000000 0.0000000000 0.0000000000
-9.1425085068 39.3438415527 25.3106975555 277.4945068359 0.0000000000 0.0000000000 0.0000000000 0.0000000000
-9.2896642685 39.7643470764 25.3271102905 276.9188232422 0.0000000000 0.0000000000 0.0000000000 0.0000000000
-9.4365139008 40.1835212708 25.2128791809 276.5520019531 0.0000000000 0.0000000000 0.0000000000 0.0000000000
-9.5830430984 40.6016845703 25.0419502258 276.1051940918 0.0000000000 0.0000000000 0.0000000000 0.0000000000
-9.7290925980 41.0189285278 24.8359889984 275.5824279785 0.0000000000 0.0000000000 0.0000000000 0.0000000000
-9.8746347427 41.4353675842 24.6790943146 274.9385681152 0.0000000000 0.0000000000 0.0000000000 0.0000000000
-10.0196666718 41.8510131836 24.6274662018 273.9305114746 0.0000000000 0.0000000000 0.0000000000 0.0000000000
-10.1641559601 42.2659721375 24.5115623474 272.6637268066 0.0000000000 0.0000000000 0.0000000000 0.0000000000
-10.3081855774 42.6801910400 24.2732639313 271.0834045410 0.0000000000 0.0000000000 0.0000000000 0.0000000000
-10.4517097473 43.0935707092 23.9178924561 269.6019287109 0.0000000000 0.0000000000 0.0000000000 0.0000000000
-10.5946254730 43.5059471130 23.3945236206 268.1574707031 0.0000000000 0.0000000000 0.0000000000 0.0000000000
-10.7369508743 43.9170913696 22.9326038361 267.0544433594 0.0000000000 0.0000000000 0.0000000000 0.0000000000
-10.8784446716 44.3266754150 22.6291313171 266.2592773438 0.0000000000 0.0000000000 0.0000000000 0.0000000000
-11.0192031860 44.7344703674 22.3792266846 265.4716186523 0.0000000000 0.0000000000 0.0000000000 0.0000000000
-11.1591691971 45.1404190063 22.2438106537 264.8394470215 0.0000000000 0.0000000000 0.0000000000 0.0000000000
-11.2984647751 45.5445709229 22.1425628662 264.1575317383 0.0000000000 0.0000000000 0.0000000000 0.0000000000
-11.4373140335 45.9469757080 21.9859561920 263.6899719238 0.0000000000 0.0000000000 0.0000000000 0.0000000000
-11.5756835938 46.3475494385 21.8281841278 263.2504577637 0.0000000000 0.0000000000 0.0000000000 0.0000000000
-11.7135362625 46.7462081909 21.5558185577 262.9986877441 0.0000000000 0.0000000000 0.0000000000 0.0000000000
-11.8506956100 47.1427841187 21.2700042725 262.7852783203 0.0000000000 0.0000000000 0.0000000000 0.0000000000
-11.9871110916 47.5372734070 21.0470809937 262.6217956543 0.0000000000 0.0000000000 0.0000000000 0.0000000000
-12.1226758957 47.9295387268 20.8505496979 262.3649902344 0.0000000000 0.0000000000 0.0000000000 0.0000000000
-12.2572469711 48.3195571899 20.8323726654 262.0624084473 0.0000000000 0.0000000000 0.0000000000 0.0000000000
-12.3910360336 48.7074394226 20.7921581268 261.6532592773 0.0000000000 0.0000000000 0.0000000000 0.0000000000
-12.5240936279 49.0932655334 20.7818908691 261.3079223633 0.0000000000 0.0000000000 0.0000000000 0.0000000000
-12.6566715240 49.4769897461 20.6469879150 260.7335205078 0.0000000000 0.0000000000 0.0000000000 0.0000000000
-12.7887458801 49.8587188721 20.3143539429 260.2163085938 0.0000000000 0.0000000000 0.0000000000 0.0000000000
-12.9202718735 50.2384567261 20.0669689178 259.5644836426 0.0000000000 0.0000000000 0.0000000000 0.0000000000
-13.0514936447 50.6162452698 19.9090328217 259.2991333008 0.0000000000 0.0000000000 0.0000000000 0.0000000000
-13.1825351715 50.9922027588 19.9513149261 259.3667907715 0.0000000000 0.0000000000 0.0000000000 0.0000000000
-13.3133726120 51.3663749695 20.1000671387 259.1528625488 0.0000000000 0.0000000000 0.0000000000 0.0000000000
-13.4443197250 51.7389831543 20.1263160706 258.8626098633 0.0000000000 0.0000000000 0.0000000000 0.0000000000
-13.5754833221 52.1101112366 20.1473197937 258.5239257812 0.0000000000 0.0000000000 0.0000000000 0.0000000000
-13.7071037292 52.4799156189 20.1217556000 258.3466491699 0.0000000000 0.0000000000 0.0000000000 0.0000000000
-13.8391485214 52.8484840393 19.8722801208 258.2325744629 0.0000000000 0.0000000000 0.0000000000 0.0000000000
-13.9715518951 53.2155189514 19.5584926605 257.7686462402 0.0000000000 0.0000000000 0.0000000000 0.0000000000
-14.1042089462 53.5807685852 19.2546939850 257.3935852051 0.0000000000 0.0000000000 0.0000000000 0.0000000000
-14.2370338440 53.9440193176 19.0197963715 257.1251525879 0.0000000000 0.0000000000 0.0000000000 0.0000000000
-14.3700227737 54.3051528931 18.9950389862 256.8962097168 0.0000000000 0.0000000000 0.0000000000 0.0000000000
-14.5031557083 54.6641426086 18.9440269470 256.8994750977 0.0000000000 0.0000000000 0.0000000000 0.0000000000
-14.6366796494 55.0211563110 18.9287319183 257.0169677734 0.0000000000 0.0000000000 0.0000000000 0.0000000000
-14.7706766129 55.3762092590 18.9337539673 257.2422790527 0.0000000000 0.0000000000 0.0000000000 0.0000000000
-14.9050025940 55.7292327881 18.7573547363 257.2943420410 0.0000000000 0.0000000000 0.0000000000 0.0000000000
-15.0393867493 56.0801849365 18.6768798828 257.1825256348 0.0000000000 0.0000000000 0.0000000000 0.0000000000
-15.1738395691 56.4291801453 18.5693035126 256.9872741699 0.0000000000 0.0000000000 0.0000000000 0.0000000000
-15.3083305359 56.7762260437 18.4351577759 256.8304748535 0.0000000000 0.0000000000 0.0000000000 0.0000000000
-15.4428615570 57.1212043762 18.2640419006 256.4607849121 0.0000000000 0.0000000000 0.0000000000 0.0000000000
-15.5774049759 57.4640655518 17.9165382385 256.0892333984 0.0000000000 0.0000000000 0.0000000000 0.0000000000
-15.7118291855 57.8048248291 17.6358947754 255.7272796631 0.0000000000 0.0000000000 0.0000000000 0.0000000000
-15.8461608887 58.1432342529 17.4588851929 255.5430603027 0.0000000000 0.0000000000 0.0000000000 0.0000000000
-15.9801683426 58.4793548584 17.3428115845 255.4263610840 0.0000000000 0.0000000000 0.0000000000 0.0000000000
-16.1138896942 58.8133201599 17.3677139282 255.2299346924 0.0000000000 0.0000000000 0.0000000000 0.0000000000
-16.2474384308 59.1451301575 17.3004570007 254.9823150635 0.0000000000 0.0000000000 0.0000000000 0.0000000000
-16.3810920715 59.4749526978 17.2315940857 254.7463531494 0.0000000000 0.0000000000 0.0000000000 0.0000000000
-16.5147819519 59.8028030396 17.1077594757 254.4375305176 0.0000000000 0.0000000000 0.0000000000 0.0000000000
-16.6485519409 60.1286201477 16.8855457306 254.1826934814 0.0000000000 0.0000000000 0.0000000000 0.0000000000
-16.7823009491 60.4523658752 16.6539974213 253.6302795410 0.0000000000 0.0000000000 0.0000000000 0.0000000000
-16.9159336090 60.7739562988 16.3863525391 253.1580810547 0.0000000000 0.0000000000 0.0000000000 0.0000000000
-17.0493659973 61.0933074951 16.1681709290 252.4647216797 0.0000000000 0.0000000000 0.0000000000 0.0000000000
-17.1824970245 61.4104461670 16.0601234436 252.0212554932 0.0000000000 0.0000000000 0.0000000000 0.0000000000
-17.3153190613 61.7254333496 15.8945550919 251.6066741943 0.0000000000 0.0000000000 0.0000000000 0.0000000000
-17.4476509094 62.0382118225 15.7948017120 251.3511199951 0.0000000000 0.0000000000 0.0000000000 0.0000000000
-17.5795516968 62.3488693237 15.6937751770 251.2222290039 0.0000000000 0.0000000000 0.0000000000 0.0000000000
-17.7110347748 62.6574935913 15.6475038528 251.0137176514 0.0000000000 0.0000000000 0.0000000000 0.0000000000
-17.8422012329 62.9643440247 15.6757717133 250.8888244629 0.0000000000 0.0000000000 0.0000000000 0.0000000000
-17.9732360840 63.2695350647 15.6066875458 250.4171447754 0.0000000000 0.0000000000 0.0000000000 0.0000000000
-18.1039752960 63.5731430054 15.4742546082 249.9370727539 0.0000000000 0.0000000000 0.0000000000 0.0000000000
-18.2344589233 63.8752021790 15.2376832962 249.2651977539 0.0000000000 0.0000000000 0.0000000000 0.0000000000
-18.3645324707 64.1755981445 14.9320983887 248.6082458496 0.0000000000 0.0000000000 0.0000000000 0.0000000000
-18.4940395355 64.4741134644 14.7360744476 247.9822692871 0.0000000000 0.0000000000 0.0000000000 0.0000000000
-18.6230812073 64.7707366943 14.5777282715 247.3047790527 0.0000000000 0.0000000000 0.0000000000 0.0000000000
-18.7516136169 65.0656356812 14.5196552277 246.7597961426 0.0000000000 0.0000000000 0.0000000000 0.0000000000
-18.8797740936 65.3588409424 14.4820594788 246.1667633057 0.0000000000 0.0000000000 0.0000000000 0.0000000000
-19.0077438354 65.6504974365 14.3953580856 245.7474365234 0.0000000000 0.0000000000 0.0000000000 0.0000000000
-19.1354961395 65.9407424927 14.3138761520 245.2362213135 0.0000000000 0.0000000000 0.0000000000 0.0000000000
-19.2628555298 66.2296600342 14.1318588257 244.7845458984 0.0000000000 0.0000000000 0.0000000000 0.0000000000
-19.3898563385 66.5172195435 13.9731779099 244.2243804932 0.0000000000 0.0000000000 0.0000000000 0.0000000000
-19.5163249969 66.8035430908 13.8050079346 243.8114013672 0.0000000000 0.0000000000 0.0000000000 0.0000000000
-19.6423206329 67.0886154175 13.6689825058 243.3691711426 0.0000000000 0.0000000000 0.0000000000 0.0000000000
-19.7676277161 67.3723983765 13.5763406754 243.0789337158 0.0000000000 0.0000000000 0.0000000000 0.0000000000
-19.8923053741 67.6549835205 13.4639768600 242.7188415527 0.0000000000 0.0000000000 0.0000000000 0.0000000000
-20.0165100098 67.9363632202 13.3809223175 242.4924774170 0.0000000000 0.0000000000 0.0000000000 0.0000000000
-20.1402778625 68.2165527344 13.2827215195 242.2031707764 0.0000000000 0.0000000000 0.0000000000 0.0000000000
-20.2636108398 68.4954833984 13.1663093567 242.0097045898 0.0000000000 0.0000000000 0.0000000000 0.0000000000
-20.3863086700 68.7731094360 13.0621337891 241.6259002686 0.0000000000 0.0000000000 0.0000000000 0.0000000000
-20.5086669922 69.0493164062 12.8677062988 241.2779388428 0.0000000000 0.0000000000 0.0000000000 0.0000000000
-20.6305904388 69.3240814209 12.7614860535 240.6733703613 0.0000000000 0.0000000000 0.0000000000 0.0000000000
-20.7521858215 69.5975418091 12.5948429108 240.2259979248 0.0000000000 0.0000000000 0.0000000000 0.0000000000
-20.8734855652 69.8695526123 12.4853439331 239.7493896484 0.0000000000 0.0000000000 0.0000000000 0.0000000000
-20.9945087433 70.1400833130 12.3816013336 239.4600524902 0.0000000000 0.0000000000 0.0000000000 0.0000000000
-21.1154384613 70.4093780518 12.3149061203 239.1345977783 0.0000000000 0.0000000000 0.0000000000 0.0000000000
-21.2365341187 70.6774291992 12.3281087875 238.8497619629 0.0000000000 0.0000000000 0.0000000000 0.0000000000
-21.3580474854 70.9443130493 12.3356771469 238.5432586670 0.0000000000 0.0000000000 0.0000000000 0.0000000000
-21.4800395966 71.2100448608 12.3313350677 238.1622314453 0.0000000000 0.0000000000 0.0000000000 0.0000000000
-21.6025657654 71.4746856689 12.2007951736 237.7699127197 0.0000000000 0.0000000000 0.0000000000 0.0000000000
-21.7255039215 71.7380371094 12.0089292526 237.1711273193 0.0000000000 0.0000000000 0.0000000000 0.0000000000
-21.8487262726 72.0001525879 11.7623786926 236.6458892822 0.0000000000 0.0000000000 0.0000000000 0.0000000000
-21.9720573425 72.2608261108 11.6154012680 235.9624176025 0.0000000000 0.0000000000 0.0000000000 0.0000000000
-22.0956420898 72.5200958252 11.4724674225 235.4623413086 0.0000000000 0.0000000000 0.0000000000 0.0000000000
-22.2194271088 72.7779312134 11.4012632370 235.0117645264 0.0000000000 0.0000000000 0.0000000000 0.0000000000
-22.3435363770 73.0342788696 11.3427391052 234.6842193604 0.0000000000 0.0000000000 0.0000000000 0.0000000000
-22.4680423737 73.2893371582 11.3104639053 234.4454040527 0.0000000000 0.0000000000 0.0000000000 0.0000000000
-22.5929565430 73.5432052612 11.3022794724 234.1582031250 0.0000000000 0.0000000000 0.0000000000 0.0000000000
-22.7182579041 73.7960586548 11.2631978989 233.8993225098 0.0000000000 0.0000000000 0.0000000000 0.0000000000
-22.8440093994 74.0478668213 11.2134962082 233.4896087646 0.0000000000 0.0000000000 0.0000000000 0.0000000000
-22.9700698853 74.2985153198 11.0418424606 233.1156616211 0.0000000000 0.0000000000 0.0000000000 0.0000000000
-23.0964698792 74.5480728149 10.8723726273 232.6132507324 0.0000000000 0.0000000000 0.0000000000 0.0000000000
-23.2230815887 74.7966156006 10.6613016129 232.1924896240 0.0000000000 0.0000000000 0.0000000000 0.0000000000
-23.3497734070 75.0438613892 10.5281553268 231.8082580566 0.0000000000 0.0000000000 0.0000000000 0.0000000000
-23.4765396118 75.2898406982 10.4601278305 231.5514221191 0.0000000000 0.0000000000 0.0000000000 0.0000000000
-23.6031188965 75.5346221924 10.4232892990 231.3656921387 0.0000000000 0.0000000000 0.0000000000 0.0000000000
-23.7298336029 75.7782821655 10.4040679932 231.1778717041 0.0000000000 0.0000000000 0.0000000000 0.0000000000
-23.8567142487 76.0208816528 10.3429841995 231.0182800293 0.0000000000 0.0000000000 0.0000000000 0.0000000000
-23.9837589264 76.2624740601 10.2781238556 230.7398071289 0.0000000000 0.0000000000 0.0000000000 0.0000000000
-24.1108531952 76.5028762817 10.1439590454 230.4932556152 0.0000000000 0.0000000000 0.0000000000 0.0000000000
-24.2380046844 76.7421188354 10.0241355896 230.0969543457 0.0000000000 0.0000000000 0.0000000000 0.0000000000
-24.3651542664 76.9800338745 9.8706769943 229.7477264404 0.0000000000 0.0000000000 0.0000000000 0.0000000000
-24.4920883179 77.2166442871 9.7543306351 229.3505554199 0.0000000000 0.0000000000 0.0000000000 0.0000000000
-24.6187801361 77.4518966675 9.6395158768 229.0379943848 0.0000000000 0.0000000000 0.0000000000 0.0000000000
-24.7452850342 77.6856613159 9.5852670670 228.7705993652 0.0000000000 0.0000000000 0.0000000000 0.0000000000
-24.8716716766 77.9180603027 9.5502252579 228.5394744873 0.0000000000 0.0000000000 0.0000000000 0.0000000000
-24.9979934692 78.1491775513 9.5282630920 228.3301086426 0.0000000000 0.0000000000 0.0000000000 0.0000000000
-25.1243457794 78.3790054321 9.5095367432 228.0609130859 0.0000000000 0.0000000000 0.0000000000 0.0000000000
-25.2506580353 78.6075057983 9.4456310272 227.8094635010 0.0000000000 0.0000000000 0.0000000000 0.0000000000
-25.3769683838 78.8347091675 9.3694963455 227.4880218506 0.0000000000 0.0000000000 0.0000000000 0.0000000000
-25.5032901764 79.0606994629 9.2213335037 227.1977844238 0.0000000000 0.0000000000 0.0000000000 0.0000000000
-25.6297111511 79.2854843140 9.0789403915 226.8288421631 0.0000000000 0.0000000000 0.0000000000 0.0000000000
-25.7560043335 79.5089111328 8.9365224838 226.5039672852 0.0000000000 0.0000000000 0.0000000000 0.0000000000
-25.8820533752 79.7308883667 8.8523702621 226.1622314453 0.0000000000 0.0000000000 0.0000000000 0.0000000000
-26.0078525543 79.9514465332 8.7743177414 225.8780059814 0.0000000000 0.0000000000 0.0000000000 0.0000000000
-26.1334724426 80.1707458496 8.6907911301 225.6139526367 0.0000000000 0.0000000000 0.0000000000 0.0000000000
-26.2589740753 80.3887329102 8.6093225479 225.3675842285 0.0000000000 0.0000000000 0.0000000000 0.0000000000
-26.3843898773 80.6053314209 8.5249719620 225.1263580322 0.0000000000 0.0000000000 0.0000000000 0.0000000000
-26.5096778870 80.8204956055 8.4476566315 224.8423919678 0.0000000000 0.0000000000 0.0000000000 0.0000000000
-26.6349773407 81.0342330933 8.3727312088 224.5618591309 0.0000000000 0.0000000000 0.0000000000 0.0000000000
-26.7603721619 81.2466430664 8.3074827194 224.2135772705 0.0000000000 0.0000000000 0.0000000000 0.0000000000
-26.8858127594 81.4577713013 8.1831302643 223.8538360596 0.0000000000 0.0000000000 0.0000000000 0.0000000000
-27.0111751556 81.6674880981 8.0572938919 223.4519195557 0.0000000000 0.0000000000 0.0000000000 0.0000000000
-27.1364631653 81.8758468628 7.9212212563 223.1051330566 0.0000000000 0.0000000000 0.0000000000 0.0000000000
-27.2614440918 82.0828933716 7.8352642059 222.7684020996 0.0000000000 0.0000000000 0.0000000000 0.0000000000
-27.3862037659 82.2887115479 7.7506651878 222.4700317383 0.0000000000 0.0000000000 0.0000000000 0.0000000000
-27.5106067657 82.4933624268 7.6952371597 222.1689300537 0.0000000000 0.0000000000 0.0000000000 0.0000000000
-27.6349449158 82.6969604492 7.6333045959 221.8965759277 0.0000000000 0.0000000000 0.0000000000 0.0000000000
-27.7591819763 82.8995132446 7.5635719299 221.6091766357 0.0000000000 0.0000000000 0.0000000000 0.0000000000
-27.8833770752 83.1009902954 7.4848766327 221.3070068359 0.0000000000 0.0000000000 0.0000000000 0.0000000000
-28.0076828003 83.3014297485 7.3913893700 220.9953460693 0.0000000000 0.0000000000 0.0000000000 0.0000000000
-28.1321010590 83.5007629395 7.3026032448 220.6429290771 0.0000000000 0.0000000000 0.0000000000 0.0000000000
-28.2564506531 83.6990432739 7.1998305321 220.2835693359 0.0000000000 0.0000000000 0.0000000000 0.0000000000
-28.3807582855 83.8962020874 7.1142477989 219.9104309082 0.0000000000 0.0000000000 0.0000000000 0.0000000000
-28.5051345825 84.0922775269 7.0252089500 219.5559844971 0.0000000000 0.0000000000 0.0000000000 0.0000000000
-28.6294422150 84.2871322632 6.9801111221 219.1710815430 0.0000000000 0.0000000000 0.0000000000 0.0000000000
-28.7537002563 84.4809036255 6.8805322647 218.7785797119 0.0000000000 0.0000000000 0.0000000000 0.0000000000
-28.8779525757 84.6736755371 6.7871465683 218.3820953369 0.0000000000 0.0000000000 0.0000000000 0.0000000000
-29.0022239685 84.8654785156 6.7206850052 218.0433959961 0.0000000000 0.0000000000 0.0000000000 0.0000000000
-29.1264514923 85.0563964844 6.6728353500 217.7187957764 0.0000000000 0.0000000000 0.0000000000 0.0000000000
-29.2506160736 85.2464904785 6.5991945267 217.4000396729 0.0000000000 0.0000000000 0.0000000000 0.0000000000
-29.3748035431 85.4357070923 6.5068655014 217.0708923340 0.0000000000 0.0000000000 0.0000000000 0.0000000000
-29.4989948273 85.6240158081 6.4529247284 216.7712249756 0.0000000000 0.0000000000 0.0000000000 0.0000000000
-29.6231880188 85.8113555908 6.3986778259 216.4661560059 0.0000000000 0.0000000000 0.0000000000 0.0000000000
-29.7473869324 85.9976730347 6.3150043488 216.1255187988 0.0000000000 0.0000000000 0.0000000000 0.0000000000
-29.8715972900 86.1829910278 6.1964731216 215.7778778076 0.0000000000 0.0000000000 0.0000000000 0.0000000000
-29.9955940247 86.3672027588 6.0955796242 215.4327545166 0.0000000000 0.0000000000 0.0000000000 0.0000000000
-30.1193542480 86.5503005981 6.0019421577 215.1150360107 0.0000000000 0.0000000000 0.0000000000 0.0000000000
-30.2427158356 86.7322387695 5.9244465828 214.8063201904 0.0000000000 0.0000000000 0.0000000000 0.0000000000
-30.3655986786 86.9130783081 5.8507947922 214.5158081055 0.0000000000 0.0000000000 0.0000000000 0.0000000000
-30.4881553650 87.0927810669 5.7797503471 214.2310943604 0.0000000000 0.0000000000 0.0000000000 0.0000000000
-30.6104068756 87.2714004517 5.6948246956 213.9539031982 0.0000000000 0.0000000000 0.0000000000 0.0000000000
-30.7323131561 87.4489517212 5.5915079117 213.6686096191 0.0000000000 0.0000000000 0.0000000000 0.0000000000
-30.8537654877 87.6254348755 5.4752621651 213.3693389893 0.0000000000 0.0000000000 0.0000000000 0.0000000000
-30.9747524261 87.8009185791 5.3769764900 213.0744323730 0.0000000000 0.0000000000 0.0000000000 0.0000000000
-31.0952625275 87.9754409790 5.2960610390 212.7920532227 0.0000000000 0.0000000000 0.0000000000 0.0000000000
-31.2153396606 88.1489181519 5.2162742615 212.5112457275 0.0000000000 0.0000000000 0.0000000000 0.0000000000
-31.3349304199 88.3214416504 5.1292562485 212.2272644043 0.0000000000 0.0000000000 0.0000000000 0.0000000000
-31.4540443420 88.4930267334 5.0457334518 211.9411926270 0.0000000000 0.0000000000 0.0000000000 0.0000000000
-31.5726737976 88.6637649536 4.9783186913 211.6476593018 0.0000000000 0.0000000000 0.0000000000 0.0000000000
-31.6908454895 88.8336563110 4.9066619873 211.3409118652 0.0000000000 0.0000000000 0.0000000000 0.0000000000
-31.8087120056 89.0026702881 4.8198714256 211.0122985840 0.0000000000 0.0000000000 0.0000000000 0.0000000000
-31.9262351990 89.1708679199 4.7159566879 210.6711425781 0.0000000000 0.0000000000 0.0000000000 0.0000000000
-32.0433692932 89.3382339478 4.6110267639 210.3195343018 0.0000000000 0.0000000000 0.0000000000 0.0000000000
-32.1601600647 89.5048522949 4.5163989067 209.9818267822 0.0000000000 0.0000000000 0.0000000000 0.0000000000
-32.2765235901 89.6707382202 4.4423766136 209.6629333496 0.0000000000 0.0000000000 0.0000000000 0.0000000000
-32.3924980164 89.8359909058 4.3751587868 209.3515167236 0.0000000000 0.0000000000 0.0000000000 0.0000000000
-32.5080299377 90.0006408691 4.3115177155 209.0531158447 0.0000000000 0.0000000000 0.0000000000 0.0000000000
-32.6232376099 90.1646652222 4.2508435249 208.7726287842 0.0000000000 0.0000000000 0.0000000000 0.0000000000
-32.7381553650 90.3281021118 4.1845474243 208.4984893799 0.0000000000 0.0000000000 0.0000000000 0.0000000000
-32.8528289795 90.4908294678 4.1098122597 208.2141571045 0.0000000000 0.0000000000 0.0000000000 0.0000000000
-32.9672279358 90.6528930664 4.0182385445 207.9167327881 0.0000000000 0.0000000000 0.0000000000 0.0000000000
-33.0813407898 90.8142318726 3.9221780300 207.6005554199 0.0000000000 0.0000000000 0.0000000000 0.0000000000
-33.1953010559 90.9747848511 3.8281443119 207.2829589844 0.0000000000 0.0000000000 0.0000000000 0.0000000000
-33.3090667725 91.1345367432 3.7229297161 206.9590911865 0.0000000000 0.0000000000 0.0000000000 0.0000000000
-33.4225158691 91.2935104370 3.6113643646 206.6426544189 0.0000000000 0.0000000000 0.0000000000 0.0000000000
-33.5355682373 91.4516448975 3.5134761333 206.3445892334 0.0000000000 0.0000000000 0.0000000000 0.0000000000
-33.6481361389 91.6089172363 3.4393451214 206.0631866455 0.0000000000 0.0000000000 0.0000000000 0.0000000000
-33.7602462769 91.7654266357 3.3764379025 205.7870178223 0.0000000000 0.0000000000 0.0000000000 0.0000000000
-33.8719139099 91.9210205078 3.3208436966 205.5037994385 0.0000000000 0.0000000000 0.0000000000 0.0000000000
-33.9832382202 92.0757827759 3.2311968803 205.2086486816 0.0000000000 0.0000000000 0.0000000000 0.0000000000
-34.0942611694 92.2297744751 3.1254220009 204.9090881348 0.0000000000 0.0000000000 0.0000000000 0.0000000000
-34.2049865723 92.3830108643 3.0339889526 204.6141510010 0.0000000000 0.0000000000 0.0000000000 0.0000000000
-34.3153839111 92.5354461670 2.9577474594 204.3205108643 0.0000000000 0.0000000000 0.0000000000 0.0000000000
-34.4255523682 92.6871261597 2.8711564541 204.0135498047 0.0000000000 0.0000000000 0.0000000000 0.0000000000
-34.5354194641 92.8380432129 2.7630915642 203.6948089600 0.0000000000 0.0000000000 0.0000000000 0.0000000000
-34.6448211670 92.9880752563 2.6581161022 203.3963012695 0.0000000000 0.0000000000 0.0000000000 0.0000000000
-34.7537231445 93.1371917725 2.5622131824 203.1313171387 0.0000000000 0.0000000000 0.0000000000 0.0000000000
-34.8621444702 93.2854080200 2.4773576260 202.8813323975 0.0000000000 0.0000000000 0.0000000000 0.0000000000
-34.9701232910 93.4327468872 2.4064235687 202.6292266846 0.0000000000 0.0000000000 0.0000000000 0.0000000000
-35.0776329041 93.5792160034 2.3546829224 202.3793487549 0.0000000000 0.0000000000 0.0000000000 0.0000000000
-35.1847343445 93.7249526978 2.3131971359 202.1312255859 0.0000000000 0.0000000000 0.0000000000 0.0000000000
-35.2915077209 93.8699645996 2.2662448883 201.8712615967 0.0000000000 0.0000000000 0.0000000000 0.0000000000
-35.3979949951 94.0143356323 2.1682245731 201.5747680664 0.0000000000 0.0000000000 0.0000000000 0.0000000000
-35.5041809082 94.1580276489 2.0546140671 201.2534332275 0.0000000000 0.0000000000 0.0000000000 0.0000000000
-35.6099967957 94.3010101318 1.9727559090 200.9415588379 0.0000000000 0.0000000000 0.0000000000 0.0000000000
-35.7154846191 94.4432830811 1.9044518471 200.6382751465 0.0000000000 0.0000000000 0.0000000000 0.0000000000
-35.8206672668 94.5848617554 1.8015018702 200.3235626221 0.0000000000 0.0000000000 0.0000000000 0.0000000000
-35.9254951477 94.7257766724 1.6794333458 200.0095672607 0.0000000000 0.0000000000 0.0000000000 0.0000000000
-36.0298576355 94.8659439087 1.5741035938 199.7257537842 0.0000000000 0.0000000000 0.0000000000 0.0000000000
-36.1336708069 95.0053176880 1.5053126812 199.4632568359 0.0000000000 0.0000000000 0.0000000000 0.0000000000
-36.2371520996 95.1439666748 1.4438782930 199.2155151367 0.0000000000 0.0000000000 0.0000000000 0.0000000000
-36.3402786255 95.2818756104 1.3967562914 198.9547576904 0.0000000000 0.0000000000 0.0000000000 0.0000000000
-36.4430580139 95.4190750122 1.3156139851 198.6870727539 0.0000000000 0.0000000000 0.0000000000 0.0000000000
-36.5453147888 95.5551834106 1.2388634682 198.4432525635 0.0000000000 0.0000000000 0.0000000000 0.0000000000
-36.6472053528 95.6906738281 1.1691402197 198.1949920654 0.0000000000 0.0000000000 0.0000000000 0.0000000000
-36.7486648560 95.8252792358 1.0839293003 197.9328460693 0.0000000000 0.0000000000 0.0000000000 0.0000000000
-36.8498497009 95.9593811035 0.9825543761 197.6551208496 0.0000000000 0.0000000000 0.0000000000 0.0000000000
-36.9507102966 96.0930023193 0.8900436163 197.3820190430 0.0000000000 0.0000000000 0.0000000000 0.0000000000
-37.0512275696 96.2260818481 0.8000595570 197.1208343506 0.0000000000 0.0000000000 0.0000000000 0.0000000000
-37.1514358521 96.3586578369 0.6963819861 196.8632659912 0.0000000000 0.0000000000 0.0000000000 0.0000000000
-37.2512435913 96.4906463623 0.5865764022 196.6138916016 0.0000000000 0.0000000000 0.0000000000 0.0000000000
-37.3507118225 96.6220016479 0.5063746572 196.3822174072 0.0000000000 0.0000000000 0.0000000000 0.0000000000
-37.4498291016 96.7527542114 0.4509433210 196.1645202637 0.0000000000 0.0000000000 0.0000000000 0.0000000000
-37.5485572815 96.8830261230 0.4090584815 195.9586639404 0.0000000000 0.0000000000 0.0000000000 0.0000000000
-37.6469726562 97.0129394531 0.3558621407 195.7453613281 0.0000000000 0.0000000000 0.0000000000 0.0000000000
-37.7451210022 97.1425094604 0.2861012220 195.5270690918 0.0000000000 0.0000000000 0.0000000000 0.0000000000
-37.8430824280 97.2717056274 0.2177946717 195.2859649658 0.0000000000 0.0000000000 0.0000000000 0.0000000000
-37.9408226013 97.4004821777 0.1587904245 195.0394134521 0.0000000000 0.0000000000 0.0000000000 0.0000000000
-38.0384368896 97.5288238525 0.0922125578 194.7681274414 0.0000000000 0.0000000000 0.0000000000 0.0000000000
-38.1358833313 97.6566619873 0.0106104650 194.4945220947 0.0000000000 0.0000000000 0.0000000000 0.0000000000
-38.2330551147 97.7840576172 -0.0828641057 194.2171020508 0.0000000000 0.0000000000 0.0000000000 0.0000000000
-38.3299064636 97.9110717773 -0.1649542153 193.9586181641 0.0000000000 0.0000000000 0.0000000000 0.0000000000
-38.4264297485 98.0377273560 -0.2266633809 193.7157135010 0.0000000000 0.0000000000 0.0000000000 0.0000000000
-38.5227813721 98.1640396118 -0.2809009850 193.4800567627 0.0000000000 0.0000000000 0.0000000000 0.0000000000
-38.6187973022 98.2900466919 -0.3388700187 193.2544403076 0.0000000000 0.0000000000 0.0000000000 0.0000000000
-38.7144813538 98.4157180786 -0.3986269534 193.0300140381 0.0000000000 0.0000000000 0.0000000000 0.0000000000
-38.8098602295 98.5410614014 -0.4653378129 192.8113098145 0.0000000000 0.0000000000 0.0000000000 0.0000000000
-38.9049453735 98.6661300659 -0.5515833497 192.5734252930 0.0000000000 0.0000000000 0.0000000000 0.0000000000
-38.9996757507 98.7908325195 -0.6453676820 192.3278961182 0.0000000000 0.0000000000 0.0000000000 0.0000000000
-39.0939636230 98.9151077271 -0.7219861150 192.0935211182 0.0000000000 0.0000000000 0.0000000000 0.0000000000
-39.1878013611 99.0389938354 -0.7930870652 191.8681488037 0.0000000000 0.0000000000 0.0000000000 0.0000000000
-39.2812690735 99.1625366211 -0.8792173862 191.6481018066 0.0000000000 0.0000000000 0.0000000000 0.0000000000
-39.3743400574 99.2856979370 -0.9700569510 191.4332733154 0.0000000000 0.0000000000 0.0000000000 0.0000000000
-39.4670867920 99.4084243774 -1.0394470692 191.2389984131 0.0000000000 0.0000000000 0.0000000000 0.0000000000
-39.5595130920 99.5307540894 -1.0900055170 191.0653076172 0.0000000000 0.0000000000 0.0000000000 0.0000000000
-39.6516227722 99.6526870728 -1.1465077400 190.8910064697 0.0000000000 0.0000000000 0.0000000000 0.0000000000
-39.7435188293 99.7741088867 -1.2043412924 190.7233886719 0.0000000000 0.0000000000 0.0000000000 0.0000000000
-39.8352584839 99.8950195312 -1.2610048056 190.5514678955 0.0000000000 0.0000000000 0.0000000000 0.0000000000
-39.9267272949 100.0155410767 -1.3171507120 190.3866729736 0.0000000000 0.0000000000 0.0000000000 0.0000000000
-40.0179786682 100.1356048584 -1.3810025454 190.2188262939 0.0000000000 0.0000000000 0.0000000000 0.0000000000
-40.1090011597 100.2551574707 -1.4478785992 190.0424041748 0.0000000000 0.0000000000 0.0000000000 0.0000000000
-40.1997871399 100.3741607666 -1.5083090067 189.8612060547 0.0000000000 0.0000000000 0.0000000000 0.0000000000
-40.2903251648 100.4925994873 -1.5605558157 189.6758117676 0.0000000000 0.0000000000 0.0000000000 0.0000000000
-40.3806838989 100.6105651855 -1.6235326529 189.4872741699 0.0000000000 0.0000000000 0.0000000000 0.0000000000
-40.4708480835 100.7279586792 -1.7061190605 189.2847595215 0.0000000000 0.0000000000 0.0000000000 0.0000000000
-40.5606803894 100.8447570801 -1.7914936543 189.0823211670 0.0000000000 0.0000000000 0.0000000000 0.0000000000
-40.6502647400 100.9610366821 -1.8667569160 188.8832550049 0.0000000000 0.0000000000 0.0000000000 0.0000000000
-40.7395439148 101.0767211914 -1.9176697731 188.6546020508 0.0000000000 0.0000000000 0.0000000000 0.0000000000
-40.8285179138 101.1918029785 -1.9903821945 188.4233245850 0.0000000000 0.0000000000 0.0000000000 0.0000000000
-40.9170494080 101.3062210083 -2.0731639862 188.2042236328 0.0000000000 0.0000000000 0.0000000000 0.0000000000
-41.0052032471 101.4199981689 -2.1422879696 188.0059814453 0.0000000000 0.0000000000 0.0000000000 0.0000000000
-41.0929641724 101.5331573486 -2.2103080750 187.8173828125 0.0000000000 0.0000000000 0.0000000000 0.0000000000
-41.1803512573 101.6456756592 -2.2783715725 187.6129302979 0.0000000000 0.0000000000 0.0000000000 0.0000000000
-41.2673797607 101.7576141357 -2.3632371426 187.4127960205 0.0000000000 0.0000000000 0.0000000000 0.0000000000
-41.3540763855 101.8689727783 -2.4430687428 187.2220001221 0.0000000000 0.0000000000 0.0000000000 0.0000000000
-41.4403648376 101.9797973633 -2.5129690170 187.0574493408 0.0000000000 0.0000000000 0.0000000000 0.0000000000
-41.5262832642 102.0899124146 -2.5869934559 186.8984069824 0.0000000000 0.0000000000 0.0000000000 0.0000000000
-41.6117362976 102.1992950439 -2.6708335876 186.7525482178 0.0000000000 0.0000000000 0.0000000000 0.0000000000
-41.6967773438 102.3079910278 -2.7409036160 186.6124267578 0.0000000000 0.0000000000 0.0000000000 0.0000000000
-41.7814865112 102.4159698486 -2.7857935429 186.4865722656 0.0000000000 0.0000000000 0.0000000000 0.0000000000
-41.8660354614 102.5232467651 -2.8228397369 186.3624267578 0.0000000000 0.0000000000 0.0000000000 0.0000000000
-41.9504051208 102.6298599243 -2.8880722523 186.2209930420 0.0000000000 0.0000000000 0.0000000000 0.0000000000
-42.0345764160 102.7358779907 -2.9537043571 186.0651702881 0.0000000000 0.0000000000 0.0000000000 0.0000000000
-42.1185112000 102.8412704468 -3.0261778831 185.8976593018 0.0000000000 0.0000000000 0.0000000000 0.0000000000
-42.2020988464 102.9461135864 -3.0778427124 185.7247772217 0.0000000000 0.0000000000 0.0000000000 0.0000000000
-42.2853164673 103.0504913330 -3.1269969940 185.5393676758 0.0000000000 0.0000000000 0.0000000000 0.0000000000
-42.3681564331 103.1544723511 -3.2014024258 185.3365173340 0.0000000000 0.0000000000 0.0000000000 0.0000000000
-42.4505500793 103.2580261230 -3.3089027405 185.1204833984 0.0000000000 0.0000000000 0.0000000000 0.0000000000
-42.5323524475 103.3610000610 -3.4186534882 184.8880004883 0.0000000000 0.0000000000 0.0000000000 0.0000000000
-42.6135635376 103.4635467529 -3.5242807865 184.6522979736 0.0000000000 0.0000000000 0.0000000000 0.0000000000
-42.6941108704 103.5656890869 -3.6022896767 184.4301300049 0.0000000000 0.0000000000 0.0000000000 0.0000000000
-42.7740135193 103.6673736572 -3.6604559422 184.2276611328 0.0000000000 0.0000000000 0.0000000000 0.0000000000
-42.8533973694 103.7685623169 -3.7152819633 184.0542602539 0.0000000000 0.0000000000 0.0000000000 0.0000000000
-42.9322929382 103.8692474365 -3.7729120255 183.9013977051 0.0000000000 0.0000000000 0.0000000000 0.0000000000
-43.0107498169 103.9694061279 -3.8179745674 183.7738647461 0.0000000000 0.0000000000 0.0000000000 0.0000000000
-43.0888023376 104.0690002441 -3.8382146358 183.6587066650 0.0000000000 0.0000000000 0.0000000000 0.0000000000
-43.1666221619 104.1681213379 -3.8600668907 183.5390930176 0.0000000000 0.0000000000 0.0000000000 0.0000000000
-43.2443351746 104.2668380737 -3.8899984360 183.4118957520 0.0000000000 0.0000000000 0.0000000000 0.0000000000
-43.3220252991 104.3652114868 -3.9381246567 183.2666931152 0.0000000000 0.0000000000 0.0000000000 0.0000000000
-43.3996315002 104.4631652832 -4.0002064705 183.1145935059 0.0000000000 0.0000000000 0.0000000000 0.0000000000
-43.4771995544 104.5606994629 -4.0792551041 182.9417114258 0.0000000000 0.0000000000 0.0000000000 0.0000000000
-43.5546112061 104.6578063965 -4.1590085030 182.7705993652 0.0000000000 0.0000000000 0.0000000000 0.0000000000
-43.6319007874 104.7544403076 -4.2269730568 182.6021728516 0.0000000000 0.0000000000 0.0000000000 0.0000000000
-43.7090225220 104.8505783081 -4.2837619781 182.4494934082 0.0000000000 0.0000000000 0.0000000000 0.0000000000
-43.7859764099 104.9462585449 -4.3461508751 182.3026733398 0.0000000000 0.0000000000 0.0000000000 0.0000000000
-43.8627166748 105.0415267944 -4.4123392105 182.1624603271 0.0000000000 0.0000000000 0.0000000000 0.0000000000
-43.9392585754 105.1363525391 -4.4656848907 182.0312194824 0.0000000000 0.0000000000 0.0000000000 0.0000000000
-44.0155181885 105.2307281494 -4.5058908463 181.9005584717 0.0000000000 0.0000000000 0.0000000000 0.0000000000
-44.0914497375 105.3246154785 -4.5515656471 181.7646331787 0.0000000000 0.0000000000 0.0000000000 0.0000000000
-44.1669998169 105.4180679321 -4.6113605499 181.6106109619 0.0000000000 0.0000000000 0.0000000000 0.0000000000
-44.2421569824 105.5111389160 -4.6762413979 181.4497222900 0.0000000000 0.0000000000 0.0000000000 0.0000000000
-44.3169860840 105.6038208008 -4.7369971275 181.2819213867 0.0000000000 0.0000000000 0.0000000000 0.0000000000
-44.3915023804 105.6960372925 -4.8060545921 181.1137237549 0.0000000000 0.0000000000 0.0000000000 0.0000000000
-44.4656372070 105.7879180908 -4.8853564262 180.9402160645 0.0000000000 0.0000000000 0.0000000000 0.0000000000
-44.5391502380 105.8794097900 -4.9579091072 180.7726593018 0.0000000000 0.0000000000 0.0000000000 0.0000000000
-44.6121139526 105.9704437256 -5.0137052536 180.6166076660 0.0000000000 0.0000000000 0.0000000000 0.0000000000
-44.6845893860 106.0611190796 -5.0622324944 180.4695892334 0.0000000000 0.0000000000 0.0000000000 0.0000000000
-44.7566146851 106.1514511108 -5.1198620796 180.3259735107 0.0000000000 0.0000000000 0.0000000000 0.0000000000
-44.8282318115 106.2413711548 -5.1716947556 180.1945343018 0.0000000000 0.0000000000 0.0000000000 0.0000000000
-44.8995208740 106.3309631348 -5.2139863968 180.0705108643 0.0000000000 0.0000000000 0.0000000000 0.0000000000
-44.9706726074 106.4202117920 -5.2411823273 179.9617004395 0.0000000000 0.0000000000 0.0000000000 0.0000000000
-45.0417518616 106.5090713501 -5.2811326981 179.8474273682 0.0000000000 0.0000000000 0.0000000000 0.0000000000
-45.1126899719 106.5974731445 -5.3312520981 179.7345275879 0.0000000000 0.0000000000 0.0000000000 0.0000000000
-45.1834907532 106.6854705811 -5.3856267929 179.6115417480 0.0000000000 0.0000000000 0.0000000000 0.0000000000
-45.2540855408 106.7731399536 -5.4427118301 179.4870910645 0.0000000000 0.0000000000 0.0000000000 0.0000000000
-45.3244934082 106.8604507446 -5.5055756569 179.3514251709 0.0000000000 0.0000000000 0.0000000000 0.0000000000
-45.3947257996 106.9473953247 -5.5733561516 179.2123870850 0.0000000000 0.0000000000 0.0000000000 0.0000000000
-45.4646606445 107.0339584351 -5.6386404037 179.0741271973 0.0000000000 0.0000000000 0.0000000000 0.0000000000
-45.5341911316 107.1202621460 -5.6988496780 178.9429016113 0.0000000000 0.0000000000 0.0000000000 0.0000000000
-45.6033515930 107.2062301636 -5.7621121407 178.8127899170 0.0000000000 0.0000000000 0.0000000000 0.0000000000
-45.6720924377 107.2918624878 -5.8190126419 178.6877136230 0.0000000000 0.0000000000 0.0000000000 0.0000000000
-45.7402954102 107.3771667480 -5.8575110435 178.5648040771 0.0000000000 0.0000000000 0.0000000000 0.0000000000
-45.8080329895 107.4621200562 -5.8974666595 178.4408874512 0.0000000000 0.0000000000 0.0000000000 0.0000000000
-45.8753738403 107.5467224121 -5.9463396072 178.3090515137 0.0000000000 0.0000000000 0.0000000000 0.0000000000
-45.9422798157 107.6309509277 -5.9997344017 178.1715698242 0.0000000000 0.0000000000 0.0000000000 0.0000000000
-46.0086898804 107.7147674561 -6.0461740494 178.0302581787 0.0000000000 0.0000000000 0.0000000000 0.0000000000
-46.0747642517 107.7981719971 -6.0918111801 177.8904266357 0.0000000000 0.0000000000 0.0000000000 0.0000000000
-46.1405639648 107.8811721802 -6.1400985718 177.7492980957 0.0000000000 0.0000000000 0.0000000000 0.0000000000
-46.2060928345 107.9637832642 -6.1795134544 177.6193237305 0.0000000000 0.0000000000 0.0000000000 0.0000000000
-46.2714080811 108.0460052490 -6.2189273834 177.4937286377 0.0000000000 0.0000000000 0.0000000000 0.0000000000
-46.3364410400 108.1278305054 -6.2685461044 177.3701171875 0.0000000000 0.0000000000 0.0000000000 0.0000000000
-46.4011383057 108.2092666626 -6.3137168884 177.2497100830 0.0000000000 0.0000000000 0.0000000000 0.0000000000
-46.4655609131 108.2903060913 -6.3496141434 177.1309509277 0.0000000000 0.0000000000 0.0000000000 0.0000000000
-46.5297126770 108.3709869385 -6.3926982880 177.0093688965 0.0000000000 0.0000000000 0.0000000000 0.0000000000
-46.5935821533 108.4513244629 -6.4462308884 176.8806762695 0.0000000000 0.0000000000 0.0000000000 0.0000000000
-46.6571388245 108.5312347412 -6.5038580894 176.7497100830 0.0000000000 0.0000000000 0.0000000000 0.0000000000
-46.7203483582 108.6107330322 -6.5574307442 176.6272888184 0.0000000000 0.0000000000 0.0000000000 0.0000000000
-46.7833023071 108.6897354126 -6.6017775536 176.5096740723 0.0000000000 0.0000000000 0.0000000000 0.0000000000
-46.8459854126 108.7682037354 -6.6363449097 176.3968200684 0.0000000000 0.0000000000 0.0000000000 0.0000000000
-46.9085083008 108.8462142944 -6.6801533699 176.2815704346 0.0000000000 0.0000000000 0.0000000000 0.0000000000
-46.9708633423 108.9237899780 -6.7182550430 176.1698303223 0.0000000000 0.0000000000 0.0000000000 0.0000000000
-47.0330924988 109.0009689331 -6.7558479309 176.0591888428 0.0000000000 0.0000000000 0.0000000000 0.0000000000
-47.0951576233 109.0777740479 -6.7981090546 175.9433593750 0.0000000000 0.0000000000 0.0000000000 0.0000000000
-47.1571083069 109.1541061401 -6.8530359268 175.8204345703 0.0000000000 0.0000000000 0.0000000000 0.0000000000
-47.2188453674 109.2300415039 -6.9089984894 175.6967315674 0.0000000000 0.0000000000 0.0000000000 0.0000000000
-47.2803611755 109.3055038452 -6.9437193871 175.5790863037 0.0000000000 0.0000000000 0.0000000000 0.0000000000
-47.3416786194 109.3805770874 -6.9718117714 175.4644927979 0.0000000000 0.0000000000 0.0000000000 0.0000000000
-47.4028625488 109.4553527832 -7.0224237442 175.3398895264 0.0000000000 0.0000000000 0.0000000000 0.0000000000
-47.4638633728 109.5298767090 -7.0821180344 175.2135620117 0.0000000000 0.0000000000 0.0000000000 0.0000000000
-47.5245819092 109.6040344238 -7.1240043640 175.0934448242 0.0000000000 0.0000000000 0.0000000000 0.0000000000
-47.5850067139 109.6778945923 -7.1556949615 174.9759979248 0.0000000000 0.0000000000 0.0000000000 0.0000000000
-47.6452407837 109.7514953613 -7.2027134895 174.8520812988 0.0000000000 0.0000000000 0.0000000000 0.0000000000
-47.7051506042 109.8248672485 -7.2610998154 174.7257843018 0.0000000000 0.0000000000 0.0000000000 0.0000000000
-47.7648658752 109.8980026245 -7.3090729713 174.6036224365 0.0000000000 0.0000000000 0.0000000000 0.0000000000
-47.8244285583 109.9708633423 -7.3444519043 174.4893798828 0.0000000000 0.0000000000 0.0000000000 0.0000000000
-47.8837509155 110.0435714722 -7.3837933540 174.3732452393 0.0000000000 0.0000000000 0.0000000000 0.0000000000
-47.9428062439 110.1160583496 -7.4354867935 174.2610778809 0.0000000000 0.0000000000 0.0000000000 0.0000000000
-48.0016403198 110.1883468628 -7.4780893326 174.1524658203 0.0000000000 0.0000000000 0.0000000000 0.0000000000
-48.0601806641 110.2604446411 -7.5078797340 174.0539093018 0.0000000000 0.0000000000 0.0000000000 0.0000000000
-48.1185188293 110.3324508667 -7.5528492928 173.9487609863 0.0000000000 0.0000000000 0.0000000000 0.0000000000
-48.1766128540 110.4043579102 -7.6075725555 173.8391876221 0.0000000000 0.0000000000 0.0000000000 0.0000000000
-48.2345199585 110.4762115479 -7.6572685242 173.7308197021 0.0000000000 0.0000000000 0.0000000000 0.0000000000
-48.2921257019 110.5479278564 -7.6943259239 173.6261291504 0.0000000000 0.0000000000 0.0000000000 0.0000000000
-48.3494873047 110.6194305420 -7.7337808609 173.5211029053 0.0000000000 0.0000000000 0.0000000000 0.0000000000
-48.4066085815 110.6907043457 -7.7893862724 173.4119262695 0.0000000000 0.0000000000 0.0000000000 0.0000000000
-48.4634246826 110.7617111206 -7.8374905586 173.3071746826 0.0000000000 0.0000000000 0.0000000000 0.0000000000
-48.5199317932 110.8326034546 -7.8655529022 173.2143096924 0.0000000000 0.0000000000 0.0000000000 0.0000000000
-48.5761795044 110.9033203125 -7.8982377052 173.1233825684 0.0000000000 0.0000000000 0.0000000000 0.0000000000
-48.6322288513 110.9738464355 -7.9379649162 173.0323791504 0.0000000000 0.0000000000 0.0000000000 0.0000000000
-48.6880378723 111.0441207886 -7.9612646103 172.9435424805 0.0000000000 0.0000000000 0.0000000000 0.0000000000
-48.7435874939 111.1140213013 -7.9797511101 172.8493194580 0.0000000000 0.0000000000 0.0000000000 0.0000000000
-48.7989196777 111.1836242676 -8.0164413452 172.7443847656 0.0000000000 0.0000000000 0.0000000000 0.0000000000
-48.8540687561 111.2529449463 -8.0633077621 172.6339416504 0.0000000000 0.0000000000 0.0000000000 0.0000000000
-48.9089660645 111.3219451904 -8.1056451797 172.5271148682 0.0000000000 0.0000000000 0.0000000000 0.0000000000
-48.9635581970 111.3905944824 -8.1455068588 172.4266967773 0.0000000000 0.0000000000 0.0000000000 0.0000000000
-49.0178451538 111.4589462280 -8.1787519455 172.3340454102 0.0000000000 0.0000000000 0.0000000000 0.0000000000
-49.0719184875 111.5271148682 -8.2079849243 172.2483520508 0.0000000000 0.0000000000 0.0000000000 0.0000000000
-49.1258316040 111.5950775146 -8.2356309891 172.1668701172 0.0000000000 0.0000000000 0.0000000000 0.0000000000
-49.1796188354 111.6628189087 -8.2675704956 172.0852203369 0.0000000000 0.0000000000 0.0000000000 0.0000000000
-49.2331390381 111.7302474976 -8.3004903793 172.0041503906 0.0000000000 0.0000000000 0.0000000000 0.0000000000
-49.2864341736 111.7974472046 -8.3417692184 171.9144134521 0.0000000000 0.0000000000 0.0000000000 0.0000000000
-49.3394737244 111.8643951416 -8.3805389404 171.8167572021 0.0000000000 0.0000000000 0.0000000000 0.0000000000
-49.3922805786 111.9310989380 -8.4192352295 171.7185211182 0.0000000000 0.0000000000 0.0000000000 0.0000000000
-49.4447898865 111.9974746704 -8.4568948746 171.6207885742 0.0000000000 0.0000000000 0.0000000000 0.0000000000
-49.4970130920 112.0635681152 -8.4975938797 171.5282287598 0.0000000000 0.0000000000 0.0000000000 0.0000000000
-49.5489120483 112.1293487549 -8.5296611786 171.4415740967 0.0000000000 0.0000000000 0.0000000000 0.0000000000
-49.6006278992 112.1947708130 -8.5601387024 171.3578948975 0.0000000000 0.0000000000 0.0000000000 0.0000000000
-49.6521682739 112.2598419189 -8.5879440308 171.2729644775 0.0000000000 0.0000000000 0.0000000000 0.0000000000
-49.7036132812 112.3245391846 -8.6102066040 171.1903076172 0.0000000000 0.0000000000 0.0000000000 0.0000000000
-49.7548980713 112.3888854980 -8.6378955841 171.1009063721 0.0000000000 0.0000000000 0.0000000000 0.0000000000
-49.8059082031 112.4529266357 -8.6834259033 171.0048370361 0.0000000000 0.0000000000 0.0000000000 0.0000000000
-49.8566513062 112.5166244507 -8.7338676453 170.9074554443 0.0000000000 0.0000000000 0.0000000000 0.0000000000
-49.9070625305 112.5799942017 -8.7790937424 170.8141174316 0.0000000000 0.0000000000 0.0000000000 0.0000000000
-49.9571266174 112.6430282593 -8.8159494400 170.7260589600 0.0000000000 0.0000000000 0.0000000000 0.0000000000
-50.0068283081 112.7057342529 -8.8428993225 170.6447448730 0.0000000000 0.0000000000 0.0000000000 0.0000000000
-50.0562057495 112.7681350708 -8.8723640442 170.5702514648 0.0000000000 0.0000000000 0.0000000000 0.0000000000
-50.1053657532 112.8302154541 -8.9053468704 170.4989624023 0.0000000000 0.0000000000 0.0000000000 0.0000000000
-50.1543464661 112.8919982910 -8.9404182434 170.4279937744 0.0000000000 0.0000000000 0.0000000000 0.0000000000
-50.2031593323 112.9534683228 -8.9663362503 170.3594665527 0.0000000000 0.0000000000 0.0000000000 0.0000000000
-50.2518005371 113.0147018433 -8.9860734940 170.2895507812 0.0000000000 0.0000000000 0.0000000000 0.0000000000
-50.3003349304 113.0756530762 -9.0083770752 170.2176971436 0.0000000000 0.0000000000 0.0000000000 0.0000000000
-50.3487548828 113.1363220215 -9.0408687592 170.1402893066 0.0000000000 0.0000000000 0.0000000000 0.0000000000
-50.3970413208 113.1967239380 -9.0820693970 170.0628662109 0.0000000000 0.0000000000 0.0000000000 0.0000000000
-50.4451828003 113.2569351196 -9.1232376099 169.9857940674 0.0000000000 0.0000000000 0.0000000000 0.0000000000
-50.4932708740 113.3168640137 -9.1506099701 169.9112396240 0.0000000000 0.0000000000 0.0000000000 0.0000000000
-50.5413360596 113.3764953613 -9.1648874283 169.8389129639 0.0000000000 0.0000000000 0.0000000000 0.0000000000
-50.5894203186 113.4358749390 -9.1901721954 169.7651519775 0.0000000000 0.0000000000 0.0000000000 0.0000000000
-50.6374168396 113.4949569702 -9.2244834900 169.6895599365 0.0000000000 0.0000000000 0.0000000000 0.0000000000
-50.6852340698 113.5537643433 -9.2563238144 169.6107025146 0.0000000000 0.0000000000 0.0000000000 0.0000000000
-50.7328796387 113.6122741699 -9.2892017365 169.5314178467 0.0000000000 0.0000000000 0.0000000000 0.0000000000
-50.7803459167 113.6704940796 -9.3287658691 169.4441986084 0.0000000000 0.0000000000 0.0000000000 0.0000000000
-50.8276786804 113.7283935547 -9.3676738739 169.3625183105 0.0000000000 0.0000000000 0.0000000000 0.0000000000
-50.8748168945 113.7859649658 -9.4005298615 169.2853240967 0.0000000000 0.0000000000 0.0000000000 0.0000000000
-50.9217071533 113.8432846069 -9.4346742630 169.2142028809 0.0000000000 0.0000000000 0.0000000000 0.0000000000
-50.9682464600 113.9004135132 -9.4628038406 169.1512908936 0.0000000000 0.0000000000 0.0000000000 0.0000000000
-51.0145454407 113.9572753906 -9.4821529388 169.0871734619 0.0000000000 0.0000000000 0.0000000000 0.0000000000
-51.0607604980 114.0138397217 -9.4944763184 169.0310974121 0.0000000000 0.0000000000 0.0000000000 0.0000000000
-51.1069717407 114.0701522827 -9.5226154327 168.9620513916 0.0000000000 0.0000000000 0.0000000000 0.0000000000
-51.1532211304 114.1261367798 -9.5569515228 168.8932952881 0.0000000000 0.0000000000 0.0000000000 0.0000000000
